Date,Time,Transaction,Item
30/10/2016,9:58:11,1,Bread
30/10/2016,10:05:34,2,Scandinavian
30/10/2016,10:05:34,2,Scandinavian
30/10/2016,10:07:57,3,Hot chocolate
30/10/2016,10:07:57,3,Jam
30/10/2016,10:07:57,3,Cookies
30/10/2016,10:08:41,4,Muffin
30/10/2016,10:13:03,5,Coffee
30/10/2016,10:13:03,5,Pastry
30/10/2016,10:13:03,5,Bread
30/10/2016,10:16:55,6,Medialuna
30/10/2016,10:16:55,6,Pastry
30/10/2016,10:16:55,6,Muffin
30/10/2016,10:19:12,7,Medialuna
30/10/2016,10:19:12,7,Pastry
30/10/2016,10:19:12,7,Coffee
30/10/2016,10:19:12,7,Tea
30/10/2016,10:20:51,8,Pastry
30/10/2016,10:20:51,8,Bread
30/10/2016,10:21:59,9,Bread
30/10/2016,10:21:59,9,Muffin
30/10/2016,10:25:58,10,Scandinavian
30/10/2016,10:25:58,10,Medialuna
30/10/2016,10:27:21,11,Bread
30/10/2016,10:27:21,11,Medialuna
30/10/2016,10:27:21,11,Bread
30/10/2016,10:30:14,12,Jam
30/10/2016,10:30:14,12,Coffee
30/10/2016,10:30:14,12,Tartine
30/10/2016,10:30:14,12,Pastry
30/10/2016,10:30:14,12,Tea
30/10/2016,10:31:24,13,Basket
30/10/2016,10:31:24,13,Bread
30/10/2016,10:31:24,13,Coffee
30/10/2016,10:32:46,14,Bread
30/10/2016,10:32:46,14,Medialuna
30/10/2016,10:32:46,14,Pastry
30/10/2016,10:34:36,15,Mineral water
30/10/2016,10:34:36,15,Scandinavian
30/10/2016,10:37:08,16,Bread
30/10/2016,10:37:08,16,Medialuna
30/10/2016,10:37:08,16,Coffee
30/10/2016,10:38:04,17,Hot chocolate
30/10/2016,10:41:56,18,Farm House
30/10/2016,10:43:08,19,Farm House
30/10/2016,10:43:08,19,Bread
30/10/2016,10:45:22,20,Bread
30/10/2016,10:45:22,20,Medialuna
30/10/2016,10:49:29,21,Coffee
30/10/2016,10:49:29,21,Coffee
30/10/2016,10:49:29,21,Medialuna
30/10/2016,10:49:29,21,Bread
30/10/2016,10:52:15,22,Jam
30/10/2016,10:53:49,23,Scandinavian
30/10/2016,10:53:49,23,Muffin
30/10/2016,10:54:33,24,Bread
30/10/2016,10:55:22,25,Scandinavian
30/10/2016,10:56:08,26,Fudge
30/10/2016,11:02:19,27,Scandinavian
30/10/2016,11:03:24,28,Coffee
30/10/2016,11:03:24,28,Bread
30/10/2016,11:05:30,29,Bread
30/10/2016,11:05:30,29,Jam
30/10/2016,11:07:19,30,Bread
30/10/2016,11:12:56,31,Basket
30/10/2016,11:16:15,32,Scandinavian
30/10/2016,11:16:15,32,Muffin
30/10/2016,11:22:49,33,Coffee
30/10/2016,11:25:45,34,Coffee
30/10/2016,11:25:45,34,Muffin
30/10/2016,11:27:34,35,Muffin
30/10/2016,11:27:34,35,Scandinavian
30/10/2016,11:33:08,36,Tea
30/10/2016,11:33:08,36,Bread
30/10/2016,11:37:10,37,Coffee
30/10/2016,11:37:10,37,Bread
30/10/2016,11:42:40,38,Bread
30/10/2016,11:42:40,38,Tea
30/10/2016,11:44:31,39,Scandinavian
30/10/2016,11:55:51,40,Juice
30/10/2016,11:55:51,40,Tartine
30/10/2016,11:55:51,40,Coffee
30/10/2016,11:55:51,40,Muffin
30/10/2016,11:57:06,41,Scandinavian
30/10/2016,11:57:45,42,Bread
30/10/2016,11:57:45,42,Tea
30/10/2016,12:00:22,43,Scandinavian
30/10/2016,12:00:22,43,Fudge
30/10/2016,12:05:47,44,Coffee
30/10/2016,12:05:47,44,Medialuna
30/10/2016,12:08:36,45,Coffee
30/10/2016,12:08:36,45,Hot chocolate
30/10/2016,12:08:36,45,Medialuna
30/10/2016,12:09:04,46,Coffee
30/10/2016,12:15:29,47,Ella's Kitchen Pouches
30/10/2016,12:15:29,47,Juice
30/10/2016,12:15:29,47,Bread
30/10/2016,12:15:29,47,Muffin
30/10/2016,12:15:29,47,Jam
30/10/2016,12:17:02,48,Coffee
30/10/2016,12:23:01,49,Coffee
30/10/2016,12:23:01,49,Coffee
30/10/2016,12:23:01,49,Medialuna
30/10/2016,12:25:11,50,Bread
30/10/2016,12:25:11,50,Victorian Sponge
30/10/2016,12:26:58,51,Bread
30/10/2016,12:28:07,52,Scandinavian
30/10/2016,12:33:08,54,Bread
30/10/2016,12:38:06,55,Frittata
30/10/2016,12:38:06,55,Coffee
30/10/2016,12:38:06,55,Tea
30/10/2016,12:38:06,55,Hearty & Seasonal
30/10/2016,12:39:27,56,Coffee
30/10/2016,12:39:27,56,Frittata
30/10/2016,12:45:48,57,Scandinavian
30/10/2016,12:59:29,58,Victorian Sponge
30/10/2016,12:59:29,58,Hot chocolate
30/10/2016,12:59:29,58,Tea
30/10/2016,12:59:29,58,Soup
30/10/2016,13:02:04,59,Tea
30/10/2016,13:14:04,60,Cookies
30/10/2016,13:14:04,60,Coffee
30/10/2016,13:14:04,60,Juice
30/10/2016,13:14:04,60,Coffee
30/10/2016,13:15:38,61,Coffee
30/10/2016,13:24:00,62,Pick and Mix Bowls
30/10/2016,13:24:00,62,Hearty & Seasonal
30/10/2016,13:24:00,62,Hearty & Seasonal
30/10/2016,13:24:00,62,Coffee
30/10/2016,13:24:00,62,Smoothies
30/10/2016,13:24:00,62,Coffee
30/10/2016,13:33:12,63,Coffee
30/10/2016,13:34:07,64,Cake
30/10/2016,13:37:25,65,Tartine
30/10/2016,13:37:25,65,Mighty Protein
30/10/2016,13:37:25,65,Tea
30/10/2016,13:37:25,65,Coffee
30/10/2016,13:40:20,66,Hearty & Seasonal
30/10/2016,13:40:20,66,Frittata
30/10/2016,13:40:20,66,Mineral water
30/10/2016,13:46:48,67,Hearty & Seasonal
30/10/2016,13:46:48,67,Mineral water
30/10/2016,13:46:48,67,Muffin
30/10/2016,13:49:36,68,Frittata
30/10/2016,13:49:36,68,Coffee
30/10/2016,13:49:36,68,Tea
30/10/2016,13:49:36,68,Scandinavian
30/10/2016,13:49:36,68,Chicken sand
30/10/2016,13:51:49,69,Bread
30/10/2016,13:51:49,69,Tea
30/10/2016,13:51:49,69,Victorian Sponge
30/10/2016,13:54:42,70,Fudge
30/10/2016,13:56:08,71,Muffin
30/10/2016,14:21:38,72,Coffee
30/10/2016,14:21:38,72,Bread
30/10/2016,14:22:39,73,Bread
30/10/2016,14:24:03,74,Coffee
30/10/2016,14:24:03,74,Bread
30/10/2016,14:32:26,75,Jam
30/10/2016,14:32:26,75,Frittata
30/10/2016,14:32:49,76,Coffee
30/10/2016,14:35:36,77,Scandinavian
30/10/2016,14:42:29,78,Fudge
30/10/2016,14:45:44,79,Fudge
30/10/2016,14:45:44,79,Tea
30/10/2016,14:45:44,79,Coffee
30/10/2016,14:45:44,79,Muffin
30/10/2016,14:48:40,80,Frittata
30/10/2016,14:48:40,80,Bread
30/10/2016,14:48:40,80,Coffee
31/10/2016,8:28:31,81,Coffee
31/10/2016,8:28:31,81,Cake
31/10/2016,8:47:05,82,Tartine
31/10/2016,8:47:05,82,Bread
31/10/2016,8:57:47,83,Coffee
31/10/2016,8:57:47,83,Bread
31/10/2016,9:04:06,84,Bread
31/10/2016,9:10:09,85,Coffee
31/10/2016,9:10:09,85,Coffee
31/10/2016,9:10:09,85,Pastry
31/10/2016,9:10:09,85,Medialuna
31/10/2016,9:11:08,86,Juice
31/10/2016,9:12:56,87,Bread
31/10/2016,9:16:01,88,Coffee
31/10/2016,9:16:01,88,Coffee
31/10/2016,9:16:01,88,Jam
31/10/2016,9:19:41,89,Bread
31/10/2016,9:20:12,90,Bread
31/10/2016,9:20:12,90,Coffee
31/10/2016,9:22:48,91,Tea
31/10/2016,9:27:11,92,Coffee
31/10/2016,9:29:23,93,Bread
31/10/2016,9:29:23,93,Coke
31/10/2016,9:39:09,94,Coffee
31/10/2016,9:39:09,94,Coffee
31/10/2016,9:43:37,95,Tea
31/10/2016,9:43:37,95,Pastry
31/10/2016,9:43:37,95,Farm House
31/10/2016,9:46:48,96,Pastry
31/10/2016,9:46:48,96,Pastry
31/10/2016,9:46:48,96,Coffee
31/10/2016,9:46:48,96,Juice
31/10/2016,9:51:11,97,Coffee
31/10/2016,9:51:11,97,Pastry
31/10/2016,9:51:11,97,Juice
31/10/2016,9:52:22,98,Farm House
31/10/2016,9:56:37,99,Pastry
31/10/2016,9:56:37,99,Pastry
31/10/2016,9:56:37,99,Coffee
31/10/2016,9:56:37,99,Bread
31/10/2016,9:58:06,100,Bread
31/10/2016,10:04:02,101,Coffee
31/10/2016,10:04:02,101,Pastry
31/10/2016,10:04:44,102,Farm House
31/10/2016,10:07:40,103,Bread
31/10/2016,10:12:48,104,Coffee
31/10/2016,10:12:48,104,Coffee
31/10/2016,10:12:48,104,Medialuna
31/10/2016,10:12:48,104,Muffin
31/10/2016,10:12:48,104,Coffee
31/10/2016,10:21:29,105,Coffee
31/10/2016,10:21:29,105,Tea
31/10/2016,10:21:29,105,Cake
31/10/2016,10:24:21,106,Coffee
31/10/2016,10:24:21,106,Coffee
31/10/2016,10:24:21,106,Pastry
31/10/2016,10:24:21,106,Pastry
31/10/2016,10:27:30,107,Coffee
31/10/2016,10:27:30,107,Tea
31/10/2016,10:31:05,108,Farm House
31/10/2016,10:31:05,108,Muffin
31/10/2016,10:35:23,109,Bread
31/10/2016,10:35:23,109,Muffin
31/10/2016,10:35:23,109,Pastry
31/10/2016,10:36:37,110,Pastry
31/10/2016,10:38:09,111,Coffee
31/10/2016,10:59:17,112,Coffee
31/10/2016,11:02:37,113,Coffee
31/10/2016,11:02:37,113,Cake
31/10/2016,11:05:45,114,Farm House
31/10/2016,11:08:53,115,Bread
31/10/2016,11:11:01,116,Coffee
31/10/2016,11:13:08,117,Cookies
31/10/2016,11:13:08,117,Cake
31/10/2016,11:13:08,117,Coffee
31/10/2016,11:13:08,117,My-5 Fruit Shoot
31/10/2016,11:18:29,118,Cookies
31/10/2016,11:18:29,118,Cookies
31/10/2016,11:18:29,118,Tea
31/10/2016,11:18:29,118,Pastry
31/10/2016,11:25:56,119,Coffee
31/10/2016,11:25:56,119,Coffee
31/10/2016,11:25:56,119,Muffin
31/10/2016,11:29:01,120,Farm House
31/10/2016,11:30:59,121,Coffee
31/10/2016,11:30:59,121,Bread
31/10/2016,11:37:30,122,Cookies
31/10/2016,11:42:05,123,Jam
31/10/2016,11:42:05,123,Coffee
31/10/2016,11:42:05,123,Coffee
31/10/2016,11:42:05,123,Juice
31/10/2016,11:43:10,124,Coffee
31/10/2016,11:43:10,124,Soup
31/10/2016,11:47:18,125,Tea
31/10/2016,11:52:43,126,Coffee
31/10/2016,11:52:43,126,Jam
31/10/2016,11:53:11,127,Farm House
31/10/2016,11:55:00,128,Tartine
31/10/2016,11:55:00,128,Coffee
31/10/2016,11:55:00,128,Tea
31/10/2016,11:59:23,129,Coffee
31/10/2016,11:59:23,129,Coffee
31/10/2016,11:59:23,129,Cake
31/10/2016,12:03:12,130,Coffee
31/10/2016,12:03:12,130,Coffee
31/10/2016,12:03:12,130,Muffin
31/10/2016,12:08:28,131,Bread
31/10/2016,12:08:28,131,Coffee
31/10/2016,12:14:20,132,Tea
31/10/2016,12:14:20,132,Juice
31/10/2016,12:14:20,132,Pick and Mix Bowls
31/10/2016,12:14:20,132,Cookies
31/10/2016,12:16:32,133,Hearty & Seasonal
31/10/2016,12:16:32,133,Soup
31/10/2016,12:19:37,134,Hearty & Seasonal
31/10/2016,12:19:37,134,Tea
31/10/2016,12:19:37,134,Farm House
31/10/2016,12:20:21,135,Bread
31/10/2016,12:27:41,136,Tea
31/10/2016,12:27:41,136,Soup
31/10/2016,12:37:07,137,Farm House
31/10/2016,12:43:35,138,Soup
31/10/2016,12:43:35,138,Hearty & Seasonal
31/10/2016,12:43:35,138,Coffee
31/10/2016,12:50:57,139,Bread
31/10/2016,12:50:57,139,Muffin
31/10/2016,12:50:57,139,Hearty & Seasonal
31/10/2016,12:53:33,140,Coffee
31/10/2016,12:53:33,140,Coffee
31/10/2016,12:53:33,140,Cookies
31/10/2016,12:54:28,141,Bread
31/10/2016,12:56:47,142,Tea
31/10/2016,12:56:47,142,Muffin
31/10/2016,12:59:08,143,Tea
31/10/2016,13:02:11,144,Soup
31/10/2016,13:02:11,144,Hearty & Seasonal
31/10/2016,13:05:49,145,Coffee
31/10/2016,13:05:49,145,Tea
31/10/2016,13:05:49,145,Focaccia
31/10/2016,13:08:30,146,Sandwich
31/10/2016,13:09:31,147,Tartine
31/10/2016,13:09:31,147,Coffee
31/10/2016,13:21:17,148,Fudge
31/10/2016,13:21:17,148,Coffee
31/10/2016,13:21:17,148,Coffee
31/10/2016,13:26:03,149,Coffee
31/10/2016,13:31:33,150,Bread
31/10/2016,13:50:17,151,Coke
31/10/2016,13:50:17,151,Soup
31/10/2016,13:51:18,152,Muffin
31/10/2016,13:55:22,153,Tea
31/10/2016,13:55:22,153,Coffee
31/10/2016,13:55:22,153,Cookies
31/10/2016,13:55:22,153,Muffin
31/10/2016,14:00:21,154,Mighty Protein
31/10/2016,14:00:21,154,Hearty & Seasonal
31/10/2016,14:00:21,154,Coffee
31/10/2016,14:00:21,154,Coke
31/10/2016,14:01:30,155,Tea
31/10/2016,14:01:30,155,Muffin
31/10/2016,14:01:30,155,Sandwich
31/10/2016,14:04:16,156,Coffee
31/10/2016,14:04:16,156,Muffin
31/10/2016,14:05:07,157,Coffee
31/10/2016,14:05:07,157,Bread
31/10/2016,14:20:29,158,Coffee
31/10/2016,14:20:29,158,Muffin
31/10/2016,14:22:31,159,Bread
31/10/2016,14:22:31,159,Hot chocolate
31/10/2016,14:22:31,159,Cookies
31/10/2016,14:35:27,160,Mineral water
31/10/2016,14:35:27,160,Muffin
31/10/2016,14:42:34,161,Tea
31/10/2016,14:44:48,162,Muffin
31/10/2016,14:47:16,163,Coffee
31/10/2016,14:47:16,163,Juice
31/10/2016,14:47:36,164,Coffee
31/10/2016,14:47:36,164,Muffin
31/10/2016,14:48:49,165,Tea
31/10/2016,14:49:28,166,Coffee
31/10/2016,14:49:28,166,Muffin
31/10/2016,14:50:42,167,Sandwich
31/10/2016,14:50:42,167,Hearty & Seasonal
31/10/2016,14:50:42,167,Bread
31/10/2016,14:50:42,167,Mineral water
31/10/2016,14:56:25,168,Tea
31/10/2016,14:56:25,168,Coffee
31/10/2016,15:05:17,169,Mineral water
31/10/2016,15:16:49,170,Coffee
31/10/2016,15:20:16,171,Soup
31/10/2016,15:20:16,171,Tea
31/10/2016,17:06:47,172,Bread
31/10/2016,17:06:47,172,Coffee
31/10/2016,17:08:09,173,Bread
31/10/2016,17:08:09,173,Muffin
31/10/2016,17:40:21,174,Coffee
31/10/2016,17:49:42,175,Bread
31/10/2016,18:22:24,176,Cookies
31/10/2016,18:22:24,176,Coffee
1/11/2016,7:51:20,178,Coffee
1/11/2016,7:51:20,178,Pastry
1/11/2016,8:20:50,179,Coffee
1/11/2016,8:20:50,179,Pastry
1/11/2016,8:22:28,180,Jam
1/11/2016,8:22:28,180,Tea
1/11/2016,8:45:20,181,Tea
1/11/2016,8:45:20,181,Tea
1/11/2016,9:07:47,182,Pastry
1/11/2016,9:07:47,182,Pastry
1/11/2016,9:07:47,182,Ella's Kitchen Pouches
1/11/2016,9:09:26,183,Pastry
1/11/2016,9:26:03,184,Farm House
1/11/2016,9:26:03,184,Tea
1/11/2016,9:29:25,185,Tea
1/11/2016,9:29:25,185,Victorian Sponge
1/11/2016,9:43:13,186,Tea
1/11/2016,9:43:13,186,Pastry
1/11/2016,10:02:27,187,Bread
1/11/2016,10:04:05,188,Coffee
1/11/2016,10:29:02,189,Bread
1/11/2016,10:29:02,189,Coffee
1/11/2016,10:34:53,190,Coffee
1/11/2016,10:34:53,190,Pastry
1/11/2016,10:34:53,190,Pastry
1/11/2016,10:50:50,191,Soup
1/11/2016,10:50:50,191,Tea
1/11/2016,10:56:08,192,Bread
1/11/2016,11:00:48,193,Coffee
1/11/2016,11:04:36,194,Bread
1/11/2016,11:04:36,194,Bread
1/11/2016,11:06:09,195,Bread
1/11/2016,11:06:09,195,Scandinavian
1/11/2016,11:08:18,196,Bread
1/11/2016,11:08:18,196,Cake
1/11/2016,11:08:18,196,Cookies
1/11/2016,11:10:11,197,Coffee
1/11/2016,11:10:11,197,Coffee
1/11/2016,11:10:11,197,Tea
1/11/2016,11:11:58,198,Coffee
1/11/2016,11:11:58,198,Cookies
1/11/2016,11:13:20,199,Coffee
1/11/2016,11:16:30,200,Bread
1/11/2016,11:22:36,201,Coffee
1/11/2016,11:22:36,201,Pastry
1/11/2016,11:23:19,202,Coffee
1/11/2016,11:23:19,202,Coffee
1/11/2016,11:25:53,203,Coffee
1/11/2016,11:30:00,204,Scandinavian
1/11/2016,11:30:00,204,Bread
1/11/2016,11:49:31,205,Coffee
1/11/2016,11:49:31,205,Coffee
1/11/2016,11:49:31,205,Pastry
1/11/2016,11:54:17,206,Scandinavian
1/11/2016,11:54:17,206,Coffee
1/11/2016,11:54:17,206,Pastry
1/11/2016,12:03:37,207,Hearty & Seasonal
1/11/2016,12:03:37,207,Coffee
1/11/2016,12:03:37,207,Muffin
1/11/2016,12:10:09,208,Bread
1/11/2016,12:10:38,209,Coffee
1/11/2016,12:12:26,210,Scandinavian
1/11/2016,12:15:36,211,Soup
1/11/2016,12:15:36,211,Coffee
1/11/2016,12:20:30,212,Coffee
1/11/2016,12:20:30,212,Cookies
1/11/2016,12:20:30,212,Tartine
1/11/2016,12:22:04,213,Bread
1/11/2016,12:26:43,214,Bread
1/11/2016,12:26:43,214,Tea
1/11/2016,12:26:43,214,Tea
1/11/2016,12:30:30,215,Pastry
1/11/2016,12:30:30,215,Coffee
1/11/2016,12:31:30,216,Tartine
1/11/2016,12:31:30,216,Coffee
1/11/2016,12:33:31,217,Bread
1/11/2016,12:33:31,217,Cookies
1/11/2016,12:37:29,218,Sandwich
1/11/2016,12:41:16,219,Tartine
1/11/2016,12:49:16,220,Bread
1/11/2016,12:49:16,220,Pastry
1/11/2016,12:53:18,221,Bread
1/11/2016,12:53:18,221,Scandinavian
1/11/2016,13:08:46,222,Scandinavian
1/11/2016,13:11:34,223,Alfajores
1/11/2016,13:11:34,223,Coffee
1/11/2016,13:15:08,224,Coffee
1/11/2016,13:19:00,225,Coffee
1/11/2016,13:19:00,225,Coke
1/11/2016,13:19:00,225,Soup
1/11/2016,13:21:52,226,Cake
1/11/2016,13:31:35,227,Tea
1/11/2016,13:31:35,227,Sandwich
1/11/2016,13:31:35,227,Soup
1/11/2016,13:33:54,228,Coffee
1/11/2016,13:37:48,229,Hearty & Seasonal
1/11/2016,13:37:48,229,Bread
1/11/2016,13:41:53,230,Alfajores
1/11/2016,13:45:21,231,Cake
1/11/2016,14:10:03,232,Tea
1/11/2016,14:10:03,232,Tea
1/11/2016,14:10:03,232,Bread
1/11/2016,14:13:26,233,Coffee
1/11/2016,14:13:26,233,Tea
1/11/2016,14:13:26,233,Bread
1/11/2016,14:13:26,233,Soup
1/11/2016,14:14:01,234,Coffee
1/11/2016,14:14:01,234,Coffee
1/11/2016,14:18:52,235,Scandinavian
1/11/2016,14:22:07,236,Fudge
1/11/2016,14:25:14,237,Coffee
1/11/2016,14:25:14,237,Sandwich
1/11/2016,14:37:16,238,Tea
1/11/2016,14:37:16,238,Bread
1/11/2016,14:37:16,238,Cookies
1/11/2016,14:37:16,238,Pastry
1/11/2016,14:37:26,239,Muffin
1/11/2016,14:42:31,240,Scandinavian
1/11/2016,14:54:33,241,Jam
1/11/2016,14:54:33,241,Tea
1/11/2016,15:02:23,242,Juice
1/11/2016,15:02:23,242,Tea
1/11/2016,15:02:23,242,Alfajores
1/11/2016,15:18:43,243,Cake
1/11/2016,15:18:43,243,Muffin
1/11/2016,15:18:43,243,Coffee
1/11/2016,15:18:43,243,Soup
1/11/2016,15:33:18,244,Hot chocolate
1/11/2016,15:33:18,244,Cake
1/11/2016,15:33:18,244,Coffee
1/11/2016,15:37:30,245,Cake
1/11/2016,15:37:30,245,Cookies
1/11/2016,15:48:44,246,Tea
1/11/2016,15:48:44,246,Bread
1/11/2016,16:07:11,247,Alfajores
1/11/2016,16:07:11,247,Coffee
1/11/2016,16:07:11,247,Coffee
1/11/2016,16:07:11,247,Coffee
1/11/2016,16:07:11,247,Juice
1/11/2016,16:08:22,248,Coffee
1/11/2016,16:08:22,248,Tea
1/11/2016,16:08:22,248,Soup
1/11/2016,16:10:03,249,Hot chocolate
1/11/2016,16:10:42,250,Cookies
1/11/2016,16:26:55,251,Coffee
1/11/2016,16:26:55,251,Medialuna
1/11/2016,16:28:57,252,Bread
1/11/2016,16:28:57,252,Eggs
1/11/2016,17:46:13,253,Scandinavian
1/11/2016,18:43:55,254,Medialuna
2/11/2016,8:02:20,255,Coffee
2/11/2016,8:02:20,255,Coffee
2/11/2016,8:02:20,255,Pastry
2/11/2016,8:05:03,256,Coffee
2/11/2016,8:05:03,256,Bread
2/11/2016,8:07:05,257,Bread
2/11/2016,8:07:05,257,Coffee
2/11/2016,8:07:05,257,Pastry
2/11/2016,8:08:45,258,Coffee
2/11/2016,8:08:45,258,Pastry
2/11/2016,8:11:35,259,Pastry
2/11/2016,8:12:03,260,Coffee
2/11/2016,8:12:51,261,Coffee
2/11/2016,8:29:04,262,Coffee
2/11/2016,8:29:04,262,Hot chocolate
2/11/2016,8:29:04,262,Pastry
2/11/2016,8:53:32,263,Coke
2/11/2016,9:02:24,264,Coffee
2/11/2016,9:02:24,264,Jam
2/11/2016,9:03:13,265,Tea
2/11/2016,9:05:25,266,Bread
2/11/2016,9:05:25,266,Pastry
2/11/2016,9:18:53,267,Coffee
2/11/2016,9:18:53,267,Alfajores
2/11/2016,9:18:53,267,Farm House
2/11/2016,9:22:47,268,Tea
2/11/2016,9:22:47,268,Pastry
2/11/2016,9:25:31,269,Bread
2/11/2016,9:27:58,270,Coffee
2/11/2016,9:27:58,270,Jam
2/11/2016,9:33:47,271,Coffee
2/11/2016,9:33:47,271,Tea
2/11/2016,9:33:47,271,Coffee
2/11/2016,9:33:47,271,Pastry
2/11/2016,9:35:10,272,Farm House
2/11/2016,9:52:58,274,Coffee
2/11/2016,9:52:58,274,Bread
2/11/2016,9:52:58,274,Pastry
2/11/2016,9:53:28,275,Farm House
2/11/2016,9:54:47,276,Coffee
2/11/2016,9:54:47,276,Coffee
2/11/2016,9:54:47,276,Pastry
2/11/2016,10:12:15,277,Farm House
2/11/2016,10:13:27,278,Coffee
2/11/2016,10:13:27,278,Pastry
2/11/2016,10:15:48,279,Coffee
2/11/2016,10:17:22,280,Coffee
2/11/2016,10:17:22,280,Pastry
2/11/2016,10:29:56,281,Bread
2/11/2016,10:29:56,281,Bread
2/11/2016,10:37:45,282,Bread
2/11/2016,10:37:45,282,Coffee
2/11/2016,10:37:45,282,Pastry
2/11/2016,10:44:50,283,Pastry
2/11/2016,10:44:50,283,Coffee
2/11/2016,10:48:08,284,Coffee
2/11/2016,10:48:08,284,Farm House
2/11/2016,10:52:20,285,Farm House
2/11/2016,10:52:20,285,Farm House
2/11/2016,10:52:20,285,Pastry
2/11/2016,10:53:48,286,Bread
2/11/2016,10:53:48,286,Juice
2/11/2016,10:53:48,286,Alfajores
2/11/2016,10:56:40,287,Coffee
2/11/2016,10:56:40,287,Pastry
2/11/2016,10:59:16,288,Bread
2/11/2016,10:59:16,288,Alfajores
2/11/2016,11:00:57,289,Bread
2/11/2016,11:03:49,290,Coffee
2/11/2016,11:03:49,290,Cookies
2/11/2016,11:04:47,291,Coffee
2/11/2016,11:15:13,292,Cookies
2/11/2016,11:29:15,293,Hearty & Seasonal
2/11/2016,11:35:36,294,Coffee
2/11/2016,11:39:45,295,Jam
2/11/2016,11:39:45,295,Tartine
2/11/2016,11:39:45,295,Bread
2/11/2016,11:58:42,296,Farm House
2/11/2016,11:58:42,296,Scandinavian
2/11/2016,12:06:51,297,Hearty & Seasonal
2/11/2016,12:06:51,297,Coffee
2/11/2016,12:06:51,297,Muffin
2/11/2016,12:06:51,297,Scandinavian
2/11/2016,12:11:56,298,Tartine
2/11/2016,12:11:56,298,Pick and Mix Bowls
2/11/2016,12:11:56,298,Coffee
2/11/2016,12:11:56,298,Coke
2/11/2016,12:14:15,299,Bread
2/11/2016,12:18:15,300,Scandinavian
2/11/2016,12:18:15,300,Farm House
2/11/2016,12:18:15,300,Alfajores
2/11/2016,12:18:15,300,Coffee
2/11/2016,12:18:15,300,Coffee
2/11/2016,12:24:06,301,Juice
2/11/2016,12:24:06,301,Mineral water
2/11/2016,12:24:06,301,Soup
2/11/2016,12:27:31,302,Soup
2/11/2016,12:27:31,302,Tea
2/11/2016,12:30:42,303,Juice
2/11/2016,12:30:42,303,Tea
2/11/2016,12:30:42,303,Cookies
2/11/2016,12:30:42,303,Soup
2/11/2016,12:33:51,304,Hearty & Seasonal
2/11/2016,12:33:51,304,Tea
2/11/2016,12:35:41,305,Fudge
2/11/2016,12:39:02,306,Coffee
2/11/2016,12:39:02,306,Mineral water
2/11/2016,12:39:02,306,Juice
2/11/2016,12:39:02,306,Soup
2/11/2016,12:52:44,307,Hearty & Seasonal
2/11/2016,12:54:49,308,Hearty & Seasonal
2/11/2016,12:54:49,308,Smoothies
2/11/2016,12:56:40,309,Hearty & Seasonal
2/11/2016,12:56:40,309,Tea
2/11/2016,13:02:57,310,Coffee
2/11/2016,13:02:57,310,Sandwich
2/11/2016,13:02:57,310,Sandwich
2/11/2016,13:09:40,311,Cookies
2/11/2016,13:09:40,311,Farm House
2/11/2016,13:11:57,312,Soup
2/11/2016,13:11:57,312,Tea
2/11/2016,13:11:57,312,Juice
2/11/2016,13:12:44,313,Soup
2/11/2016,13:16:48,314,Coffee
2/11/2016,13:23:56,316,Bread
2/11/2016,13:42:15,317,Cookies
2/11/2016,13:42:15,317,Tea
2/11/2016,13:46:42,318,Soup
2/11/2016,13:46:42,318,Hearty & Seasonal
2/11/2016,13:46:42,318,Bread
2/11/2016,13:50:59,319,Coffee
2/11/2016,13:58:39,320,Coffee
2/11/2016,14:00:37,321,Coffee
2/11/2016,14:00:37,321,Tea
2/11/2016,14:01:20,322,Bread
2/11/2016,14:05:20,323,Tea
2/11/2016,14:11:14,324,Coffee
2/11/2016,14:11:14,324,Tea
2/11/2016,14:11:50,325,Coffee
2/11/2016,14:34:44,326,Fudge
2/11/2016,15:03:25,327,Tea
2/11/2016,15:25:57,328,Soup
2/11/2016,15:25:57,328,Tea
2/11/2016,15:33:54,329,Juice
2/11/2016,15:46:22,330,Alfajores
2/11/2016,15:57:42,331,Bread
2/11/2016,16:25:49,332,Coffee
2/11/2016,16:25:49,332,Alfajores
2/11/2016,16:54:35,333,Juice
2/11/2016,16:54:35,333,Alfajores
2/11/2016,16:54:35,333,Cookies
2/11/2016,16:54:35,333,Pick and Mix Bowls
2/11/2016,16:54:35,333,Mineral water
2/11/2016,17:01:56,334,Coffee
2/11/2016,17:01:56,334,Alfajores
2/11/2016,17:41:01,335,Fudge
2/11/2016,18:08:40,336,Mighty Protein
2/11/2016,18:08:40,336,Juice
2/11/2016,18:13:04,337,Coffee
2/11/2016,18:13:04,337,Mineral water
2/11/2016,18:13:04,337,Alfajores
2/11/2016,18:19:43,338,Mighty Protein
2/11/2016,18:19:43,338,Coffee
2/11/2016,18:40:02,339,Alfajores
3/11/2016,7:46:50,340,Coffee
3/11/2016,7:46:50,340,Bread
3/11/2016,7:50:50,341,Medialuna
3/11/2016,7:50:50,341,Medialuna
3/11/2016,8:01:08,342,Medialuna
3/11/2016,8:01:08,342,Bread
3/11/2016,8:07:16,343,Farm House
3/11/2016,8:08:26,344,Coffee
3/11/2016,8:08:26,344,Pastry
3/11/2016,8:09:59,345,Farm House
3/11/2016,8:15:21,346,Coffee
3/11/2016,8:15:21,346,Coffee
3/11/2016,8:15:21,346,Pastry
3/11/2016,8:15:21,346,Pastry
3/11/2016,8:15:21,346,Coffee
3/11/2016,8:40:43,347,Medialuna
3/11/2016,8:49:23,348,Bread
3/11/2016,8:49:23,348,Tea
3/11/2016,8:49:23,348,Sandwich
3/11/2016,8:54:40,349,Bread
3/11/2016,9:00:24,350,Jam
3/11/2016,9:00:24,350,Coffee
3/11/2016,9:00:24,350,Farm House
3/11/2016,9:02:32,351,Focaccia
3/11/2016,9:06:17,352,Bread
3/11/2016,9:08:32,353,Tartine
3/11/2016,9:08:32,353,Pastry
3/11/2016,9:08:32,353,Bread
3/11/2016,9:08:32,353,My-5 Fruit Shoot
3/11/2016,9:13:37,354,Farm House
3/11/2016,9:13:37,354,Pastry
3/11/2016,9:19:54,355,Bread
3/11/2016,9:19:54,355,Pastry
3/11/2016,9:24:38,356,Pastry
3/11/2016,9:24:38,356,Bread
3/11/2016,9:31:19,357,Jam
3/11/2016,9:31:19,357,Coffee
3/11/2016,9:34:00,358,Farm House
3/11/2016,9:34:56,359,Bread
3/11/2016,9:34:56,359,Pastry
3/11/2016,9:44:36,360,Coffee
3/11/2016,9:44:36,360,Tea
3/11/2016,9:44:36,360,Bread
3/11/2016,9:45:20,361,Jam
3/11/2016,9:57:55,363,Pastry
3/11/2016,9:57:55,363,Medialuna
3/11/2016,9:57:55,363,Medialuna
3/11/2016,9:59:18,364,Coffee
3/11/2016,10:01:12,365,Tea
3/11/2016,10:04:37,366,Bread
3/11/2016,10:10:26,367,Bread
3/11/2016,10:10:26,367,Pastry
3/11/2016,10:13:05,368,Pastry
3/11/2016,10:26:03,369,Farm House
3/11/2016,10:27:05,370,Tea
3/11/2016,10:39:12,371,Coffee
3/11/2016,10:39:12,371,Brownie
3/11/2016,10:39:12,371,Alfajores
3/11/2016,10:39:12,371,Fudge
3/11/2016,10:48:46,372,Bread
3/11/2016,10:48:46,372,Fudge
3/11/2016,10:48:46,372,Cookies
3/11/2016,11:03:49,373,Coffee
3/11/2016,11:05:44,374,Bread
3/11/2016,11:15:14,375,Coffee
3/11/2016,11:15:14,375,Coffee
3/11/2016,11:15:14,375,Jam
3/11/2016,11:15:14,375,Pastry
3/11/2016,11:20:31,376,Soup
3/11/2016,11:20:31,376,Coffee
3/11/2016,11:23:16,377,Smoothies
3/11/2016,11:23:16,377,Soup
3/11/2016,11:23:16,377,Hearty & Seasonal
3/11/2016,11:23:16,377,Pastry
3/11/2016,11:31:01,378,Pastry
3/11/2016,11:31:01,378,Bread
3/11/2016,11:47:18,379,Pastry
3/11/2016,11:47:18,379,Medialuna
3/11/2016,11:51:52,380,Tea
3/11/2016,11:51:52,380,Coffee
3/11/2016,11:53:09,381,Bread
3/11/2016,11:53:09,381,Cookies
3/11/2016,12:01:18,382,Coffee
3/11/2016,12:01:18,382,Coffee
3/11/2016,12:01:18,382,Bread
3/11/2016,12:01:18,382,Hearty & Seasonal
3/11/2016,12:01:18,382,Pick and Mix Bowls
3/11/2016,12:01:18,382,Sandwich
3/11/2016,12:01:18,382,Focaccia
3/11/2016,12:02:49,383,Coffee
3/11/2016,12:05:25,384,Coffee
3/11/2016,12:05:25,384,Sandwich
3/11/2016,12:05:25,384,Brownie
3/11/2016,12:07:24,385,Brownie
3/11/2016,12:07:24,385,Cookies
3/11/2016,12:12:03,386,Coffee
3/11/2016,12:16:15,387,Coffee
3/11/2016,12:23:47,388,Sandwich
3/11/2016,12:23:47,388,Bread
3/11/2016,12:23:47,388,Coffee
3/11/2016,12:37:58,389,Coffee
3/11/2016,12:37:58,389,Hot chocolate
3/11/2016,12:47:09,390,Tea
3/11/2016,13:02:37,391,Sandwich
3/11/2016,13:02:37,391,Coffee
3/11/2016,13:02:37,391,Brownie
3/11/2016,13:19:57,392,Brownie
3/11/2016,13:19:57,392,Pastry
3/11/2016,13:19:57,392,Focaccia
3/11/2016,13:19:57,392,Farm House
3/11/2016,13:30:57,393,Cake
3/11/2016,13:30:57,393,Focaccia
3/11/2016,13:35:48,394,Soup
3/11/2016,13:35:48,394,Hearty & Seasonal
3/11/2016,13:35:48,394,Mineral water
3/11/2016,13:36:09,395,Hearty & Seasonal
3/11/2016,13:37:53,396,Hearty & Seasonal
3/11/2016,13:41:42,397,Coffee
3/11/2016,13:41:42,397,Coffee
3/11/2016,13:41:42,397,Pastry
3/11/2016,14:00:26,398,Coffee
3/11/2016,14:03:07,399,Tea
3/11/2016,14:03:07,399,Cake
3/11/2016,14:09:44,400,Coffee
3/11/2016,14:09:44,400,Soup
3/11/2016,14:14:56,401,Bread
3/11/2016,14:14:56,401,Focaccia
3/11/2016,14:14:56,401,Fudge
3/11/2016,14:16:50,402,Hot chocolate
3/11/2016,14:16:50,402,Coffee
3/11/2016,14:16:50,402,Alfajores
3/11/2016,14:26:27,403,Brownie
3/11/2016,14:26:27,403,Pastry
3/11/2016,14:26:27,403,Cake
3/11/2016,14:40:15,404,Medialuna
3/11/2016,14:40:15,404,Alfajores
3/11/2016,14:40:15,404,Dulce de Leche
3/11/2016,14:41:13,405,Dulce de Leche
3/11/2016,14:41:13,405,Alfajores
3/11/2016,14:48:35,406,Bread
3/11/2016,14:48:35,406,Cake
3/11/2016,14:51:45,407,Cake
3/11/2016,14:51:45,407,Coffee
3/11/2016,15:00:24,408,Bread
3/11/2016,15:01:52,409,Sandwich
3/11/2016,15:06:48,410,Bread
3/11/2016,15:06:48,410,Coffee
3/11/2016,15:06:48,410,Alfajores
3/11/2016,15:06:48,410,Medialuna
3/11/2016,15:19:41,411,Coffee
3/11/2016,15:23:33,412,Bread
3/11/2016,15:23:33,412,Alfajores
3/11/2016,15:27:03,413,Tea
3/11/2016,15:27:03,413,Coffee
3/11/2016,15:33:17,414,Bread
3/11/2016,15:33:40,415,Dulce de Leche
3/11/2016,15:40:11,416,Farm House
3/11/2016,15:41:18,417,Fudge
3/11/2016,15:42:41,418,Coffee
3/11/2016,15:55:46,419,Coffee
3/11/2016,15:55:46,419,Alfajores
3/11/2016,15:55:46,419,Juice
3/11/2016,15:55:46,419,Ella's Kitchen Pouches
3/11/2016,15:55:46,419,Brownie
3/11/2016,15:59:29,420,Alfajores
3/11/2016,16:06:19,421,Alfajores
3/11/2016,16:06:19,421,Brownie
3/11/2016,16:06:19,421,Cookies
3/11/2016,16:06:19,421,Bread
3/11/2016,16:06:19,421,Juice
3/11/2016,16:10:01,422,Cake
3/11/2016,16:10:01,422,Cookies
3/11/2016,16:17:24,423,Pick and Mix Bowls
3/11/2016,16:28:32,424,Coffee
3/11/2016,16:42:40,425,Farm House
3/11/2016,17:15:20,426,Tea
3/11/2016,17:25:09,427,Coffee
3/11/2016,17:29:00,428,Focaccia
3/11/2016,17:29:00,428,Farm House
3/11/2016,17:32:25,429,Dulce de Leche
3/11/2016,17:40:05,430,Juice
3/11/2016,17:40:05,430,My-5 Fruit Shoot
3/11/2016,17:40:05,430,Ella's Kitchen Pouches
3/11/2016,17:40:05,430,Cookies
3/11/2016,17:45:07,431,Bread
3/11/2016,18:07:31,432,Hot chocolate
3/11/2016,18:08:19,433,Coffee
3/11/2016,18:51:13,435,Coffee
3/11/2016,19:00:19,436,Coffee
4/11/2016,7:32:33,437,Medialuna
4/11/2016,8:34:28,438,Bread
4/11/2016,8:34:28,438,Tea
4/11/2016,8:34:28,438,Jam
4/11/2016,8:36:49,439,Farm House
4/11/2016,8:40:07,440,Bread
4/11/2016,8:45:42,441,Coffee
4/11/2016,8:53:11,442,Medialuna
4/11/2016,8:53:11,442,Coffee
4/11/2016,9:02:15,443,Bread
4/11/2016,9:05:15,444,Medialuna
4/11/2016,9:05:15,444,Pastry
4/11/2016,9:05:15,444,Medialuna
4/11/2016,9:07:34,445,Coffee
4/11/2016,9:07:34,445,Coffee
4/11/2016,9:07:34,445,Jam
4/11/2016,9:08:17,446,Bread
4/11/2016,9:08:17,446,Coffee
4/11/2016,9:09:54,447,Coffee
4/11/2016,9:09:54,447,Coffee
4/11/2016,9:11:33,448,Bread
4/11/2016,9:13:17,449,Hot chocolate
4/11/2016,9:14:38,450,Bread
4/11/2016,9:14:38,450,Medialuna
4/11/2016,9:22:21,451,Bread
4/11/2016,9:22:21,451,Jam
4/11/2016,9:23:35,452,Jam
4/11/2016,9:23:35,452,Bread
4/11/2016,9:24:29,453,Coffee
4/11/2016,9:24:29,453,Bread
4/11/2016,9:29:16,454,Bread
4/11/2016,9:29:16,454,Farm House
4/11/2016,9:30:11,455,Bread
4/11/2016,9:30:11,455,Coffee
4/11/2016,9:30:11,455,Coffee
4/11/2016,9:38:45,456,Tea
4/11/2016,9:38:45,456,Pastry
4/11/2016,9:40:56,457,Coffee
4/11/2016,9:40:56,457,Coffee
4/11/2016,9:52:19,458,Bread
4/11/2016,9:55:18,459,Pastry
4/11/2016,9:55:18,459,Brownie
4/11/2016,10:01:40,460,Farm House
4/11/2016,10:01:57,461,Coffee
4/11/2016,10:10:37,462,Tea
4/11/2016,10:10:37,462,Coffee
4/11/2016,10:10:37,462,Honey
4/11/2016,10:10:37,462,Cookies
4/11/2016,10:14:10,463,Tea
4/11/2016,10:24:15,464,Bread
4/11/2016,10:25:24,465,Brownie
4/11/2016,10:35:23,466,Bread
4/11/2016,10:35:23,466,Coffee
4/11/2016,10:36:59,467,Bread
4/11/2016,10:41:46,468,Coffee
4/11/2016,10:48:39,469,Tea
4/11/2016,10:48:39,469,Tea
4/11/2016,10:51:01,470,Tea
4/11/2016,10:54:43,471,Coffee
4/11/2016,10:54:43,471,Coffee
4/11/2016,11:00:57,473,Bread
4/11/2016,11:00:57,473,Coffee
4/11/2016,11:06:54,474,Bread
4/11/2016,11:06:54,474,Bread
4/11/2016,11:10:13,475,Bread
4/11/2016,11:10:13,475,The BART
4/11/2016,11:12:22,476,Coffee
4/11/2016,11:12:22,476,Brownie
4/11/2016,11:13:28,477,Coffee
4/11/2016,11:17:35,478,Coffee
4/11/2016,11:17:35,478,Brownie
4/11/2016,11:25:41,479,Mineral water
4/11/2016,11:25:41,479,Coffee
4/11/2016,11:25:41,479,Coffee
4/11/2016,11:25:41,479,Tartine
4/11/2016,11:33:11,480,Brownie
4/11/2016,11:33:11,480,Coffee
4/11/2016,11:36:07,481,Brownie
4/11/2016,11:36:07,481,Juice
4/11/2016,11:42:12,482,Coffee
4/11/2016,11:42:12,482,Coffee
4/11/2016,11:42:12,482,Bread
4/11/2016,11:42:12,482,Tea
4/11/2016,11:42:12,482,Alfajores
4/11/2016,11:42:12,482,Medialuna
4/11/2016,11:42:12,482,Pastry
4/11/2016,11:42:12,482,Jam
4/11/2016,12:09:05,483,Bread
4/11/2016,12:13:14,484,Fudge
4/11/2016,12:13:14,484,Fudge
4/11/2016,12:17:15,485,Coffee
4/11/2016,12:17:15,485,Pick and Mix Bowls
4/11/2016,12:34:45,486,Pastry
4/11/2016,12:34:45,486,Bread
4/11/2016,12:45:42,487,Soup
4/11/2016,12:45:42,487,Scandinavian
4/11/2016,12:45:42,487,Coffee
4/11/2016,12:45:42,487,Mineral water
4/11/2016,12:51:54,488,Juice
4/11/2016,12:51:54,488,Mineral water
4/11/2016,12:51:54,488,Sandwich
4/11/2016,12:51:54,488,Pick and Mix Bowls
4/11/2016,12:54:15,489,Bread
4/11/2016,12:54:15,489,Pastry
4/11/2016,12:54:15,489,Bread
4/11/2016,12:56:51,490,Hearty & Seasonal
4/11/2016,12:56:51,490,Hearty & Seasonal
4/11/2016,12:56:51,490,Coffee
4/11/2016,12:56:51,490,Coffee
4/11/2016,13:01:38,491,Bread
4/11/2016,13:01:38,491,Hearty & Seasonal
4/11/2016,13:01:38,491,Coffee
4/11/2016,13:01:38,491,Mineral water
4/11/2016,13:04:40,492,Coffee
4/11/2016,13:04:40,492,Tartine
4/11/2016,13:04:40,492,Sandwich
4/11/2016,13:04:40,492,Brownie
4/11/2016,13:15:24,493,Coffee
4/11/2016,13:15:24,493,Brownie
4/11/2016,13:39:44,494,Alfajores
4/11/2016,13:39:44,494,Coffee
4/11/2016,13:39:44,494,Tartine
4/11/2016,13:55:51,495,Mighty Protein
4/11/2016,13:55:51,495,Coffee
4/11/2016,14:04:31,497,Coffee
4/11/2016,14:04:31,497,Hot chocolate
4/11/2016,14:16:07,498,Soup
4/11/2016,14:16:07,498,Jam
4/11/2016,14:16:07,498,Coffee
4/11/2016,14:16:07,498,Coffee
4/11/2016,14:17:39,499,Mineral water
4/11/2016,14:17:39,499,Brownie
4/11/2016,14:24:36,500,Scandinavian
4/11/2016,14:24:36,500,Coffee
4/11/2016,14:30:08,501,Scandinavian
4/11/2016,14:30:08,501,Coffee
4/11/2016,14:49:02,502,Coffee
4/11/2016,14:49:02,502,Coffee
4/11/2016,14:51:22,503,Coffee
4/11/2016,14:51:22,503,Coffee
4/11/2016,14:51:22,503,Hot chocolate
4/11/2016,14:51:22,503,Brownie
4/11/2016,14:51:22,503,Hearty & Seasonal
4/11/2016,15:18:24,504,Tea
4/11/2016,15:18:24,504,Cake
4/11/2016,15:20:23,505,Medialuna
4/11/2016,15:31:51,506,Alfajores
4/11/2016,15:31:51,506,Tea
4/11/2016,15:31:51,506,Coffee
4/11/2016,15:35:06,507,Coffee
4/11/2016,15:35:06,507,Juice
4/11/2016,15:35:06,507,Brownie
4/11/2016,15:35:06,507,Alfajores
4/11/2016,15:35:49,508,Coffee
4/11/2016,15:35:49,508,Sandwich
4/11/2016,15:36:38,509,Bread
4/11/2016,15:36:38,509,Soup
4/11/2016,15:37:02,510,Soup
4/11/2016,15:37:02,510,Bread
4/11/2016,15:38:27,511,Bread
4/11/2016,15:39:57,512,Tea
4/11/2016,15:39:57,512,Brownie
4/11/2016,15:39:57,512,Cookies
4/11/2016,15:41:06,513,Coffee
4/11/2016,15:41:06,513,Bread
4/11/2016,15:41:06,513,Brownie
4/11/2016,15:51:24,514,Brownie
4/11/2016,15:57:56,515,Cookies
4/11/2016,15:57:56,515,Bread
4/11/2016,15:57:56,515,Jam
4/11/2016,16:04:23,516,Coffee
4/11/2016,16:14:01,517,Tea
4/11/2016,16:14:01,517,Brownie
4/11/2016,16:14:01,517,Tea
4/11/2016,16:56:18,518,Alfajores
4/11/2016,16:56:18,518,Medialuna
4/11/2016,16:56:18,518,Scandinavian
4/11/2016,17:52:34,519,Hot chocolate
4/11/2016,17:52:34,519,Coffee
4/11/2016,17:52:34,519,Alfajores
4/11/2016,17:52:34,519,Cookies
4/11/2016,17:58:43,520,Brownie
4/11/2016,18:48:37,521,Fudge
4/11/2016,19:02:45,522,Tea
4/11/2016,19:02:45,522,Brownie
4/11/2016,20:00:47,523,Dulce de Leche
4/11/2016,20:00:47,523,Fudge
5/11/2016,8:29:32,524,Bread
5/11/2016,8:29:32,524,Scandinavian
5/11/2016,8:29:32,524,Fudge
5/11/2016,8:29:32,524,Granola
5/11/2016,8:29:32,524,Pastry
5/11/2016,8:29:32,524,Coffee
5/11/2016,8:32:12,525,Bread
5/11/2016,8:32:12,525,Fudge
5/11/2016,8:36:10,526,Hot chocolate
5/11/2016,8:36:10,526,Coffee
5/11/2016,8:36:10,526,Medialuna
5/11/2016,8:36:10,526,Medialuna
5/11/2016,8:39:13,527,Bread
5/11/2016,8:42:16,528,Bread
5/11/2016,8:42:16,528,Medialuna
5/11/2016,8:50:09,529,Bread
5/11/2016,8:50:09,529,Coffee
5/11/2016,8:50:09,529,Medialuna
5/11/2016,8:50:09,529,Jam
5/11/2016,8:51:08,530,Jam
5/11/2016,8:51:08,530,Coffee
5/11/2016,8:51:08,530,Brownie
5/11/2016,8:53:55,531,Bread
5/11/2016,8:53:55,531,Coffee
5/11/2016,8:53:55,531,Jam
5/11/2016,8:57:49,532,Scandinavian
5/11/2016,9:00:47,533,Coffee
5/11/2016,9:00:47,533,Cookies
5/11/2016,9:03:58,534,Coffee
5/11/2016,9:03:58,534,Coffee
5/11/2016,9:03:58,534,Scandinavian
5/11/2016,9:09:16,535,Bread
5/11/2016,9:10:36,536,Bread
5/11/2016,9:18:53,537,Jam
5/11/2016,9:18:53,537,Brownie
5/11/2016,9:18:53,537,Coffee
5/11/2016,9:18:53,537,Coffee
5/11/2016,9:19:59,538,Coffee
5/11/2016,9:26:27,539,Brownie
5/11/2016,9:26:27,539,Hot chocolate
5/11/2016,9:27:36,540,Bread
5/11/2016,9:33:49,541,Bread
5/11/2016,9:33:49,541,Bread
5/11/2016,9:33:49,541,Medialuna
5/11/2016,9:34:43,542,Coffee
5/11/2016,9:34:43,542,Hot chocolate
5/11/2016,9:34:43,542,Brownie
5/11/2016,9:36:48,543,Scandinavian
5/11/2016,9:40:12,544,Basket
5/11/2016,9:40:12,544,Bread
5/11/2016,9:41:44,545,Coffee
5/11/2016,9:41:44,545,Bread
5/11/2016,9:41:44,545,Brownie
5/11/2016,9:43:52,546,Cake
5/11/2016,9:43:52,546,Fudge
5/11/2016,9:47:53,547,Coffee
5/11/2016,9:47:53,547,Hot chocolate
5/11/2016,9:47:53,547,Coffee
5/11/2016,9:47:53,547,Basket
5/11/2016,10:01:24,548,Scandinavian
5/11/2016,10:07:32,549,Scandinavian
5/11/2016,10:14:02,550,Coffee
5/11/2016,10:14:02,550,Bread
5/11/2016,10:14:02,550,Coffee
5/11/2016,10:14:02,550,Cake
5/11/2016,10:14:02,550,Medialuna
5/11/2016,10:17:23,551,Coffee
5/11/2016,10:17:23,551,Coffee
5/11/2016,10:17:23,551,Medialuna
5/11/2016,10:19:59,552,Bread
5/11/2016,10:19:59,552,Pastry
5/11/2016,10:20:46,553,Bread
5/11/2016,10:20:46,553,Brownie
5/11/2016,10:23:02,554,Medialuna
5/11/2016,10:23:02,554,Farm House
5/11/2016,10:24:34,555,Bread
5/11/2016,10:24:34,555,Medialuna
5/11/2016,10:26:16,556,Brownie
5/11/2016,10:26:16,556,Medialuna
5/11/2016,10:26:16,556,Hot chocolate
5/11/2016,10:26:16,556,Smoothies
5/11/2016,10:26:16,556,Coffee
5/11/2016,10:29:41,557,Bread
5/11/2016,10:29:41,557,Tea
5/11/2016,10:29:41,557,Coffee
5/11/2016,10:29:41,557,Brownie
5/11/2016,10:29:41,557,Medialuna
5/11/2016,10:32:09,558,Medialuna
5/11/2016,10:32:09,558,Medialuna
5/11/2016,10:32:09,558,Cookies
5/11/2016,10:33:20,559,Coffee
5/11/2016,10:33:20,559,Medialuna
5/11/2016,10:35:12,560,Bread
5/11/2016,10:35:12,560,Fudge
5/11/2016,10:38:58,562,Coffee
5/11/2016,10:38:58,562,Tea
5/11/2016,10:40:35,563,Coffee
5/11/2016,10:40:35,563,Cookies
5/11/2016,10:43:10,564,Pastry
5/11/2016,10:43:10,564,Bread
5/11/2016,10:43:10,564,Brownie
5/11/2016,10:44:58,565,Bread
5/11/2016,10:44:58,565,Coffee
5/11/2016,10:44:58,565,Bread
5/11/2016,10:52:09,566,Coffee
5/11/2016,10:52:09,566,Coffee
5/11/2016,10:52:09,566,Tea
5/11/2016,10:53:49,567,Bread
5/11/2016,10:57:31,568,Medialuna
5/11/2016,10:57:31,568,Coffee
5/11/2016,11:03:33,569,My-5 Fruit Shoot
5/11/2016,11:03:33,569,Coffee
5/11/2016,11:03:33,569,Brownie
5/11/2016,11:07:57,570,Coffee
5/11/2016,11:07:57,570,Fudge
5/11/2016,11:14:43,571,Coffee
5/11/2016,11:20:07,572,Coffee
5/11/2016,11:20:07,572,Basket
5/11/2016,11:20:30,573,Farm House
5/11/2016,11:21:31,574,Farm House
5/11/2016,11:22:49,575,Coffee
5/11/2016,11:22:49,575,Brownie
5/11/2016,11:24:17,576,Scandinavian
5/11/2016,11:24:17,576,Brownie
5/11/2016,11:24:17,576,My-5 Fruit Shoot
5/11/2016,11:26:56,577,Tartine
5/11/2016,11:26:56,577,Coffee
5/11/2016,11:26:56,577,Hot chocolate
5/11/2016,11:26:56,577,Brownie
5/11/2016,11:31:33,578,Brownie
5/11/2016,11:31:33,578,Bread
5/11/2016,11:31:33,578,Hot chocolate
5/11/2016,11:34:15,579,Jam
5/11/2016,11:34:15,579,Fudge
5/11/2016,11:35:46,580,Coffee
5/11/2016,11:37:53,581,Fudge
5/11/2016,11:49:10,583,Mighty Protein
5/11/2016,11:49:10,583,Hearty & Seasonal
5/11/2016,11:49:10,583,Coffee
5/11/2016,11:49:10,583,Tea
5/11/2016,11:49:10,583,Cake
5/11/2016,11:49:56,584,Coffee
5/11/2016,11:50:54,585,Scandinavian
5/11/2016,11:53:38,586,Cake
5/11/2016,11:53:38,586,Victorian Sponge
5/11/2016,11:53:38,586,Scandinavian
5/11/2016,11:56:57,587,Tea
5/11/2016,11:56:57,587,Cake
5/11/2016,11:58:21,588,Coffee
5/11/2016,11:58:21,588,Coffee
5/11/2016,12:14:47,589,Coffee
5/11/2016,12:14:47,589,Coffee
5/11/2016,12:15:45,590,Bread
5/11/2016,12:18:04,591,Frittata
5/11/2016,12:19:48,592,Coffee
5/11/2016,12:19:48,592,Coffee
5/11/2016,12:19:48,592,My-5 Fruit Shoot
5/11/2016,12:19:48,592,Brownie
5/11/2016,12:22:00,593,Focaccia
5/11/2016,12:22:00,593,Fairy Doors
5/11/2016,12:27:50,594,Tea
5/11/2016,12:27:50,594,Coffee
5/11/2016,12:27:50,594,Coffee
5/11/2016,12:31:46,595,Hot chocolate
5/11/2016,12:31:46,595,Hearty & Seasonal
5/11/2016,12:31:46,595,Pick and Mix Bowls
5/11/2016,12:31:46,595,Brownie
5/11/2016,12:35:28,596,Frittata
5/11/2016,12:35:28,596,Coffee
5/11/2016,12:37:20,597,Bread
5/11/2016,12:37:20,597,Brownie
5/11/2016,12:44:11,598,Frittata
5/11/2016,12:46:04,599,Scandinavian
5/11/2016,12:52:29,600,Bread
5/11/2016,12:57:51,601,Farm House
5/11/2016,12:58:46,602,Pick and Mix Bowls
5/11/2016,12:58:46,602,Jam
5/11/2016,12:58:46,602,Soup
5/11/2016,12:58:46,602,Brownie
5/11/2016,13:01:28,603,Hearty & Seasonal
5/11/2016,13:01:28,603,Coffee
5/11/2016,13:01:28,603,Tea
5/11/2016,13:03:55,604,Bread
5/11/2016,13:05:23,605,Bread
5/11/2016,13:05:23,605,Frittata
5/11/2016,13:12:16,606,Scandinavian
5/11/2016,13:23:34,608,Tartine
5/11/2016,13:23:34,608,Hot chocolate
5/11/2016,13:23:34,608,Coffee
5/11/2016,13:25:20,609,Coffee
5/11/2016,13:25:20,609,Mighty Protein
5/11/2016,13:27:11,610,Frittata
5/11/2016,13:27:11,610,Coffee
5/11/2016,13:29:26,611,Scandinavian
5/11/2016,13:31:32,612,Hearty & Seasonal
5/11/2016,13:31:32,612,Coffee
5/11/2016,13:31:32,612,Mineral water
5/11/2016,13:43:24,613,Scandinavian
5/11/2016,13:45:35,615,Bread
5/11/2016,13:45:35,615,Coffee
5/11/2016,13:57:58,616,Hearty & Seasonal
5/11/2016,13:57:58,616,Soup
5/11/2016,13:57:58,616,Bread
5/11/2016,13:57:58,616,Coffee
5/11/2016,14:03:14,617,Brownie
5/11/2016,14:03:14,617,Cake
5/11/2016,14:03:14,617,Tea
5/11/2016,14:08:03,618,Mighty Protein
5/11/2016,14:08:03,618,Coffee
5/11/2016,14:12:41,620,Coffee
5/11/2016,14:12:41,620,Tea
5/11/2016,14:12:41,620,Brownie
5/11/2016,14:12:41,620,Soup
5/11/2016,14:14:11,621,Cake
5/11/2016,14:32:52,622,Hot chocolate
5/11/2016,14:32:52,622,Coffee
5/11/2016,14:32:52,622,Cake
5/11/2016,14:48:55,623,Hearty & Seasonal
5/11/2016,14:48:55,623,Coffee
5/11/2016,14:49:57,624,Coffee
5/11/2016,15:14:47,625,Frittata
5/11/2016,15:14:47,625,Coffee
5/11/2016,15:14:47,625,Brownie
5/11/2016,15:17:20,626,Sandwich
5/11/2016,15:17:20,626,Frittata
5/11/2016,15:17:20,626,Coke
5/11/2016,15:17:20,626,Mineral water
5/11/2016,15:17:20,626,Brownie
5/11/2016,15:18:59,627,Granola
5/11/2016,15:18:59,627,Scandinavian
5/11/2016,15:21:16,628,Coffee
5/11/2016,15:21:16,628,Coke
5/11/2016,15:21:16,628,Coffee
5/11/2016,15:24:18,629,Tea
5/11/2016,15:24:18,629,Tea
5/11/2016,15:24:18,629,Brownie
5/11/2016,15:24:18,629,Cake
5/11/2016,15:36:57,630,Fudge
5/11/2016,15:40:12,631,Coffee
5/11/2016,15:43:51,632,Brownie
5/11/2016,15:45:29,633,Cake
5/11/2016,15:46:54,634,Tea
5/11/2016,15:53:52,635,Coffee
5/11/2016,15:53:52,635,Coffee
5/11/2016,15:53:52,635,Coffee
5/11/2016,15:53:52,635,Soup
5/11/2016,15:53:52,635,Sandwich
5/11/2016,15:53:52,635,Cake
5/11/2016,15:56:06,636,Coffee
5/11/2016,15:56:06,636,Bread
5/11/2016,15:56:06,636,Brownie
5/11/2016,16:00:53,637,Bread
5/11/2016,16:00:53,637,Coffee
5/11/2016,16:00:53,637,Brownie
5/11/2016,16:04:24,638,Coffee
5/11/2016,16:04:24,638,Bread
5/11/2016,16:04:24,638,Brownie
5/11/2016,16:05:47,639,Brownie
5/11/2016,16:05:47,639,Coffee
5/11/2016,16:12:04,640,Coffee
5/11/2016,16:12:04,640,Soup
5/11/2016,16:12:04,640,Brownie
5/11/2016,16:20:37,641,Fudge
5/11/2016,16:20:45,642,Bread
5/11/2016,16:20:45,642,Focaccia
5/11/2016,16:33:28,643,Bread
5/11/2016,16:33:28,643,Farm House
5/11/2016,16:33:28,643,Jam
5/11/2016,16:37:10,644,Hot chocolate
5/11/2016,16:37:10,644,Brownie
5/11/2016,16:43:30,645,Hot chocolate
5/11/2016,16:45:21,646,Coffee
5/11/2016,16:45:21,646,Brownie
5/11/2016,18:45:24,647,Medialuna
5/11/2016,18:45:24,647,Pastry
6/11/2016,9:17:36,648,Bread
6/11/2016,9:42:55,650,Coffee
6/11/2016,9:42:55,650,Pastry
6/11/2016,9:42:55,650,Bread
6/11/2016,9:56:06,651,Coffee
6/11/2016,9:56:06,651,Mineral water
6/11/2016,10:09:41,652,Pastry
6/11/2016,10:09:41,652,Bread
6/11/2016,10:09:41,652,Hot chocolate
6/11/2016,10:11:49,653,Bread
6/11/2016,10:12:09,654,Bread
6/11/2016,10:14:22,655,Jam
6/11/2016,10:14:22,655,Coffee
6/11/2016,10:14:22,655,Coffee
6/11/2016,10:14:22,655,Bread
6/11/2016,10:15:14,656,Coffee
6/11/2016,10:15:14,656,Coffee
6/11/2016,10:15:14,656,Pastry
6/11/2016,10:18:08,657,Medialuna
6/11/2016,10:18:08,657,Coffee
6/11/2016,10:18:08,657,Coffee
6/11/2016,10:18:08,657,Focaccia
6/11/2016,10:18:08,657,Hearty & Seasonal
6/11/2016,10:21:51,658,Bread
6/11/2016,10:21:51,658,Farm House
6/11/2016,10:21:51,658,Coffee
6/11/2016,10:21:51,658,Jam
6/11/2016,10:24:23,659,Farm House
6/11/2016,10:43:58,660,Coffee
6/11/2016,10:43:58,660,Tea
6/11/2016,10:43:58,660,Pastry
6/11/2016,10:43:58,660,Medialuna
6/11/2016,10:45:59,661,Pastry
6/11/2016,10:45:59,661,Medialuna
6/11/2016,10:45:59,661,Coffee
6/11/2016,10:49:53,662,Coffee
6/11/2016,10:49:53,662,Hot chocolate
6/11/2016,10:49:53,662,Basket
6/11/2016,10:49:53,662,Farm House
6/11/2016,10:54:06,663,Pastry
6/11/2016,10:54:06,663,Farm House
6/11/2016,10:56:49,664,Hot chocolate
6/11/2016,10:56:49,664,Coffee
6/11/2016,10:56:49,664,My-5 Fruit Shoot
6/11/2016,10:58:14,665,Pastry
6/11/2016,10:58:14,665,Medialuna
6/11/2016,10:58:14,665,Muffin
6/11/2016,11:02:43,666,Farm House
6/11/2016,11:06:26,667,Muffin
6/11/2016,11:06:26,667,Pastry
6/11/2016,11:06:26,667,Focaccia
6/11/2016,11:07:51,668,Coffee
6/11/2016,11:07:51,668,Tea
6/11/2016,11:09:23,669,Bread
6/11/2016,11:11:13,670,Focaccia
6/11/2016,11:14:18,671,Coffee
6/11/2016,11:14:18,671,Hot chocolate
6/11/2016,11:14:18,671,Pastry
6/11/2016,11:14:18,671,Jam
6/11/2016,11:16:02,672,Bread
6/11/2016,11:17:47,673,Coffee
6/11/2016,11:17:47,673,Pastry
6/11/2016,11:17:47,673,Bread
6/11/2016,11:19:02,674,Tea
6/11/2016,11:20:27,675,Hot chocolate
6/11/2016,11:20:27,675,Coffee
6/11/2016,11:20:27,675,Mineral water
6/11/2016,11:21:18,676,Coffee
6/11/2016,11:21:18,676,Coffee
6/11/2016,11:22:40,677,Coffee
6/11/2016,11:24:38,678,Jam
6/11/2016,11:24:38,678,Coffee
6/11/2016,11:24:38,678,Coffee
6/11/2016,11:33:18,680,Muffin
6/11/2016,11:35:49,681,Bread
6/11/2016,11:42:26,682,Bread
6/11/2016,11:43:40,683,Bread
6/11/2016,11:47:12,684,Muffin
6/11/2016,11:47:12,684,Hot chocolate
6/11/2016,11:47:12,684,Coffee
6/11/2016,11:55:10,685,Muffin
6/11/2016,11:55:10,685,Fudge
6/11/2016,11:57:28,686,Bread
6/11/2016,12:04:08,687,Bread
6/11/2016,12:07:19,688,Farm House
6/11/2016,12:11:20,689,Coffee
6/11/2016,12:11:20,689,Muffin
6/11/2016,12:19:31,690,Focaccia
6/11/2016,12:22:28,691,Bread
6/11/2016,12:22:28,691,Tea
6/11/2016,12:23:34,692,Coffee
6/11/2016,12:23:34,692,Hot chocolate
6/11/2016,12:31:44,693,Coffee
6/11/2016,12:31:44,693,Tartine
6/11/2016,12:31:44,693,Coffee
6/11/2016,12:31:44,693,Pick and Mix Bowls
6/11/2016,12:31:44,693,Jam
6/11/2016,12:38:33,695,Jam
6/11/2016,12:39:03,696,Tartine
6/11/2016,12:39:57,697,Bread
6/11/2016,12:39:57,697,Coffee
6/11/2016,12:42:42,698,Coffee
6/11/2016,12:42:42,698,Coffee
6/11/2016,12:42:42,698,Mineral water
6/11/2016,12:42:42,698,Juice
6/11/2016,12:42:42,698,Tartine
6/11/2016,12:42:42,698,Pick and Mix Bowls
6/11/2016,12:50:29,699,Bread
6/11/2016,12:50:29,699,Tea
6/11/2016,12:50:29,699,Juice
6/11/2016,12:53:15,700,Coffee
6/11/2016,12:53:15,700,Coffee
6/11/2016,12:53:15,700,Cake
6/11/2016,12:57:40,701,Farm House
6/11/2016,12:58:12,702,Farm House
6/11/2016,13:14:44,703,Cake
6/11/2016,13:14:44,703,Brownie
6/11/2016,13:14:44,703,Coffee
6/11/2016,13:14:44,703,Coffee
6/11/2016,13:28:44,704,Focaccia
6/11/2016,13:28:44,704,Coffee
6/11/2016,13:29:28,705,Tea
6/11/2016,13:29:28,705,Coffee
6/11/2016,13:29:28,705,Muffin
6/11/2016,13:31:34,706,Coffee
6/11/2016,13:45:10,707,Tea
6/11/2016,13:45:10,707,Coffee
6/11/2016,13:47:12,708,Hearty & Seasonal
6/11/2016,13:47:12,708,Cake
6/11/2016,13:47:12,708,Coffee
6/11/2016,13:50:28,709,Bread
6/11/2016,13:50:28,709,Tea
6/11/2016,13:50:28,709,Cake
6/11/2016,13:57:57,710,Mighty Protein
6/11/2016,13:57:57,710,Coffee
6/11/2016,14:00:33,711,Hot chocolate
6/11/2016,14:00:33,711,Muffin
6/11/2016,14:10:19,712,Coffee
6/11/2016,14:10:19,712,Coffee
6/11/2016,14:10:19,712,Soup
6/11/2016,14:10:19,712,Mighty Protein
6/11/2016,14:17:10,713,Jam
6/11/2016,14:37:39,714,Coffee
6/11/2016,14:37:39,714,Alfajores
6/11/2016,14:44:24,715,Cake
6/11/2016,14:44:24,715,Hot chocolate
6/11/2016,14:44:24,715,Alfajores
6/11/2016,14:50:44,716,Hot chocolate
6/11/2016,14:50:44,716,Tea
6/11/2016,14:50:44,716,Muffin
6/11/2016,14:53:44,717,Brownie
6/11/2016,14:54:24,718,Cake
6/11/2016,14:54:24,718,Coffee
6/11/2016,14:55:50,719,Victorian Sponge
6/11/2016,14:55:50,719,Alfajores
6/11/2016,14:55:50,719,Tea
6/11/2016,14:56:49,720,Bread
6/11/2016,15:04:15,721,Tartine
6/11/2016,15:04:15,721,Tea
6/11/2016,15:04:15,721,Tartine
6/11/2016,15:12:51,722,Mighty Protein
6/11/2016,15:12:51,722,Tea
6/11/2016,15:15:18,723,Bread
6/11/2016,15:15:18,723,Fudge
6/11/2016,15:32:12,724,Medialuna
6/11/2016,15:32:12,724,Tartine
6/11/2016,15:32:12,724,Coffee
6/11/2016,15:42:40,725,Pastry
6/11/2016,15:42:40,725,Bread
6/11/2016,15:44:21,726,Pastry
6/11/2016,15:44:21,726,Bread
6/11/2016,15:47:13,727,Coffee
6/11/2016,15:47:13,727,Tea
6/11/2016,15:47:13,727,Alfajores
6/11/2016,15:47:13,727,Alfajores
6/11/2016,15:50:44,728,Alfajores
6/11/2016,15:50:44,728,Alfajores
6/11/2016,15:50:44,728,Coffee
6/11/2016,15:52:34,729,Coffee
6/11/2016,15:52:34,729,Alfajores
6/11/2016,15:56:59,730,Alfajores
6/11/2016,15:56:59,730,Pastry
6/11/2016,16:11:45,732,Alfajores
6/11/2016,16:15:53,733,Pastry
6/11/2016,16:15:53,733,Tea
6/11/2016,16:15:53,733,Alfajores
6/11/2016,16:15:53,733,Hearty & Seasonal
6/11/2016,16:23:01,734,Tea
6/11/2016,16:23:01,734,Sandwich
6/11/2016,16:29:15,735,Empanadas
6/11/2016,16:29:15,735,Tea
6/11/2016,16:51:30,736,Alfajores
6/11/2016,16:51:30,736,Alfajores
6/11/2016,16:51:30,736,Tea
6/11/2016,17:15:54,737,Alfajores
6/11/2016,17:19:48,738,Pastry
6/11/2016,17:19:48,738,Dulce de Leche
7/11/2016,8:13:03,739,Coffee
7/11/2016,8:13:03,739,Pastry
7/11/2016,9:04:36,740,Farm House
7/11/2016,9:04:36,740,Coffee
7/11/2016,9:14:07,741,Bread
7/11/2016,9:14:07,741,Scandinavian
7/11/2016,9:14:07,741,Medialuna
7/11/2016,9:16:13,742,Bread
7/11/2016,9:29:14,743,Pastry
7/11/2016,9:29:14,743,Tea
7/11/2016,9:29:14,743,Alfajores
7/11/2016,9:31:03,744,Pastry
7/11/2016,9:31:03,744,Coffee
7/11/2016,9:34:03,745,Bread
7/11/2016,9:34:03,745,Pastry
7/11/2016,9:34:03,745,Muffin
7/11/2016,9:34:03,745,Farm House
7/11/2016,9:50:01,746,Medialuna
7/11/2016,9:50:01,746,Tea
7/11/2016,9:52:43,747,Alfajores
7/11/2016,9:57:09,748,Sandwich
7/11/2016,9:57:09,748,Tea
7/11/2016,10:04:23,749,Tea
7/11/2016,10:04:23,749,Bread
7/11/2016,10:14:15,750,Bread
7/11/2016,10:14:15,750,Coffee
7/11/2016,10:14:15,750,Pastry
7/11/2016,10:25:13,751,Coffee
7/11/2016,10:25:13,751,Coffee
7/11/2016,10:25:13,751,Muffin
7/11/2016,10:25:13,751,Alfajores
7/11/2016,10:25:13,751,Empanadas
7/11/2016,10:29:47,752,Coffee
7/11/2016,10:30:06,753,Bread
7/11/2016,10:34:25,754,Coffee
7/11/2016,10:40:42,755,Coffee
7/11/2016,10:43:30,756,Bread
7/11/2016,10:45:13,757,Bread
7/11/2016,10:45:13,757,Pastry
7/11/2016,10:45:13,757,Medialuna
7/11/2016,10:45:13,757,Tea
7/11/2016,10:49:31,758,Tea
7/11/2016,10:49:31,758,Bread
7/11/2016,10:57:41,759,Muffin
7/11/2016,10:59:55,760,Coffee
7/11/2016,10:59:55,760,Muffin
7/11/2016,11:00:44,761,Coffee
7/11/2016,11:00:44,761,Bread
7/11/2016,11:00:44,761,Pastry
7/11/2016,11:00:44,761,Medialuna
7/11/2016,11:06:44,762,Coffee
7/11/2016,11:06:44,762,Coffee
7/11/2016,11:06:44,762,Muffin
7/11/2016,11:14:01,763,Muffin
7/11/2016,11:14:01,763,Hot chocolate
7/11/2016,11:14:01,763,Scandinavian
7/11/2016,11:14:01,763,Bread
7/11/2016,11:17:55,764,Farm House
7/11/2016,11:22:48,765,Muffin
7/11/2016,11:24:12,766,Coffee
7/11/2016,11:28:29,767,Bread
7/11/2016,11:29:47,768,Coffee
7/11/2016,11:29:47,768,Coffee
7/11/2016,11:29:47,768,Cookies
7/11/2016,11:31:35,769,Coffee
7/11/2016,11:31:35,769,Coffee
7/11/2016,11:33:55,770,Muffin
7/11/2016,11:34:39,771,Coffee
7/11/2016,11:34:39,771,Tea
7/11/2016,11:34:39,771,Keeping It Local
7/11/2016,11:40:01,772,Coffee
7/11/2016,11:40:01,772,Medialuna
7/11/2016,11:44:36,773,Bread
7/11/2016,11:59:40,774,Tartine
7/11/2016,11:59:40,774,Scandinavian
7/11/2016,12:04:33,775,Coffee
7/11/2016,12:04:33,775,Tea
7/11/2016,12:16:19,776,Bread
7/11/2016,12:18:13,777,Coffee
7/11/2016,12:18:13,777,Coke
7/11/2016,12:19:39,778,Coffee
7/11/2016,12:19:39,778,Muffin
7/11/2016,12:37:54,779,Coffee
7/11/2016,12:37:54,779,Bread
7/11/2016,12:37:54,779,Coffee
7/11/2016,12:37:54,779,Medialuna
7/11/2016,12:37:54,779,Muffin
7/11/2016,12:37:54,779,Scandinavian
7/11/2016,12:44:18,780,Bread
7/11/2016,12:52:52,781,Coke
7/11/2016,13:00:03,782,Bread
7/11/2016,13:00:03,782,Scandinavian
7/11/2016,13:01:39,783,Coffee
7/11/2016,13:09:02,784,Bread
7/11/2016,13:12:51,785,Scandinavian
7/11/2016,13:12:51,785,Bread
7/11/2016,13:28:28,786,Fudge
7/11/2016,13:28:28,786,Fudge
7/11/2016,13:36:49,787,Soup
7/11/2016,13:36:49,787,Hearty & Seasonal
7/11/2016,13:36:49,787,Coffee
7/11/2016,13:42:36,788,Coke
7/11/2016,13:45:52,789,Coffee
7/11/2016,13:45:52,789,Cookies
7/11/2016,13:45:52,789,Tea
7/11/2016,13:57:34,790,Pastry
7/11/2016,13:57:34,790,Tea
7/11/2016,13:57:34,790,Coffee
7/11/2016,14:00:32,791,Bread
7/11/2016,14:08:35,792,Coffee
7/11/2016,14:08:35,792,Medialuna
7/11/2016,14:15:29,793,Coffee
7/11/2016,14:15:29,793,Coffee
7/11/2016,14:15:29,793,Muffin
7/11/2016,14:15:29,793,Sandwich
7/11/2016,14:15:29,793,Soup
7/11/2016,14:19:36,794,Tea
7/11/2016,14:19:36,794,Coffee
7/11/2016,14:19:36,794,Muffin
7/11/2016,14:30:37,795,Alfajores
7/11/2016,14:35:18,796,Bread
7/11/2016,14:36:10,797,Coffee
7/11/2016,14:36:10,797,Medialuna
7/11/2016,14:37:40,798,Coffee
7/11/2016,14:40:37,799,Coffee
7/11/2016,14:41:38,800,Medialuna
7/11/2016,14:54:34,802,Empanadas
7/11/2016,14:54:34,802,Bread
7/11/2016,14:54:34,802,Scandinavian
7/11/2016,15:08:12,803,Coffee
7/11/2016,15:08:12,803,Tartine
7/11/2016,15:08:55,804,Tea
7/11/2016,15:11:04,805,Scandinavian
7/11/2016,15:29:01,806,Muffin
7/11/2016,15:40:48,807,Scandinavian
7/11/2016,15:40:48,807,Bread
7/11/2016,15:55:35,808,Bread
7/11/2016,16:01:38,809,Coffee
7/11/2016,16:33:17,810,Bread
7/11/2016,16:40:12,811,Bread
7/11/2016,17:04:07,812,Coffee
7/11/2016,17:04:07,812,Coffee
7/11/2016,17:18:06,813,Cookies
7/11/2016,17:18:06,813,Scandinavian
7/11/2016,18:28:32,814,Coffee
7/11/2016,18:28:32,814,Bread
7/11/2016,18:28:32,814,Empanadas
7/11/2016,18:28:32,814,Medialuna
8/11/2016,8:17:58,815,Coffee
8/11/2016,8:17:58,815,Pastry
8/11/2016,8:37:02,816,Bread
8/11/2016,9:07:18,817,Pastry
8/11/2016,9:07:18,817,Tea
8/11/2016,9:08:37,818,Coffee
8/11/2016,9:08:37,818,Coffee
8/11/2016,9:08:37,818,Pastry
8/11/2016,9:15:49,819,Coffee
8/11/2016,9:15:49,819,Bread
8/11/2016,9:21:52,820,Coffee
8/11/2016,9:21:52,820,Keeping It Local
8/11/2016,9:23:54,821,Fudge
8/11/2016,9:47:08,822,Tartine
8/11/2016,9:47:08,822,Coffee
8/11/2016,9:47:08,822,Coffee
8/11/2016,9:55:36,824,Hot chocolate
8/11/2016,9:55:36,824,Coffee
8/11/2016,9:55:36,824,Pastry
8/11/2016,9:55:36,824,Medialuna
8/11/2016,10:07:31,825,Alfajores
8/11/2016,10:07:31,825,Coffee
8/11/2016,10:09:35,826,Coffee
8/11/2016,10:31:58,828,Coffee
8/11/2016,10:31:58,828,Coffee
8/11/2016,10:31:58,828,Medialuna
8/11/2016,10:39:29,829,Coke
8/11/2016,10:43:03,830,Coffee
8/11/2016,10:43:03,830,Coffee
8/11/2016,10:43:03,830,Alfajores
8/11/2016,10:45:21,831,Muffin
8/11/2016,10:50:47,832,Farm House
8/11/2016,10:50:47,832,Brownie
8/11/2016,10:50:47,832,Fudge
8/11/2016,10:59:58,833,Coffee
8/11/2016,10:59:58,833,Coffee
8/11/2016,11:02:32,834,Tea
8/11/2016,11:02:32,834,Muffin
8/11/2016,11:02:32,834,Farm House
8/11/2016,11:09:29,835,Coffee
8/11/2016,11:09:29,835,Pastry
8/11/2016,11:11:42,836,Pastry
8/11/2016,11:11:42,836,Brownie
8/11/2016,11:17:11,837,Medialuna
8/11/2016,11:19:09,838,Coffee
8/11/2016,11:22:27,839,Pastry
8/11/2016,11:22:27,839,Coffee
8/11/2016,11:22:27,839,Juice
8/11/2016,11:26:43,840,Coffee
8/11/2016,11:26:43,840,Bread
8/11/2016,11:33:27,841,Tea
8/11/2016,11:33:27,841,Coffee
8/11/2016,11:35:23,842,Tea
8/11/2016,11:35:23,842,Alfajores
8/11/2016,11:36:17,843,Alfajores
8/11/2016,11:36:17,843,Coffee
8/11/2016,11:47:50,844,Scandinavian
8/11/2016,12:10:13,845,Pastry
8/11/2016,12:10:13,845,Medialuna
8/11/2016,12:13:34,846,Brownie
8/11/2016,12:15:10,847,Farm House
8/11/2016,12:17:33,848,Coffee
8/11/2016,12:17:33,848,Cookies
8/11/2016,12:18:29,849,Soup
8/11/2016,12:23:11,850,Art Tray
8/11/2016,12:23:11,850,Coffee
8/11/2016,12:23:11,850,Coffee
8/11/2016,12:23:11,850,Brownie
8/11/2016,12:24:24,851,Coffee
8/11/2016,12:27:23,852,Farm House
8/11/2016,12:33:17,853,Soup
8/11/2016,12:33:17,853,Art Tray
8/11/2016,12:33:17,853,Alfajores
8/11/2016,12:33:17,853,Frittata
8/11/2016,12:34:38,854,Sandwich
8/11/2016,12:34:38,854,Coffee
8/11/2016,12:35:35,855,Tea
8/11/2016,12:40:50,856,Farm House
8/11/2016,12:48:45,857,Scandinavian
8/11/2016,12:48:45,857,Muffin
8/11/2016,13:00:04,858,Farm House
8/11/2016,13:04:05,859,Scandinavian
8/11/2016,13:16:55,860,Soup
8/11/2016,13:25:27,861,Hearty & Seasonal
8/11/2016,13:25:27,861,Tea
8/11/2016,13:25:27,861,Bread
8/11/2016,13:28:15,862,Hot chocolate
8/11/2016,13:29:47,863,Coffee
8/11/2016,13:29:47,863,Sandwich
8/11/2016,13:29:47,863,Hearty & Seasonal
8/11/2016,13:37:01,864,Brownie
8/11/2016,13:37:01,864,Hearty & Seasonal
8/11/2016,13:37:01,864,Sandwich
8/11/2016,13:37:01,864,Coffee
8/11/2016,14:01:59,865,Medialuna
8/11/2016,14:01:59,865,Coffee
8/11/2016,14:06:22,866,Coffee
8/11/2016,14:06:22,866,Brownie
8/11/2016,14:06:22,866,Soup
8/11/2016,14:16:07,867,Sandwich
8/11/2016,14:16:07,867,Sandwich
8/11/2016,14:16:07,867,Alfajores
8/11/2016,14:16:07,867,Alfajores
8/11/2016,14:16:07,867,Focaccia
8/11/2016,14:22:20,868,Farm House
8/11/2016,14:22:20,868,Tartine
8/11/2016,14:22:59,869,Bread
8/11/2016,14:26:51,870,Coffee
8/11/2016,14:28:30,871,Hot chocolate
8/11/2016,14:28:30,871,Tea
8/11/2016,14:28:30,871,Muffin
8/11/2016,14:31:31,872,Pastry
8/11/2016,14:36:39,873,Coffee
8/11/2016,14:36:39,873,Brownie
8/11/2016,14:36:39,873,Hearty & Seasonal
8/11/2016,14:36:39,873,Soup
8/11/2016,14:36:39,873,Bowl Nic Pitt
8/11/2016,14:45:38,874,Coffee
8/11/2016,14:51:53,875,Alfajores
8/11/2016,14:51:53,875,Medialuna
8/11/2016,14:51:53,875,Scandinavian
8/11/2016,14:51:53,875,Farm House
8/11/2016,14:56:14,876,Soup
8/11/2016,14:56:14,876,Coffee
8/11/2016,15:04:45,877,Tea
8/11/2016,15:04:45,877,Tea
8/11/2016,15:08:34,878,Coffee
8/11/2016,15:08:34,878,Tea
8/11/2016,15:08:34,878,Cookies
8/11/2016,15:34:42,879,Tea
8/11/2016,15:34:42,879,Muffin
8/11/2016,15:50:56,880,Coffee
8/11/2016,15:50:56,880,Coffee
8/11/2016,15:50:56,880,Brownie
8/11/2016,16:00:32,881,Coffee
8/11/2016,16:02:27,882,Coffee
8/11/2016,16:03:43,883,Coffee
8/11/2016,16:05:45,884,Farm House
8/11/2016,16:35:19,885,Coffee
8/11/2016,16:35:19,885,Bread Pudding
8/11/2016,17:01:15,886,Coffee
8/11/2016,17:01:15,886,Medialuna
8/11/2016,17:04:46,887,Hot chocolate
8/11/2016,17:10:06,888,Coffee
8/11/2016,17:10:06,888,Hot chocolate
8/11/2016,17:10:06,888,Farm House
9/11/2016,8:07:12,889,Pastry
9/11/2016,8:07:12,889,Coffee
9/11/2016,8:37:48,890,Bread
9/11/2016,9:24:38,891,Pastry
9/11/2016,9:24:38,891,Coffee
9/11/2016,9:40:29,892,Coffee
9/11/2016,9:40:29,892,Coffee
9/11/2016,10:07:40,893,Coffee
9/11/2016,10:07:40,893,Pastry
9/11/2016,10:15:09,894,Farm House
9/11/2016,10:36:01,895,Bread
9/11/2016,10:56:53,896,Coffee
9/11/2016,10:56:53,896,Hot chocolate
9/11/2016,11:00:54,897,Bread
9/11/2016,11:03:38,898,Coffee
9/11/2016,11:03:38,898,Focaccia
9/11/2016,11:03:38,898,Coffee
9/11/2016,11:03:38,898,Medialuna
9/11/2016,11:03:38,898,Bread
9/11/2016,11:12:22,899,Coffee
9/11/2016,11:15:12,900,Bread
9/11/2016,11:15:12,900,Keeping It Local
9/11/2016,11:20:01,901,Bread
9/11/2016,11:20:01,901,Coffee
9/11/2016,11:23:55,902,Bread
9/11/2016,11:28:39,903,Bread
9/11/2016,11:28:39,903,Medialuna
9/11/2016,11:31:04,904,Coffee
9/11/2016,11:32:50,905,Coffee
9/11/2016,11:32:50,905,Coffee
9/11/2016,11:32:50,905,Medialuna
9/11/2016,11:35:07,906,Coffee
9/11/2016,11:35:07,906,Cookies
9/11/2016,11:35:07,906,Tartine
9/11/2016,11:58:20,907,Tea
9/11/2016,11:58:20,907,Bread
9/11/2016,11:59:56,908,Bread
9/11/2016,11:59:56,908,Keeping It Local
9/11/2016,11:59:56,908,Coffee
9/11/2016,12:04:03,909,Coffee
9/11/2016,12:04:03,909,Medialuna
9/11/2016,12:06:35,910,Coffee
9/11/2016,12:06:35,910,Medialuna
9/11/2016,12:12:31,911,Tea
9/11/2016,12:20:42,912,Juice
9/11/2016,12:20:42,912,Coke
9/11/2016,12:20:42,912,Soup
9/11/2016,12:22:35,913,Bread
9/11/2016,12:24:49,914,Brownie
9/11/2016,12:33:07,915,Brownie
9/11/2016,12:33:07,915,Bread
9/11/2016,12:33:07,915,Coffee
9/11/2016,12:38:43,916,Coffee
9/11/2016,12:38:43,916,Pastry
9/11/2016,12:38:43,916,Bread
9/11/2016,12:38:43,916,Hearty & Seasonal
9/11/2016,12:50:36,917,Bread
9/11/2016,12:50:36,917,Coffee
9/11/2016,12:50:36,917,Brownie
9/11/2016,13:00:17,918,Coffee
9/11/2016,13:02:19,919,Bread
9/11/2016,13:02:19,919,Cookies
9/11/2016,13:07:56,920,Fudge
9/11/2016,13:07:56,920,Eggs
9/11/2016,13:15:01,921,Bread
9/11/2016,13:16:34,922,Bread
9/11/2016,13:16:34,922,Muffin
9/11/2016,13:22:17,923,Soup
9/11/2016,13:24:11,924,Coffee
9/11/2016,13:24:11,924,Bread Pudding
9/11/2016,13:44:09,925,Bread
9/11/2016,13:44:09,925,Tartine
9/11/2016,14:15:05,926,Sandwich
9/11/2016,14:15:05,926,Coffee
9/11/2016,14:15:05,926,Fudge
9/11/2016,14:15:05,926,Jam
9/11/2016,14:15:05,926,Bread Pudding
9/11/2016,14:16:15,927,Bread Pudding
9/11/2016,14:16:15,927,Soup
9/11/2016,14:16:15,927,Coffee
9/11/2016,14:21:56,928,Hearty & Seasonal
9/11/2016,14:21:56,928,Bread
9/11/2016,14:26:30,929,Coffee
9/11/2016,14:26:30,929,Coffee
9/11/2016,14:26:30,929,Cookies
9/11/2016,14:33:53,930,Coffee
9/11/2016,14:45:12,931,Bread
9/11/2016,15:17:08,932,Coffee
9/11/2016,15:17:08,932,Bread
9/11/2016,15:17:08,932,Soup
9/11/2016,15:22:10,933,Soup
9/11/2016,15:22:10,933,Tea
9/11/2016,15:22:10,933,Focaccia
9/11/2016,16:02:24,934,Coffee
9/11/2016,16:02:24,934,My-5 Fruit Shoot
9/11/2016,16:02:24,934,Cookies
9/11/2016,16:31:15,935,Coffee
9/11/2016,16:31:15,935,Coffee
9/11/2016,18:04:13,936,Coffee
9/11/2016,18:04:13,936,Sandwich
9/11/2016,18:04:13,936,Tea
9/11/2016,18:09:59,937,Scandinavian
9/11/2016,19:49:22,938,Adjustment
10/11/2016,8:51:02,939,Coffee
10/11/2016,8:52:27,940,Medialuna
10/11/2016,8:52:27,940,Coffee
10/11/2016,8:59:29,941,Bread
10/11/2016,9:00:15,942,Bread
10/11/2016,9:06:46,943,Coffee
10/11/2016,9:06:46,943,Pastry
10/11/2016,9:12:14,944,Farm House
10/11/2016,9:15:08,945,Medialuna
10/11/2016,9:15:08,945,Brownie
10/11/2016,9:19:23,946,Bread
10/11/2016,9:19:23,946,Pastry
10/11/2016,9:19:23,946,Brownie
10/11/2016,9:24:34,947,Pastry
10/11/2016,9:24:34,947,Bread
10/11/2016,9:24:34,947,Cookies
10/11/2016,9:29:36,948,Bread
10/11/2016,9:29:36,948,Bread
10/11/2016,9:32:14,949,Cookies
10/11/2016,9:32:14,949,Pastry
10/11/2016,9:32:14,949,Coffee
10/11/2016,9:32:14,949,Juice
10/11/2016,9:37:37,950,Pastry
10/11/2016,9:37:37,950,Cookies
10/11/2016,9:37:37,950,Coffee
10/11/2016,9:38:27,951,Coffee
10/11/2016,9:38:27,951,Medialuna
10/11/2016,9:48:11,952,Bread
10/11/2016,9:53:32,953,Tartine
10/11/2016,9:53:32,953,Coffee
10/11/2016,9:54:58,954,Coffee
10/11/2016,9:54:58,954,Medialuna
10/11/2016,10:00:41,955,Bread
10/11/2016,10:03:59,956,Bread
10/11/2016,10:03:59,956,Coffee
10/11/2016,10:03:59,956,Alfajores
10/11/2016,10:03:59,956,Cookies
10/11/2016,10:05:29,957,Bread
10/11/2016,10:05:29,957,Coffee
10/11/2016,10:05:29,957,Coffee
10/11/2016,10:34:41,958,Bread
10/11/2016,10:50:04,959,Bread
10/11/2016,10:50:04,959,Coffee
10/11/2016,10:50:04,959,Tea
10/11/2016,10:50:04,959,Keeping It Local
10/11/2016,10:50:04,959,Jam
10/11/2016,10:50:04,959,Cookies
10/11/2016,10:51:27,960,Pastry
10/11/2016,10:51:27,960,Coffee
10/11/2016,10:51:27,960,Juice
10/11/2016,10:57:11,961,Medialuna
10/11/2016,10:57:11,961,Bread
10/11/2016,10:57:11,961,Focaccia
10/11/2016,10:58:34,962,Pastry
10/11/2016,10:58:34,962,Medialuna
10/11/2016,10:58:34,962,Coffee
10/11/2016,11:10:16,963,Coffee
10/11/2016,11:19:37,964,Coffee
10/11/2016,11:23:12,965,Coffee
10/11/2016,11:23:12,965,Cookies
10/11/2016,11:23:12,965,Truffles
10/11/2016,11:23:12,965,Brownie
10/11/2016,11:23:12,965,Bread
10/11/2016,11:32:07,966,Art Tray
10/11/2016,11:32:07,966,Tea
10/11/2016,11:34:35,967,Bread
10/11/2016,11:46:37,968,Coffee
10/11/2016,11:54:44,969,Coffee
10/11/2016,11:54:44,969,Cookies
10/11/2016,12:01:44,970,Brownie
10/11/2016,12:02:40,971,Bread
10/11/2016,12:02:40,971,Tea
10/11/2016,12:02:40,971,Empanadas
10/11/2016,12:06:47,972,Bread
10/11/2016,12:06:47,972,Hot chocolate
10/11/2016,12:08:23,973,Coffee
10/11/2016,12:08:23,973,Cookies
10/11/2016,12:11:14,974,Bread
10/11/2016,12:35:55,975,Tartine
10/11/2016,12:35:55,975,Sandwich
10/11/2016,12:35:55,975,Tea
10/11/2016,12:35:55,975,Bread
10/11/2016,12:38:17,976,Soup
10/11/2016,12:38:17,976,Sandwich
10/11/2016,12:38:17,976,Bread
10/11/2016,12:42:29,977,Soup
10/11/2016,12:42:29,977,Bread
10/11/2016,12:44:08,978,Fudge
10/11/2016,13:05:54,979,Coffee
10/11/2016,13:10:58,980,Coffee
10/11/2016,13:10:58,980,Empanadas
10/11/2016,13:10:58,980,Soup
10/11/2016,13:14:56,981,Bread
10/11/2016,13:14:56,981,Coffee
10/11/2016,13:14:56,981,Brownie
10/11/2016,13:24:36,982,Coffee
10/11/2016,13:24:36,982,Smoothies
10/11/2016,13:24:36,982,Juice
10/11/2016,13:24:36,982,Soup
10/11/2016,13:24:36,982,Hearty & Seasonal
10/11/2016,13:43:08,983,Alfajores
10/11/2016,13:43:08,983,Sandwich
10/11/2016,13:43:08,983,Hot chocolate
10/11/2016,13:43:08,983,Coffee
10/11/2016,13:43:08,983,Scandinavian
10/11/2016,13:43:08,983,Cookies
10/11/2016,13:52:16,984,Tea
10/11/2016,13:52:16,984,Coffee
10/11/2016,13:59:34,985,Bread
10/11/2016,13:59:34,985,Cookies
10/11/2016,14:04:40,986,Alfajores
10/11/2016,14:04:40,986,Cookies
10/11/2016,14:04:40,986,Bread
10/11/2016,14:04:40,986,Bread
10/11/2016,14:06:21,987,Tea
10/11/2016,14:06:21,987,Brownie
10/11/2016,14:08:30,988,Tea
10/11/2016,14:08:30,988,Bread
10/11/2016,14:09:27,989,Coffee
10/11/2016,14:09:27,989,Alfajores
10/11/2016,14:38:58,990,Bread
10/11/2016,14:42:20,991,Empanadas
10/11/2016,14:42:20,991,Coffee
10/11/2016,15:01:19,992,Bread
10/11/2016,15:03:37,993,Coffee
10/11/2016,15:03:37,993,Hot chocolate
10/11/2016,15:10:08,994,Coffee
10/11/2016,15:14:10,995,Coffee
10/11/2016,15:14:10,995,Brownie
10/11/2016,15:22:10,996,Tea
10/11/2016,15:22:10,996,Hot chocolate
10/11/2016,15:22:10,996,Brownie
10/11/2016,15:22:10,996,Truffles
10/11/2016,15:40:42,997,Coffee
10/11/2016,15:40:42,997,Keeping It Local
10/11/2016,15:54:50,998,Coffee
10/11/2016,16:04:37,999,Alfajores
10/11/2016,16:11:49,1000,Scandinavian
10/11/2016,16:11:49,1000,Chimichurri Oil
10/11/2016,16:14:15,1001,Bread
10/11/2016,16:14:15,1001,Truffles
10/11/2016,16:15:33,1002,Brownie
10/11/2016,16:15:33,1002,Focaccia
10/11/2016,16:17:39,1003,Coffee
10/11/2016,16:17:39,1003,Bread
10/11/2016,16:21:05,1004,Coffee
10/11/2016,16:21:05,1004,Tea
10/11/2016,16:21:05,1004,Art Tray
10/11/2016,16:21:05,1004,Cookies
10/11/2016,16:22:38,1005,Coffee
10/11/2016,16:31:23,1006,Bread
10/11/2016,17:23:27,1007,Coffee
10/11/2016,17:23:27,1007,Alfajores
10/11/2016,17:23:27,1007,Alfajores
10/11/2016,17:23:27,1007,Coke
11/11/2016,8:23:11,1008,Bread
11/11/2016,8:23:36,1009,Bread
11/11/2016,8:26:56,1010,Bread
11/11/2016,8:26:56,1010,Pastry
11/11/2016,8:26:56,1010,Medialuna
11/11/2016,8:26:56,1010,Coffee
11/11/2016,8:27:39,1011,Coffee
11/11/2016,8:40:30,1012,Bread
11/11/2016,8:40:30,1012,Keeping It Local
11/11/2016,8:42:08,1013,Bread
11/11/2016,8:53:11,1014,Coffee
11/11/2016,8:53:11,1014,Scandinavian
11/11/2016,8:56:42,1015,Bread
11/11/2016,8:56:42,1015,Farm House
11/11/2016,8:56:42,1015,Pastry
11/11/2016,8:56:42,1015,Medialuna
11/11/2016,8:58:33,1016,Medialuna
11/11/2016,9:08:56,1017,Coffee
11/11/2016,9:11:49,1018,Bread
11/11/2016,9:11:49,1018,Farm House
11/11/2016,9:13:15,1019,Bread
11/11/2016,9:16:17,1020,Keeping It Local
11/11/2016,9:16:17,1020,Bread
11/11/2016,9:18:02,1021,Bread
11/11/2016,9:18:02,1021,Medialuna
11/11/2016,9:22:39,1022,Tea
11/11/2016,9:25:15,1023,Coffee
11/11/2016,9:25:15,1023,Coffee
11/11/2016,9:25:15,1023,Pastry
11/11/2016,9:25:15,1023,Keeping It Local
11/11/2016,9:28:49,1024,Coffee
11/11/2016,9:29:24,1025,Tea
11/11/2016,9:33:03,1026,Hot chocolate
11/11/2016,9:39:26,1027,Tea
11/11/2016,9:39:26,1027,Sandwich
11/11/2016,9:51:19,1028,Bread
11/11/2016,9:57:15,1029,Medialuna
11/11/2016,9:57:15,1029,Muffin
11/11/2016,9:57:15,1029,Brownie
11/11/2016,10:03:29,1030,Coffee
11/11/2016,10:03:29,1030,Muffin
11/11/2016,10:06:14,1031,Bread
11/11/2016,10:07:17,1032,Coffee
11/11/2016,10:07:17,1032,Medialuna
11/11/2016,10:09:17,1033,Coffee
11/11/2016,10:09:58,1034,Coffee
11/11/2016,10:09:58,1034,Medialuna
11/11/2016,10:12:35,1035,Coffee
11/11/2016,10:18:22,1036,Coffee
11/11/2016,10:18:22,1036,Hot chocolate
11/11/2016,10:18:22,1036,Brownie
11/11/2016,10:18:22,1036,Bread
11/11/2016,10:21:19,1037,Bread
11/11/2016,10:21:19,1037,Bread
11/11/2016,10:24:19,1038,Bread
11/11/2016,10:31:43,1039,Coffee
11/11/2016,10:31:43,1039,Brownie
11/11/2016,10:34:21,1040,Ella's Kitchen Pouches
11/11/2016,10:34:21,1040,Coffee
11/11/2016,10:34:21,1040,Coffee
11/11/2016,10:34:21,1040,Medialuna
11/11/2016,10:34:21,1040,Pastry
11/11/2016,10:35:55,1041,Jam
11/11/2016,10:38:05,1042,Bread
11/11/2016,10:44:56,1043,Ella's Kitchen Pouches
11/11/2016,10:46:42,1044,Coffee
11/11/2016,10:46:42,1044,Coffee
11/11/2016,10:46:42,1044,Muffin
11/11/2016,11:13:24,1046,Tea
11/11/2016,11:13:24,1046,Coffee
11/11/2016,11:13:24,1046,Truffles
11/11/2016,11:14:57,1047,Coffee
11/11/2016,11:18:38,1048,Pastry
11/11/2016,11:18:38,1048,Brownie
11/11/2016,11:20:04,1049,Brownie
11/11/2016,11:20:04,1049,Bread
11/11/2016,11:21:23,1050,Bread
11/11/2016,11:21:23,1050,Coffee
11/11/2016,11:23:36,1051,Bread
11/11/2016,11:23:36,1051,Pastry
11/11/2016,11:25:11,1052,Alfajores
11/11/2016,11:25:11,1052,Bread
11/11/2016,11:31:09,1053,Brownie
11/11/2016,11:31:09,1053,Muffin
11/11/2016,11:31:09,1053,Scandinavian
11/11/2016,11:32:44,1054,Coffee
11/11/2016,11:34:40,1055,Fudge
11/11/2016,11:41:37,1056,Tea
11/11/2016,11:41:37,1056,Brownie
11/11/2016,11:42:49,1057,Bread
11/11/2016,11:45:01,1058,Bread
11/11/2016,11:45:01,1058,Muffin
11/11/2016,11:56:17,1059,Scandinavian
11/11/2016,11:56:35,1060,Bread
11/11/2016,11:56:57,1061,Coffee
11/11/2016,12:02:21,1062,Bread
11/11/2016,12:07:00,1063,Coffee
11/11/2016,12:07:00,1063,Soup
11/11/2016,12:17:23,1064,Soup
11/11/2016,12:19:46,1065,Coffee
11/11/2016,12:19:46,1065,Bread
11/11/2016,12:19:46,1065,Coffee
11/11/2016,12:19:46,1065,Alfajores
11/11/2016,12:19:46,1065,Alfajores
11/11/2016,12:21:37,1066,Farm House
11/11/2016,12:40:32,1068,Farm House
11/11/2016,12:40:32,1068,Chimichurri Oil
11/11/2016,12:55:18,1069,Farm House
11/11/2016,12:58:54,1070,Sandwich
11/11/2016,13:05:58,1071,Soup
11/11/2016,13:05:58,1071,Bread
11/11/2016,13:32:26,1072,Coffee
11/11/2016,13:32:26,1072,Art Tray
11/11/2016,13:32:26,1072,Frittata
11/11/2016,13:32:26,1072,Sandwich
11/11/2016,13:46:24,1073,Scandinavian
11/11/2016,13:46:24,1073,Fairy Doors
11/11/2016,13:49:12,1074,Mineral water
11/11/2016,13:49:12,1074,Cookies
11/11/2016,13:50:43,1075,Brownie
11/11/2016,13:50:43,1075,Coffee
11/11/2016,13:50:43,1075,Coffee
11/11/2016,13:59:45,1076,Bread
11/11/2016,13:59:45,1076,Hearty & Seasonal
11/11/2016,14:00:15,1077,Hearty & Seasonal
11/11/2016,14:00:15,1077,Bread
11/11/2016,14:15:49,1078,Scandinavian
11/11/2016,14:15:49,1078,Focaccia
11/11/2016,14:17:27,1080,Fudge
11/11/2016,14:20:49,1081,Coffee
11/11/2016,14:20:49,1081,Tea
11/11/2016,14:20:49,1081,Cake
11/11/2016,14:34:49,1082,Coffee
11/11/2016,14:40:30,1083,Truffles
11/11/2016,14:55:51,1084,Coffee
11/11/2016,14:55:51,1084,Coffee
11/11/2016,14:55:51,1084,Brownie
11/11/2016,14:56:31,1085,Scandinavian
11/11/2016,14:58:05,1086,Muffin
11/11/2016,14:58:05,1086,Coffee
11/11/2016,15:08:39,1087,Soup
11/11/2016,15:08:39,1087,Coke
11/11/2016,15:08:39,1087,Hot chocolate
11/11/2016,15:08:39,1087,Fudge
11/11/2016,15:09:27,1088,Sandwich
11/11/2016,15:09:27,1088,Juice
11/11/2016,15:09:27,1088,Alfajores
11/11/2016,16:08:37,1089,Coffee
11/11/2016,16:08:37,1089,Alfajores
11/11/2016,16:20:18,1090,Brownie
11/11/2016,16:20:18,1090,Coffee
11/11/2016,16:20:18,1090,Hot chocolate
11/11/2016,16:20:18,1090,Coffee
11/11/2016,16:20:18,1090,Juice
11/11/2016,16:29:37,1091,Scandinavian
11/11/2016,16:35:27,1092,Coffee
11/11/2016,16:37:17,1093,Hot chocolate
11/11/2016,16:37:17,1093,My-5 Fruit Shoot
11/11/2016,16:37:17,1093,Cake
11/11/2016,16:39:33,1094,Soup
11/11/2016,16:39:33,1094,Sandwich
11/11/2016,16:39:33,1094,Tea
11/11/2016,16:39:33,1094,Alfajores
11/11/2016,16:39:33,1094,Alfajores
11/11/2016,16:40:34,1095,Mineral water
11/11/2016,16:52:27,1096,Bread
11/11/2016,17:03:43,1097,Scandinavian
11/11/2016,17:05:25,1098,Tea
11/11/2016,17:11:10,1099,Tea
11/11/2016,17:13:33,1100,Fudge
11/11/2016,17:24:59,1101,Scandinavian
11/11/2016,17:33:05,1102,Coffee
11/11/2016,17:33:24,1103,Coffee
12/11/2016,8:44:48,1104,Medialuna
12/11/2016,8:44:48,1104,Coffee
12/11/2016,9:03:16,1105,Bread
12/11/2016,9:14:49,1106,Bread
12/11/2016,9:14:49,1106,Pastry
12/11/2016,9:14:49,1106,Medialuna
12/11/2016,9:14:49,1106,Coffee
12/11/2016,9:25:06,1107,Pastry
12/11/2016,9:25:06,1107,Bread
12/11/2016,9:38:40,1108,Coffee
12/11/2016,9:38:40,1108,Coffee
12/11/2016,9:38:40,1108,Hot chocolate
12/11/2016,9:38:40,1108,Bread
12/11/2016,9:38:40,1108,Pastry
12/11/2016,9:38:40,1108,Medialuna
12/11/2016,9:46:49,1109,Coffee
12/11/2016,9:48:28,1110,Jam
12/11/2016,9:48:28,1110,Bread
12/11/2016,9:49:58,1111,Medialuna
12/11/2016,9:53:48,1112,Medialuna
12/11/2016,9:53:48,1112,Medialuna
12/11/2016,9:53:48,1112,Bread
12/11/2016,9:59:05,1114,Coffee
12/11/2016,10:00:52,1115,Coffee
12/11/2016,10:07:20,1116,Bread
12/11/2016,10:09:57,1117,Coffee
12/11/2016,10:09:57,1117,Muffin
12/11/2016,10:11:46,1118,Medialuna
12/11/2016,10:11:46,1118,Bread
12/11/2016,10:12:56,1119,Bread
12/11/2016,10:20:58,1120,Bread
12/11/2016,10:20:58,1120,Medialuna
12/11/2016,10:23:48,1121,Coffee
12/11/2016,10:23:48,1121,Pastry
12/11/2016,10:23:48,1121,Brownie
12/11/2016,10:24:36,1122,Medialuna
12/11/2016,10:24:36,1122,Scandinavian
12/11/2016,10:26:38,1123,Bread
12/11/2016,10:28:23,1124,Coffee
12/11/2016,10:28:23,1124,Muffin
12/11/2016,10:33:21,1125,Bread
12/11/2016,10:34:04,1126,Coffee
12/11/2016,10:40:15,1127,Medialuna
12/11/2016,10:40:15,1127,Muffin
12/11/2016,10:45:49,1128,Bread
12/11/2016,10:53:19,1129,Coffee
12/11/2016,10:57:06,1130,Alfajores
12/11/2016,10:57:06,1130,Bread
12/11/2016,10:57:06,1130,Scandinavian
12/11/2016,11:01:36,1131,Coffee
12/11/2016,11:03:41,1132,Bread
12/11/2016,11:05:30,1133,Medialuna
12/11/2016,11:12:40,1134,Coffee
12/11/2016,11:12:40,1134,Scandinavian
12/11/2016,11:15:30,1135,Coffee
12/11/2016,11:15:30,1135,Tea
12/11/2016,11:15:30,1135,Brownie
12/11/2016,11:15:30,1135,Truffles
12/11/2016,11:15:30,1135,Muffin
12/11/2016,11:17:06,1136,Tartine
12/11/2016,11:17:06,1136,Coffee
12/11/2016,11:18:45,1137,Coffee
12/11/2016,11:18:45,1137,Coffee
12/11/2016,11:21:17,1138,Alfajores
12/11/2016,11:21:17,1138,Scandinavian
12/11/2016,11:29:49,1139,Coffee
12/11/2016,11:29:49,1139,Medialuna
12/11/2016,11:29:49,1139,Hot chocolate
12/11/2016,11:31:17,1140,Coffee
12/11/2016,11:31:17,1140,Muffin
12/11/2016,11:31:17,1140,Alfajores
12/11/2016,11:38:14,1141,Farm House
12/11/2016,11:38:14,1141,Coffee
12/11/2016,11:38:14,1141,Coffee
12/11/2016,11:38:14,1141,Muffin
12/11/2016,11:38:14,1141,Brownie
12/11/2016,11:45:48,1142,Bread
12/11/2016,11:45:48,1142,Coffee
12/11/2016,11:45:48,1142,Medialuna
12/11/2016,11:45:48,1142,Farm House
12/11/2016,11:47:45,1143,Farm House
12/11/2016,11:47:45,1143,Scandinavian
12/11/2016,11:50:34,1144,Truffles
12/11/2016,11:50:34,1144,Bread
12/11/2016,11:50:34,1144,Coffee
12/11/2016,12:00:46,1145,Frittata
12/11/2016,12:00:46,1145,Soup
12/11/2016,12:00:46,1145,Coffee
12/11/2016,12:00:46,1145,Coffee
12/11/2016,12:01:37,1146,Scandinavian
12/11/2016,12:01:37,1146,Eggs
12/11/2016,12:03:08,1147,Brownie
12/11/2016,12:03:08,1147,Truffles
12/11/2016,12:03:08,1147,Coffee
12/11/2016,12:03:08,1147,Coffee
12/11/2016,12:09:35,1148,Scandinavian
12/11/2016,12:19:47,1149,Coke
12/11/2016,12:22:37,1150,Sandwich
12/11/2016,12:22:37,1150,Soup
12/11/2016,12:22:37,1150,Coffee
12/11/2016,12:22:37,1150,Alfajores
12/11/2016,12:38:17,1151,Tea
12/11/2016,12:38:17,1151,Juice
12/11/2016,12:38:17,1151,Hearty & Seasonal
12/11/2016,12:38:17,1151,Hearty & Seasonal
12/11/2016,12:40:44,1152,Truffles
12/11/2016,12:45:16,1153,Coffee
12/11/2016,12:45:16,1153,Coffee
12/11/2016,12:45:16,1153,Muffin
12/11/2016,12:45:16,1153,Brownie
12/11/2016,13:00:40,1154,Bread
12/11/2016,13:05:00,1155,Bowl Nic Pitt
12/11/2016,13:05:00,1155,Frittata
12/11/2016,13:05:00,1155,Muffin
12/11/2016,13:05:00,1155,Coffee
12/11/2016,13:10:34,1156,Soup
12/11/2016,13:10:34,1156,Frittata
12/11/2016,13:10:34,1156,Brownie
12/11/2016,13:10:34,1156,Coffee
12/11/2016,13:10:34,1156,Tea
12/11/2016,13:12:14,1157,Hot chocolate
12/11/2016,13:12:14,1157,Coffee
12/11/2016,13:12:14,1157,Muffin
12/11/2016,13:12:14,1157,Alfajores
12/11/2016,13:16:38,1158,Scandinavian
12/11/2016,13:16:38,1158,Keeping It Local
12/11/2016,13:16:38,1158,Tea
12/11/2016,13:16:38,1158,Coffee
12/11/2016,13:16:38,1158,Alfajores
12/11/2016,13:19:37,1159,Bread
12/11/2016,13:21:36,1160,Fudge
12/11/2016,13:23:34,1161,Farm House
12/11/2016,13:29:13,1162,Farm House
12/11/2016,13:43:19,1163,Coffee
12/11/2016,13:43:19,1163,Coffee
12/11/2016,13:43:19,1163,Brownie
12/11/2016,13:43:19,1163,Muffin
12/11/2016,13:55:38,1164,Soup
12/11/2016,13:55:38,1164,Coffee
12/11/2016,13:55:38,1164,Bread
12/11/2016,13:57:49,1165,Frittata
12/11/2016,13:57:49,1165,Bread
12/11/2016,13:57:49,1165,Muffin
12/11/2016,14:00:25,1166,Farm House
12/11/2016,14:00:25,1166,Bread
12/11/2016,14:00:25,1166,Muffin
12/11/2016,14:06:37,1167,Bread
12/11/2016,14:07:49,1168,Bread
12/11/2016,14:07:49,1168,Coffee
12/11/2016,14:07:49,1168,Bread
12/11/2016,14:08:25,1169,Farm House
12/11/2016,14:18:07,1170,Bread
12/11/2016,14:18:07,1170,Coffee
12/11/2016,14:18:07,1170,Muffin
12/11/2016,14:18:07,1170,Cookies
12/11/2016,14:19:22,1171,Hot chocolate
12/11/2016,14:19:22,1171,Coffee
12/11/2016,14:20:07,1172,Muffin
12/11/2016,14:20:07,1172,Jam
12/11/2016,14:22:20,1173,Coffee
12/11/2016,14:22:20,1173,Hot chocolate
12/11/2016,14:22:20,1173,Tea
12/11/2016,14:26:11,1174,Coffee
12/11/2016,14:26:11,1174,Coffee
12/11/2016,14:26:11,1174,Alfajores
12/11/2016,14:35:38,1175,Tea
12/11/2016,14:35:38,1175,Hearty & Seasonal
12/11/2016,14:35:38,1175,Farm House
12/11/2016,14:42:31,1176,Bread
12/11/2016,14:42:31,1176,Coffee
12/11/2016,14:42:31,1176,Alfajores
12/11/2016,14:42:31,1176,Cookies
12/11/2016,14:48:20,1177,Hearty & Seasonal
12/11/2016,14:48:20,1177,Sandwich
12/11/2016,14:48:20,1177,Bread
12/11/2016,14:48:20,1177,Muffin
12/11/2016,14:48:20,1177,Brownie
12/11/2016,15:00:37,1178,Coffee
12/11/2016,15:00:37,1178,Truffles
12/11/2016,15:00:37,1178,Brownie
12/11/2016,15:00:37,1178,Alfajores
12/11/2016,15:03:00,1179,Coffee
12/11/2016,15:03:00,1179,Tea
12/11/2016,15:03:00,1179,Bread
12/11/2016,15:06:05,1180,Tea
12/11/2016,15:06:05,1180,Coffee
12/11/2016,15:06:05,1180,Muffin
12/11/2016,15:06:05,1180,Keeping It Local
12/11/2016,15:09:52,1181,Coffee
12/11/2016,15:09:52,1181,Alfajores
12/11/2016,15:15:47,1182,Bread
12/11/2016,15:20:01,1183,Tea
12/11/2016,15:20:01,1183,Hot chocolate
12/11/2016,15:20:01,1183,Alfajores
12/11/2016,15:25:12,1184,Bread
12/11/2016,15:29:07,1185,Alfajores
12/11/2016,15:29:07,1185,Truffles
12/11/2016,15:31:17,1186,Bread
12/11/2016,15:32:29,1187,Bread
12/11/2016,15:32:29,1187,Brownie
12/11/2016,15:32:29,1187,Muffin
12/11/2016,15:35:24,1188,Coffee
12/11/2016,15:35:24,1188,Brownie
12/11/2016,15:35:24,1188,Coffee
12/11/2016,15:37:02,1189,Bread
12/11/2016,15:37:02,1189,Bread
12/11/2016,15:47:59,1190,Bread
12/11/2016,15:47:59,1190,Alfajores
12/11/2016,15:47:59,1190,Muffin
12/11/2016,15:53:47,1191,Truffles
12/11/2016,15:53:47,1191,Frittata
12/11/2016,15:54:58,1192,Coffee
12/11/2016,16:03:19,1193,Bread
12/11/2016,16:09:16,1194,Coffee
12/11/2016,16:09:16,1194,Muffin
12/11/2016,16:12:36,1195,Muffin
12/11/2016,16:13:45,1196,Juice
12/11/2016,16:14:10,1197,Coffee
12/11/2016,16:36:12,1198,Muffin
12/11/2016,16:46:30,1199,Bread
12/11/2016,16:59:00,1200,Coffee
13/11/2016,9:32:34,1201,Tartine
13/11/2016,9:32:34,1201,Coffee
13/11/2016,9:32:34,1201,Tea
13/11/2016,9:47:12,1202,Coffee
13/11/2016,9:48:58,1203,Coffee
13/11/2016,9:48:58,1203,Tea
13/11/2016,9:50:39,1204,Medialuna
13/11/2016,9:50:39,1204,Coffee
13/11/2016,9:55:59,1205,Medialuna
13/11/2016,9:55:59,1205,Bread
13/11/2016,9:55:59,1205,Coffee
13/11/2016,9:55:59,1205,Pastry
13/11/2016,9:55:59,1205,Farm House
13/11/2016,9:59:00,1206,Bread
13/11/2016,9:59:00,1206,Pastry
13/11/2016,9:59:00,1206,Bread
13/11/2016,10:03:42,1207,Medialuna
13/11/2016,10:03:42,1207,Coffee
13/11/2016,10:03:42,1207,Bread
13/11/2016,10:15:17,1208,Pastry
13/11/2016,10:19:25,1209,Bread
13/11/2016,10:21:02,1210,Medialuna
13/11/2016,10:21:02,1210,Pastry
13/11/2016,10:21:02,1210,Bread
13/11/2016,10:24:58,1211,Coffee
13/11/2016,10:24:58,1211,Keeping It Local
13/11/2016,10:30:44,1212,Bread
13/11/2016,10:30:44,1212,Farm House
13/11/2016,10:30:44,1212,Jam
13/11/2016,10:30:44,1212,Pastry
13/11/2016,10:35:55,1213,Bread
13/11/2016,10:45:21,1214,Coffee
13/11/2016,10:45:21,1214,Medialuna
13/11/2016,10:53:17,1215,Coffee
13/11/2016,11:07:58,1216,Tea
13/11/2016,11:07:58,1216,Bread
13/11/2016,11:12:10,1217,Bread
13/11/2016,11:12:10,1217,Pastry
13/11/2016,11:16:05,1218,Hearty & Seasonal
13/11/2016,11:16:39,1219,Scandinavian
13/11/2016,11:19:32,1220,Coffee
13/11/2016,11:19:32,1220,Hot chocolate
13/11/2016,11:19:32,1220,Pastry
13/11/2016,11:23:11,1221,Bread
13/11/2016,11:23:11,1221,Muffin
13/11/2016,11:25:10,1222,Coffee
13/11/2016,11:25:10,1222,Keeping It Local
13/11/2016,11:28:57,1223,Bread
13/11/2016,11:28:57,1223,Coffee
13/11/2016,11:28:57,1223,Medialuna
13/11/2016,11:31:06,1224,Coffee
13/11/2016,11:31:06,1224,Pastry
13/11/2016,11:31:06,1224,Bread
13/11/2016,11:33:56,1225,Medialuna
13/11/2016,11:34:54,1226,Brownie
13/11/2016,11:37:33,1227,Muffin
13/11/2016,11:41:45,1228,Hearty & Seasonal
13/11/2016,11:42:45,1229,Coffee
13/11/2016,11:42:45,1229,Bread
13/11/2016,11:44:44,1230,Coffee
13/11/2016,11:44:44,1230,Alfajores
13/11/2016,11:48:20,1231,Coffee
13/11/2016,11:48:20,1231,Coffee
13/11/2016,11:48:20,1231,Keeping It Local
13/11/2016,11:48:20,1231,Bread
13/11/2016,11:49:59,1232,Bread
13/11/2016,11:50:37,1233,Coffee
13/11/2016,11:53:14,1234,Coffee
13/11/2016,11:53:14,1234,Coffee
13/11/2016,11:53:14,1234,Hot chocolate
13/11/2016,11:53:14,1234,Medialuna
13/11/2016,11:54:03,1235,Brownie
13/11/2016,11:54:03,1235,Bread
13/11/2016,11:55:19,1236,Bread
13/11/2016,11:57:47,1237,Sandwich
13/11/2016,11:57:47,1237,Coffee
13/11/2016,11:57:47,1237,Coffee
13/11/2016,11:59:58,1238,Bread
13/11/2016,11:59:58,1238,Bread
13/11/2016,11:59:58,1238,Brownie
13/11/2016,12:02:45,1239,Brownie
13/11/2016,12:02:45,1239,Coffee
13/11/2016,12:02:45,1239,Bread
13/11/2016,12:07:00,1240,Sandwich
13/11/2016,12:07:00,1240,Brownie
13/11/2016,12:07:00,1240,Hot chocolate
13/11/2016,12:07:00,1240,Coffee
13/11/2016,12:07:59,1241,Coffee
13/11/2016,12:14:13,1242,Bread
13/11/2016,12:14:13,1242,Mineral water
13/11/2016,12:16:32,1243,Coffee
13/11/2016,12:16:32,1243,Coffee
13/11/2016,12:17:09,1244,Bread
13/11/2016,12:28:48,1245,Bread
13/11/2016,12:45:22,1246,Coffee
13/11/2016,12:53:08,1247,Bread
13/11/2016,13:01:23,1248,Bacon
13/11/2016,13:01:23,1248,Art Tray
13/11/2016,13:01:23,1248,Coffee
13/11/2016,13:01:23,1248,Coffee
13/11/2016,13:01:23,1248,Juice
13/11/2016,13:04:04,1249,Bread
13/11/2016,13:13:15,1250,Coffee
13/11/2016,13:17:17,1251,Hearty & Seasonal
13/11/2016,13:17:17,1251,Coffee
13/11/2016,13:17:17,1251,Tea
13/11/2016,13:19:35,1252,Brownie
13/11/2016,13:19:35,1252,Medialuna
13/11/2016,13:19:35,1252,Muffin
13/11/2016,13:29:47,1253,Bread
13/11/2016,13:37:07,1254,Bread
13/11/2016,13:37:07,1254,Brownie
13/11/2016,13:37:07,1254,Muffin
13/11/2016,13:37:07,1254,Bread
13/11/2016,13:37:07,1254,My-5 Fruit Shoot
13/11/2016,13:39:25,1255,Brownie
13/11/2016,13:39:25,1255,Alfajores
13/11/2016,13:39:25,1255,Coffee
13/11/2016,13:39:25,1255,Bread
13/11/2016,13:50:52,1256,Bread
13/11/2016,13:50:52,1256,Jam
13/11/2016,13:50:52,1256,Spread
13/11/2016,13:52:27,1257,Brownie
13/11/2016,13:59:28,1258,Coffee
13/11/2016,13:59:28,1258,Hearty & Seasonal
13/11/2016,14:14:28,1259,Bread
13/11/2016,14:14:28,1259,Bread
13/11/2016,14:14:28,1259,Keeping It Local
13/11/2016,14:14:28,1259,Hearty & Seasonal
13/11/2016,14:14:28,1259,Tea
13/11/2016,14:28:42,1260,Coffee
13/11/2016,14:28:42,1260,Coke
13/11/2016,14:28:42,1260,Mineral water
13/11/2016,14:28:42,1260,Bread
13/11/2016,14:28:42,1260,Brownie
13/11/2016,14:36:10,1261,Muffin
13/11/2016,14:36:10,1261,Coffee
13/11/2016,14:36:10,1261,Tea
13/11/2016,14:39:17,1262,Bread
13/11/2016,15:02:03,1263,Bread
13/11/2016,15:12:01,1264,Coffee
13/11/2016,15:12:01,1264,Coffee
13/11/2016,15:12:01,1264,Tea
13/11/2016,15:12:01,1264,Frittata
13/11/2016,15:12:01,1264,Keeping It Local
13/11/2016,15:12:01,1264,Bread
13/11/2016,15:23:40,1265,Cookies
13/11/2016,16:35:54,1266,Bread
13/11/2016,16:35:54,1266,Cake
13/11/2016,16:39:20,1267,Coffee
13/11/2016,16:39:20,1267,Coffee
13/11/2016,16:39:20,1267,Fudge
13/11/2016,16:39:20,1267,Bread
13/11/2016,16:41:30,1268,Muffin
13/11/2016,16:45:17,1269,Coffee
13/11/2016,16:45:17,1269,Kids biscuit
13/11/2016,16:47:09,1270,Juice
13/11/2016,16:47:09,1270,Muffin
13/11/2016,16:47:09,1270,Brownie
13/11/2016,16:47:49,1271,Kids biscuit
13/11/2016,16:59:24,1272,Kids biscuit
13/11/2016,17:42:47,1273,Art Tray
13/11/2016,17:42:47,1273,Tartine
13/11/2016,17:47:29,1274,Fudge
13/11/2016,17:47:29,1274,My-5 Fruit Shoot
13/11/2016,17:47:29,1274,Kids biscuit
13/11/2016,17:47:29,1274,Muffin
14/11/2016,7:39:27,1275,Coffee
14/11/2016,8:31:39,1276,Coffee
14/11/2016,8:57:31,1277,Tea
14/11/2016,8:57:31,1277,Medialuna
14/11/2016,8:58:51,1278,Medialuna
14/11/2016,8:58:51,1278,Coffee
14/11/2016,9:11:20,1279,Coffee
14/11/2016,9:17:55,1280,Coffee
14/11/2016,9:17:55,1280,Medialuna
14/11/2016,9:31:00,1281,Pastry
14/11/2016,9:31:00,1281,Coffee
14/11/2016,9:38:03,1282,Keeping It Local
14/11/2016,9:38:03,1282,Tea
14/11/2016,9:38:03,1282,Coffee
14/11/2016,9:38:03,1282,Coffee
14/11/2016,9:59:56,1283,Farm House
14/11/2016,10:01:15,1284,Tea
14/11/2016,10:01:15,1284,Truffles
14/11/2016,10:05:05,1285,Farm House
14/11/2016,10:06:17,1286,Coffee
14/11/2016,10:06:17,1286,Keeping It Local
14/11/2016,10:12:01,1287,Medialuna
14/11/2016,10:12:01,1287,Truffles
14/11/2016,10:12:01,1287,Tea
14/11/2016,10:13:05,1288,Tea
14/11/2016,10:13:05,1288,Keeping It Local
14/11/2016,10:14:51,1289,Medialuna
14/11/2016,10:14:51,1289,Pastry
14/11/2016,10:14:51,1289,Truffles
14/11/2016,10:18:40,1290,Pastry
14/11/2016,10:32:27,1291,Focaccia
14/11/2016,10:32:27,1291,Farm House
14/11/2016,10:44:13,1292,Coffee
14/11/2016,10:44:13,1292,Bread
14/11/2016,10:49:38,1293,Coffee
14/11/2016,10:49:38,1293,Truffles
14/11/2016,10:59:34,1294,Coffee
14/11/2016,10:59:34,1294,Coffee
14/11/2016,10:59:34,1294,Kids biscuit
14/11/2016,11:12:12,1295,Coffee
14/11/2016,11:12:12,1295,Tea
14/11/2016,11:17:05,1296,Coffee
14/11/2016,11:17:05,1296,Coffee
14/11/2016,11:18:59,1297,Bread
14/11/2016,11:18:59,1297,Bread
14/11/2016,11:24:21,1298,Bread
14/11/2016,11:35:44,1299,Medialuna
14/11/2016,11:36:49,1300,Bread
14/11/2016,11:40:40,1301,Tea
14/11/2016,11:40:40,1301,Bread
14/11/2016,12:00:22,1303,Mineral water
14/11/2016,12:00:22,1303,Coffee
14/11/2016,12:00:22,1303,Kids biscuit
14/11/2016,12:00:22,1303,Muffin
14/11/2016,12:05:23,1304,Pastry
14/11/2016,12:08:51,1305,Coffee
14/11/2016,12:08:51,1305,Keeping It Local
14/11/2016,12:20:23,1306,Bread
14/11/2016,12:20:23,1306,Sandwich
14/11/2016,12:20:23,1306,Tea
14/11/2016,12:22:39,1307,Fudge
14/11/2016,12:22:39,1307,Fudge
14/11/2016,12:22:39,1307,Bread
14/11/2016,12:22:39,1307,Truffles
14/11/2016,12:28:32,1308,Sandwich
14/11/2016,12:28:32,1308,Coffee
14/11/2016,12:29:09,1309,Coffee
14/11/2016,12:29:09,1309,Tea
14/11/2016,12:29:09,1309,Truffles
14/11/2016,12:39:12,1310,Bread
14/11/2016,12:41:02,1311,Sandwich
14/11/2016,12:41:02,1311,Coffee
14/11/2016,12:41:02,1311,Tea
14/11/2016,12:52:11,1313,Coffee
14/11/2016,13:03:24,1314,Sandwich
14/11/2016,13:03:24,1314,Bread
14/11/2016,13:09:13,1315,Hearty & Seasonal
14/11/2016,13:09:13,1315,Hearty & Seasonal
14/11/2016,13:09:13,1315,Alfajores
14/11/2016,13:09:13,1315,Truffles
14/11/2016,13:14:17,1316,Frittata
14/11/2016,13:14:17,1316,Muffin
14/11/2016,13:14:17,1316,Coffee
14/11/2016,13:14:17,1316,Coffee
14/11/2016,13:19:14,1317,Sandwich
14/11/2016,13:19:14,1317,Hot chocolate
14/11/2016,13:19:14,1317,Coffee
14/11/2016,13:19:14,1317,Hearty & Seasonal
14/11/2016,13:19:14,1317,Cookies
14/11/2016,13:20:35,1318,Bread
14/11/2016,13:20:35,1318,Bread
14/11/2016,13:20:35,1318,Sandwich
14/11/2016,13:35:47,1319,Farm House
14/11/2016,13:36:40,1320,Coffee
14/11/2016,13:36:40,1320,Muffin
14/11/2016,13:38:42,1321,Scandinavian
14/11/2016,13:38:42,1321,Bread
14/11/2016,13:41:26,1322,Sandwich
14/11/2016,13:41:26,1322,Soup
14/11/2016,13:41:26,1322,Coffee
14/11/2016,13:41:26,1322,Tea
14/11/2016,13:45:05,1323,Farm House
14/11/2016,13:49:16,1324,Coffee
14/11/2016,13:49:16,1324,Tea
14/11/2016,14:01:15,1325,Soup
14/11/2016,14:01:15,1325,Jam
14/11/2016,14:01:15,1325,Muffin
14/11/2016,14:01:15,1325,Coffee
14/11/2016,14:02:19,1326,Bread
14/11/2016,14:06:07,1327,Coffee
14/11/2016,14:06:07,1327,Soup
14/11/2016,14:41:15,1328,Coffee
14/11/2016,14:41:15,1328,Coffee
14/11/2016,14:41:15,1328,Muffin
14/11/2016,14:43:40,1329,Bread
14/11/2016,14:43:40,1329,Muffin
14/11/2016,14:43:40,1329,Kids biscuit
14/11/2016,15:02:36,1330,Coffee
14/11/2016,15:02:36,1330,Bread
14/11/2016,15:14:46,1331,Coffee
14/11/2016,15:29:08,1332,Muffin
14/11/2016,15:34:10,1333,Ella's Kitchen Pouches
14/11/2016,15:34:10,1333,Bread
14/11/2016,15:34:10,1333,Muffin
14/11/2016,15:40:05,1334,Soup
14/11/2016,15:40:05,1334,Sandwich
14/11/2016,15:40:05,1334,Frittata
14/11/2016,15:42:20,1335,Bread
14/11/2016,15:42:20,1335,Sandwich
14/11/2016,15:56:19,1336,Coffee
14/11/2016,15:56:19,1336,Bread
14/11/2016,15:56:19,1336,Coffee
14/11/2016,15:56:19,1336,Bread
14/11/2016,15:56:19,1336,Cookies
14/11/2016,16:08:48,1337,Bread
14/11/2016,16:08:48,1337,Art Tray
14/11/2016,16:08:48,1337,Tea
14/11/2016,16:08:48,1337,Hot chocolate
14/11/2016,16:11:32,1338,Art Tray
14/11/2016,16:11:32,1338,Coffee
14/11/2016,16:11:32,1338,Hot chocolate
14/11/2016,16:11:32,1338,Juice
14/11/2016,16:11:32,1338,Muffin
14/11/2016,16:26:53,1339,Hot chocolate
14/11/2016,16:26:53,1339,Coffee
14/11/2016,17:12:26,1340,Farm House
14/11/2016,18:17:07,1341,Farm House
14/11/2016,18:17:07,1341,Muffin
15/11/2016,7:42:27,1342,Coffee
15/11/2016,7:42:27,1342,Medialuna
15/11/2016,8:14:31,1343,Bread
15/11/2016,8:14:31,1343,Keeping It Local
15/11/2016,9:02:19,1344,Coffee
15/11/2016,9:07:38,1345,Bread
15/11/2016,9:13:22,1346,Medialuna
15/11/2016,9:13:22,1346,Tea
15/11/2016,9:13:22,1346,Coffee
15/11/2016,9:16:53,1347,Hot chocolate
15/11/2016,9:17:58,1348,Coffee
15/11/2016,9:19:02,1349,Coke
15/11/2016,9:23:39,1350,Coffee
15/11/2016,9:36:13,1351,Farm House
15/11/2016,10:01:55,1352,Coffee
15/11/2016,10:01:55,1352,Coffee
15/11/2016,10:01:55,1352,Keeping It Local
15/11/2016,10:01:55,1352,Bread
15/11/2016,10:07:20,1353,Coffee
15/11/2016,10:07:20,1353,Truffles
15/11/2016,10:09:45,1354,Coffee
15/11/2016,10:18:15,1355,Coffee
15/11/2016,10:18:15,1355,Tea
15/11/2016,10:18:15,1355,Keeping It Local
15/11/2016,10:46:13,1356,Coffee
15/11/2016,10:46:13,1356,Keeping It Local
15/11/2016,10:49:21,1357,Coffee
15/11/2016,10:49:21,1357,Tea
15/11/2016,10:52:23,1358,Coffee
15/11/2016,11:02:54,1359,Coffee
15/11/2016,11:04:23,1360,Coffee
15/11/2016,11:04:23,1360,Bread
15/11/2016,11:06:29,1361,Coffee
15/11/2016,11:10:30,1362,Bread
15/11/2016,11:15:32,1363,Farm House
15/11/2016,11:37:16,1364,Coffee
15/11/2016,11:37:16,1364,Kids biscuit
15/11/2016,11:41:36,1365,Tea
15/11/2016,11:41:36,1365,Muffin
15/11/2016,11:43:28,1366,Bread
15/11/2016,11:44:22,1367,Coffee
15/11/2016,11:44:22,1367,Pastry
15/11/2016,11:51:10,1368,Scandinavian
15/11/2016,11:51:10,1368,Coffee
15/11/2016,11:51:10,1368,Soup
15/11/2016,11:56:51,1369,Scandinavian
15/11/2016,11:56:51,1369,Pastry
15/11/2016,11:56:51,1369,Muffin
15/11/2016,12:00:24,1370,Coffee
15/11/2016,12:00:24,1370,Pastry
15/11/2016,12:08:55,1371,Soup
15/11/2016,12:08:55,1371,Hearty & Seasonal
15/11/2016,12:08:55,1371,Tea
15/11/2016,12:13:28,1372,Bread
15/11/2016,12:13:28,1372,Scandinavian
15/11/2016,12:18:46,1373,Scandinavian
15/11/2016,12:18:46,1373,Bread
15/11/2016,12:18:46,1373,Truffles
15/11/2016,12:20:36,1374,Coffee
15/11/2016,12:20:36,1374,Coffee
15/11/2016,12:20:36,1374,Soup
15/11/2016,12:22:24,1375,Medialuna
15/11/2016,12:22:24,1375,Medialuna
15/11/2016,12:28:25,1376,Coffee
15/11/2016,12:28:25,1376,Coffee
15/11/2016,12:28:25,1376,Medialuna
15/11/2016,12:28:25,1376,Medialuna
15/11/2016,12:28:25,1376,Bread
15/11/2016,12:36:12,1377,Bread
15/11/2016,12:37:47,1378,Coffee
15/11/2016,12:37:47,1378,Bread
15/11/2016,12:50:18,1379,Soup
15/11/2016,12:50:18,1379,Sandwich
15/11/2016,13:02:04,1380,Sandwich
15/11/2016,13:02:04,1380,Hearty & Seasonal
15/11/2016,13:02:04,1380,Coffee
15/11/2016,13:02:39,1381,Soup
15/11/2016,13:11:28,1382,Bread
15/11/2016,13:16:42,1383,Soup
15/11/2016,13:16:42,1383,Coffee
15/11/2016,13:16:42,1383,Pastry
15/11/2016,13:17:11,1384,Pastry
15/11/2016,13:17:11,1384,Coffee
15/11/2016,13:17:11,1384,Coffee
15/11/2016,13:30:54,1386,Coffee
15/11/2016,13:30:54,1386,Coffee
15/11/2016,13:30:54,1386,Soup
15/11/2016,13:30:54,1386,Bread
15/11/2016,13:34:06,1387,Bread
15/11/2016,13:36:05,1388,Coffee
15/11/2016,13:36:05,1388,Coffee
15/11/2016,13:36:05,1388,Sandwich
15/11/2016,13:36:05,1388,Hearty & Seasonal
15/11/2016,13:43:28,1389,Coffee
15/11/2016,13:43:28,1389,Coffee
15/11/2016,13:43:28,1389,Soup
15/11/2016,13:46:27,1390,Bread
15/11/2016,13:48:06,1391,Bread
15/11/2016,14:04:23,1392,Bread
15/11/2016,14:14:15,1393,Coffee
15/11/2016,14:16:25,1394,Bread
15/11/2016,14:16:25,1394,Soup
15/11/2016,14:40:51,1395,Coffee
15/11/2016,14:40:51,1395,Coffee
15/11/2016,14:40:51,1395,Hearty & Seasonal
15/11/2016,14:40:51,1395,Soup
15/11/2016,14:42:24,1396,Scandinavian
15/11/2016,14:45:52,1397,Coffee
15/11/2016,14:45:52,1397,Medialuna
15/11/2016,14:47:10,1398,Bread
15/11/2016,14:59:40,1399,Bread
15/11/2016,14:59:40,1399,Brownie
15/11/2016,15:07:33,1400,Fudge
15/11/2016,15:21:14,1401,Coke
15/11/2016,16:08:57,1402,Coke
15/11/2016,16:13:26,1403,Brownie
15/11/2016,16:13:26,1403,Muffin
15/11/2016,17:02:22,1404,Tea
15/11/2016,17:02:22,1404,Bread
15/11/2016,17:02:22,1404,Truffles
15/11/2016,17:02:22,1404,Pastry
15/11/2016,17:14:54,1405,Tea
15/11/2016,18:07:38,1406,Bread
15/11/2016,18:07:38,1406,Truffles
15/11/2016,18:28:52,1407,Medialuna
16/11/2016,7:49:01,1408,Coffee
16/11/2016,7:49:01,1408,Medialuna
16/11/2016,8:01:06,1409,Bread
16/11/2016,9:06:07,1410,Pastry
16/11/2016,9:06:07,1410,Coffee
16/11/2016,9:13:57,1411,Coffee
16/11/2016,9:13:57,1411,Bread
16/11/2016,9:13:57,1411,Jam
16/11/2016,9:15:43,1412,Bread
16/11/2016,9:15:43,1412,Coffee
16/11/2016,9:17:50,1413,Coke
16/11/2016,9:22:42,1414,Bread
16/11/2016,9:27:52,1415,Coffee
16/11/2016,9:27:52,1415,Coffee
16/11/2016,9:34:51,1416,Coffee
16/11/2016,9:37:17,1417,Pastry
16/11/2016,9:43:06,1418,Scandinavian
16/11/2016,9:43:06,1418,Pastry
16/11/2016,9:47:00,1419,Bread
16/11/2016,9:47:00,1419,Granola
16/11/2016,9:51:28,1420,Tea
16/11/2016,9:51:28,1420,Coffee
16/11/2016,9:51:28,1420,Pastry
16/11/2016,9:52:54,1421,Bread
16/11/2016,9:52:54,1421,Mineral water
16/11/2016,10:23:46,1422,Tea
16/11/2016,10:23:46,1422,Medialuna
16/11/2016,10:25:47,1423,Brownie
16/11/2016,10:33:39,1424,Tea
16/11/2016,10:33:39,1424,Coffee
16/11/2016,10:33:39,1424,Pastry
16/11/2016,10:39:05,1425,Hot chocolate
16/11/2016,10:39:05,1425,Coffee
16/11/2016,10:39:05,1425,Cake
16/11/2016,10:50:39,1426,Bread
16/11/2016,10:51:55,1427,Bread
16/11/2016,10:51:55,1427,Jam
16/11/2016,10:52:49,1428,Scandinavian
16/11/2016,11:00:07,1429,Bread
16/11/2016,11:00:07,1429,Coffee
16/11/2016,11:00:07,1429,Pastry
16/11/2016,11:00:07,1429,Cake
16/11/2016,11:20:25,1430,Bread
16/11/2016,11:23:00,1431,Coffee
16/11/2016,11:30:41,1432,Bread
16/11/2016,11:34:03,1433,Coffee
16/11/2016,11:34:03,1433,Cake
16/11/2016,11:42:25,1434,Coffee
16/11/2016,12:06:39,1435,Coffee
16/11/2016,12:19:46,1436,Coffee
16/11/2016,12:19:46,1436,Soup
16/11/2016,12:22:05,1437,Scandinavian
16/11/2016,12:22:05,1437,Bread
16/11/2016,12:25:18,1438,Sandwich
16/11/2016,12:25:18,1438,Soup
16/11/2016,12:25:18,1438,Bread
16/11/2016,12:25:18,1438,Cake
16/11/2016,12:29:31,1439,Coffee
16/11/2016,12:29:31,1439,Bread
16/11/2016,12:29:31,1439,Tartine
16/11/2016,12:33:18,1440,Soup
16/11/2016,12:36:43,1441,Bread
16/11/2016,12:39:27,1442,Soup
16/11/2016,12:39:27,1442,Juice
16/11/2016,12:39:27,1442,Brownie
16/11/2016,12:55:30,1443,Coffee
16/11/2016,13:07:04,1444,Hearty & Seasonal
16/11/2016,13:15:30,1445,Coffee
16/11/2016,13:15:30,1445,Soup
16/11/2016,13:15:30,1445,Sandwich
16/11/2016,13:15:30,1445,Tea
16/11/2016,13:15:30,1445,Cake
16/11/2016,13:23:42,1446,Tea
16/11/2016,13:23:42,1446,Soup
16/11/2016,13:24:47,1447,Coffee
16/11/2016,13:24:47,1447,Bread
16/11/2016,13:24:47,1447,Sandwich
16/11/2016,13:46:27,1448,Soup
16/11/2016,13:46:27,1448,Coffee
16/11/2016,13:46:49,1449,Soup
16/11/2016,13:46:49,1449,Coffee
16/11/2016,13:47:16,1450,Tea
16/11/2016,13:47:16,1450,Soup
16/11/2016,13:52:41,1451,Cake
16/11/2016,13:55:04,1452,Coffee
16/11/2016,13:55:04,1452,Tea
16/11/2016,13:55:04,1452,Cake
16/11/2016,13:55:04,1452,Muffin
16/11/2016,13:57:13,1453,Bread
16/11/2016,14:06:09,1454,Coffee
16/11/2016,14:06:09,1454,Bread
16/11/2016,14:19:12,1455,Coffee
16/11/2016,14:19:12,1455,Tea
16/11/2016,14:40:47,1456,Tea
16/11/2016,14:40:47,1456,Soup
16/11/2016,14:43:29,1457,Coffee
16/11/2016,14:43:29,1457,Tea
16/11/2016,14:43:29,1457,Cake
16/11/2016,14:44:42,1458,Bread
16/11/2016,14:44:42,1458,Bread
16/11/2016,14:46:23,1459,Hearty & Seasonal
16/11/2016,14:52:58,1460,Bread
16/11/2016,14:52:58,1460,Mineral water
16/11/2016,14:52:58,1460,Brownie
16/11/2016,15:02:05,1461,Fudge
16/11/2016,15:25:49,1462,Muffin
16/11/2016,15:25:49,1462,Hot chocolate
16/11/2016,15:25:49,1462,Coffee
16/11/2016,15:30:02,1463,Tea
16/11/2016,15:30:02,1463,Muffin
16/11/2016,15:31:29,1464,Cake
16/11/2016,15:31:29,1464,Coffee
16/11/2016,15:34:04,1465,Victorian Sponge
16/11/2016,15:35:48,1466,Soup
16/11/2016,15:35:48,1466,Sandwich
16/11/2016,15:35:48,1466,Tea
16/11/2016,15:58:16,1467,Scandinavian
16/11/2016,16:16:03,1468,Coffee
16/11/2016,16:21:53,1469,Bread
16/11/2016,16:30:20,1470,Tartine
16/11/2016,16:30:20,1470,Bread
16/11/2016,16:30:20,1470,Coffee
16/11/2016,16:36:06,1471,Medialuna
16/11/2016,16:36:06,1471,Medialuna
16/11/2016,17:03:38,1472,Bread
16/11/2016,17:24:32,1473,Bread
16/11/2016,17:24:32,1473,Scandinavian
16/11/2016,18:25:28,1474,Bread
17/11/2016,7:54:15,1475,Coffee
17/11/2016,7:54:15,1475,Medialuna
17/11/2016,8:06:20,1476,Siblings
17/11/2016,8:07:49,1477,Siblings
17/11/2016,8:50:15,1478,Bread
17/11/2016,8:50:15,1478,Medialuna
17/11/2016,9:15:26,1479,Medialuna
17/11/2016,9:15:26,1479,Pastry
17/11/2016,9:33:47,1480,Keeping It Local
17/11/2016,9:33:47,1480,Tea
17/11/2016,10:07:52,1482,Farm House
17/11/2016,10:09:39,1483,Pastry
17/11/2016,10:10:01,1484,Farm House
17/11/2016,10:10:33,1485,Tea
17/11/2016,10:19:29,1486,Tea
17/11/2016,10:19:29,1486,Scandinavian
17/11/2016,10:43:33,1487,Coffee
17/11/2016,10:43:33,1487,Muffin
17/11/2016,10:48:58,1488,Coffee
17/11/2016,10:51:35,1490,Bread
17/11/2016,10:54:06,1491,Farm House
17/11/2016,10:54:06,1491,Scandinavian
17/11/2016,10:54:06,1491,Coffee
17/11/2016,10:54:06,1491,Pastry
17/11/2016,10:58:55,1492,Coffee
17/11/2016,11:06:46,1493,Coffee
17/11/2016,11:06:46,1493,Keeping It Local
17/11/2016,11:07:43,1494,Bread
17/11/2016,11:09:40,1495,Jam
17/11/2016,11:22:22,1496,Alfajores
17/11/2016,11:22:22,1496,Medialuna
17/11/2016,11:22:22,1496,Coffee
17/11/2016,11:22:22,1496,Bread
17/11/2016,11:23:41,1497,Coffee
17/11/2016,11:23:41,1497,Keeping It Local
17/11/2016,11:26:23,1498,Coffee
17/11/2016,11:37:08,1499,Bread
17/11/2016,11:49:36,1500,Tea
17/11/2016,11:49:36,1500,Muffin
17/11/2016,11:56:03,1501,Coffee
17/11/2016,11:56:03,1501,Hot chocolate
17/11/2016,11:56:03,1501,Alfajores
17/11/2016,12:03:57,1502,Bread
17/11/2016,12:03:57,1502,Pastry
17/11/2016,12:03:57,1502,Bread
17/11/2016,12:06:10,1503,Coffee
17/11/2016,12:09:52,1504,Bread
17/11/2016,12:15:00,1505,Tea
17/11/2016,12:19:45,1506,Coffee
17/11/2016,12:19:45,1506,Sandwich
17/11/2016,12:21:08,1507,Bread
17/11/2016,12:23:30,1508,Soup
17/11/2016,12:31:35,1509,Coffee
17/11/2016,12:33:34,1510,Tea
17/11/2016,12:34:23,1511,Coffee
17/11/2016,12:34:23,1511,Soup
17/11/2016,12:34:23,1511,Art Tray
17/11/2016,12:34:23,1511,Pastry
17/11/2016,12:49:02,1512,Hearty & Seasonal
17/11/2016,12:49:02,1512,Mineral water
17/11/2016,12:49:02,1512,Alfajores
17/11/2016,12:49:29,1513,Bread
17/11/2016,12:56:27,1514,Coffee
17/11/2016,12:56:27,1514,Hearty & Seasonal
17/11/2016,12:56:27,1514,Hearty & Seasonal
17/11/2016,12:56:27,1514,Alfajores
17/11/2016,12:56:27,1514,Alfajores
17/11/2016,12:56:27,1514,Cake
17/11/2016,12:56:27,1514,Bread
17/11/2016,12:58:29,1515,Coffee
17/11/2016,13:09:34,1516,Bread
17/11/2016,13:18:58,1517,Cake
17/11/2016,13:21:43,1518,Bread
17/11/2016,13:22:54,1519,Fudge
17/11/2016,13:23:36,1520,Muffin
17/11/2016,13:25:21,1521,Bread
17/11/2016,13:25:21,1521,Coffee
17/11/2016,13:33:52,1522,Coffee
17/11/2016,13:33:52,1522,Hearty & Seasonal
17/11/2016,13:33:52,1522,Sandwich
17/11/2016,13:33:52,1522,Bread
17/11/2016,13:36:34,1523,Soup
17/11/2016,13:36:34,1523,Coffee
17/11/2016,13:38:20,1524,Coffee
17/11/2016,13:38:20,1524,Hearty & Seasonal
17/11/2016,13:38:20,1524,Keeping It Local
17/11/2016,13:51:58,1525,Bread
17/11/2016,13:53:52,1526,Coffee
17/11/2016,13:53:52,1526,Coffee
17/11/2016,13:55:53,1527,Scandinavian
17/11/2016,13:58:45,1528,Coffee
17/11/2016,13:58:45,1528,Alfajores
17/11/2016,14:02:11,1529,Coffee
17/11/2016,14:27:22,1530,Soup
17/11/2016,14:27:22,1530,Brownie
17/11/2016,14:35:58,1531,Coffee
17/11/2016,14:35:58,1531,Coffee
17/11/2016,14:47:01,1532,Bread
17/11/2016,14:52:45,1533,Bread
17/11/2016,14:56:01,1534,Bread
17/11/2016,14:56:01,1534,Scandinavian
17/11/2016,14:56:01,1534,Coffee
17/11/2016,15:01:21,1535,Coffee
17/11/2016,15:01:21,1535,Coffee
17/11/2016,15:13:25,1536,Coffee
17/11/2016,15:14:51,1537,Soup
17/11/2016,15:18:18,1538,Coffee
17/11/2016,15:18:18,1538,Muffin
17/11/2016,15:30:16,1539,Cake
17/11/2016,15:30:16,1539,Bread
17/11/2016,15:30:16,1539,Hot chocolate
17/11/2016,16:08:15,1540,Coffee
17/11/2016,16:08:15,1540,Cake
17/11/2016,16:09:51,1541,Cake
17/11/2016,16:09:51,1541,Alfajores
17/11/2016,16:09:51,1541,Coffee
17/11/2016,16:09:51,1541,Tea
17/11/2016,16:15:13,1542,Bread
17/11/2016,16:30:07,1543,Coffee
17/11/2016,16:32:44,1544,Coffee
17/11/2016,16:32:44,1544,Tea
17/11/2016,16:32:44,1544,Hot chocolate
17/11/2016,16:32:44,1544,Brownie
17/11/2016,16:32:44,1544,Alfajores
17/11/2016,16:32:44,1544,Bread
17/11/2016,16:36:02,1545,Hot chocolate
17/11/2016,16:36:02,1545,Tea
17/11/2016,16:36:02,1545,Brownie
17/11/2016,16:36:02,1545,Alfajores
17/11/2016,16:37:28,1546,Coffee
17/11/2016,17:00:54,1547,Scandinavian
17/11/2016,17:16:52,1548,Coffee
17/11/2016,17:16:52,1548,Cookies
17/11/2016,17:31:43,1549,Bread
17/11/2016,17:31:43,1549,Coffee
18/11/2016,8:10:57,1550,Coffee
18/11/2016,8:10:57,1550,Bread
18/11/2016,8:21:22,1551,Coffee
18/11/2016,8:21:22,1551,Medialuna
18/11/2016,8:35:17,1552,Coffee
18/11/2016,8:35:17,1552,Coffee
18/11/2016,8:38:25,1553,Coffee
18/11/2016,8:43:53,1554,Medialuna
18/11/2016,8:43:53,1554,Pastry
18/11/2016,8:54:50,1555,Coffee
18/11/2016,8:54:50,1555,Tea
18/11/2016,8:54:50,1555,Pastry
18/11/2016,8:54:50,1555,Muffin
18/11/2016,9:06:40,1556,Coffee
18/11/2016,9:06:40,1556,Pastry
18/11/2016,9:08:13,1557,Bread
18/11/2016,9:08:13,1557,Coffee
18/11/2016,9:08:13,1557,Keeping It Local
18/11/2016,9:12:43,1558,Bread
18/11/2016,9:12:43,1558,Bread
18/11/2016,9:12:43,1558,Pastry
18/11/2016,9:14:42,1559,Coffee
18/11/2016,9:14:42,1559,Medialuna
18/11/2016,9:24:38,1560,Bread
18/11/2016,9:26:06,1561,Coffee
18/11/2016,9:26:42,1562,Coffee
18/11/2016,9:26:42,1562,Coffee
18/11/2016,9:52:49,1563,Bread
18/11/2016,9:55:12,1564,Bread
18/11/2016,9:55:12,1564,Tea
18/11/2016,9:55:12,1564,Pastry
18/11/2016,10:06:25,1565,Coffee
18/11/2016,10:06:25,1565,Cookies
18/11/2016,10:07:57,1566,Bread
18/11/2016,10:07:57,1566,Bread
18/11/2016,10:08:41,1567,Coffee
18/11/2016,10:11:26,1568,Coffee
18/11/2016,10:34:10,1569,Tea
18/11/2016,10:34:10,1569,Bread
18/11/2016,10:41:01,1570,Coffee
18/11/2016,10:41:01,1570,Coffee
18/11/2016,10:41:01,1570,Medialuna
18/11/2016,10:41:01,1570,Bread
18/11/2016,10:48:08,1571,Bread
18/11/2016,10:49:51,1572,Pastry
18/11/2016,10:49:51,1572,Coffee
18/11/2016,10:55:19,1573,Coffee
18/11/2016,10:55:19,1573,Pastry
18/11/2016,10:58:04,1574,Coffee
18/11/2016,10:58:04,1574,Bread
18/11/2016,10:58:04,1574,Alfajores
18/11/2016,11:04:01,1575,Coffee
18/11/2016,11:14:26,1576,Bread
18/11/2016,11:16:44,1577,Bread
18/11/2016,11:18:02,1578,Farm House
18/11/2016,11:20:21,1579,Bread
18/11/2016,11:21:08,1580,Coffee
18/11/2016,11:21:08,1580,Tea
18/11/2016,11:22:32,1581,Coffee
18/11/2016,11:24:28,1582,Coffee
18/11/2016,11:36:39,1583,Coffee
18/11/2016,11:36:39,1583,Soup
18/11/2016,11:36:59,1584,Soup
18/11/2016,11:48:21,1585,Farm House
18/11/2016,11:48:21,1585,Pastry
18/11/2016,11:50:39,1586,Soup
18/11/2016,11:54:07,1587,Coffee
18/11/2016,12:16:27,1588,Coffee
18/11/2016,12:16:27,1588,Coffee
18/11/2016,12:16:27,1588,Brownie
18/11/2016,12:34:49,1589,Coffee
18/11/2016,12:34:49,1589,Bread
18/11/2016,12:34:49,1589,Sandwich
18/11/2016,12:38:59,1590,Coffee
18/11/2016,12:56:13,1591,Sandwich
18/11/2016,12:56:13,1591,Soup
18/11/2016,12:56:13,1591,Bread
18/11/2016,12:56:13,1591,Tea
18/11/2016,12:58:38,1592,Soup
18/11/2016,12:58:38,1592,Art Tray
18/11/2016,12:58:38,1592,My-5 Fruit Shoot
18/11/2016,12:58:38,1592,Bread
18/11/2016,12:58:38,1592,Muffin
18/11/2016,12:59:40,1593,Tea
18/11/2016,12:59:40,1593,Sandwich
18/11/2016,13:14:11,1594,Bread
18/11/2016,13:14:11,1594,Soup
18/11/2016,13:15:48,1595,Soup
18/11/2016,13:15:48,1595,Tea
18/11/2016,13:41:47,1597,Farm House
18/11/2016,13:56:05,1598,Mineral water
18/11/2016,13:56:05,1598,Mineral water
18/11/2016,13:56:05,1598,Coffee
18/11/2016,13:56:05,1598,Soup
18/11/2016,13:56:05,1598,Sandwich
18/11/2016,14:01:41,1599,Bread
18/11/2016,14:01:41,1599,Coffee
18/11/2016,14:01:41,1599,Keeping It Local
18/11/2016,14:09:27,1600,Soup
18/11/2016,14:09:27,1600,Bread
18/11/2016,14:14:44,1601,Art Tray
18/11/2016,14:14:44,1601,Coffee
18/11/2016,14:14:44,1601,Bread
18/11/2016,14:14:44,1601,Hearty & Seasonal
18/11/2016,14:14:44,1601,Hearty & Seasonal
18/11/2016,14:31:15,1602,Bread
18/11/2016,14:34:26,1603,Farm House
18/11/2016,14:41:48,1604,Brownie
18/11/2016,14:44:44,1605,Farm House
18/11/2016,14:47:09,1606,Bread
18/11/2016,14:47:09,1606,Soup
18/11/2016,14:47:09,1606,Alfajores
18/11/2016,14:48:50,1607,Coke
18/11/2016,14:48:50,1607,Coffee
18/11/2016,14:48:50,1607,Medialuna
18/11/2016,14:48:50,1607,Cake
18/11/2016,14:58:40,1608,Scandinavian
18/11/2016,14:58:40,1608,Alfajores
18/11/2016,14:58:40,1608,Alfajores
18/11/2016,15:00:45,1609,Scandinavian
18/11/2016,15:02:04,1610,Hot chocolate
18/11/2016,15:02:04,1610,Pastry
18/11/2016,15:35:42,1611,Coke
18/11/2016,15:35:42,1611,Coffee
18/11/2016,15:35:42,1611,Brownie
18/11/2016,15:45:06,1612,Farm House
18/11/2016,15:45:54,1613,Coffee
18/11/2016,15:45:54,1613,Pastry
18/11/2016,15:59:41,1614,Farm House
18/11/2016,16:00:38,1615,Farm House
18/11/2016,16:03:01,1616,Cookies
18/11/2016,16:03:01,1616,Brownie
18/11/2016,16:03:01,1616,Coffee
18/11/2016,16:03:01,1616,Tea
18/11/2016,16:06:09,1617,Tea
18/11/2016,16:06:09,1617,Coffee
18/11/2016,16:06:09,1617,Medialuna
18/11/2016,16:06:09,1617,Cookies
18/11/2016,16:06:09,1617,Farm House
18/11/2016,16:07:59,1618,Bread
18/11/2016,16:07:59,1618,Coffee
18/11/2016,16:17:11,1619,Coffee
18/11/2016,16:18:33,1620,Tea
18/11/2016,16:18:33,1620,Coffee
18/11/2016,16:18:33,1620,Alfajores
18/11/2016,16:21:18,1621,Bread
18/11/2016,16:21:18,1621,Hot chocolate
18/11/2016,16:21:18,1621,Coffee
18/11/2016,17:03:36,1622,Medialuna
18/11/2016,17:03:36,1622,Tea
18/11/2016,17:11:53,1623,Coke
18/11/2016,17:13:37,1624,Medialuna
18/11/2016,17:23:35,1625,Fudge
18/11/2016,17:23:35,1625,Fudge
18/11/2016,18:30:23,1626,Tea
18/11/2016,18:30:23,1626,Muffin
18/11/2016,18:33:15,1627,Alfajores
18/11/2016,18:33:15,1627,Coffee
19/11/2016,8:42:03,1629,Pastry
19/11/2016,8:42:03,1629,Bread
19/11/2016,8:42:46,1630,Pastry
19/11/2016,8:42:46,1630,Coffee
19/11/2016,8:53:33,1631,Coffee
19/11/2016,8:55:10,1632,Bread
19/11/2016,8:56:08,1633,Bread
19/11/2016,8:57:54,1634,Coffee
19/11/2016,8:57:54,1634,Keeping It Local
19/11/2016,8:57:54,1634,Tea
19/11/2016,9:12:58,1635,Bread
19/11/2016,9:12:58,1635,Pastry
19/11/2016,9:12:58,1635,Medialuna
19/11/2016,9:15:20,1636,Farm House
19/11/2016,9:15:20,1636,Medialuna
19/11/2016,9:15:20,1636,Coffee
19/11/2016,9:29:09,1637,Coffee
19/11/2016,9:29:09,1637,Pastry
19/11/2016,9:31:03,1638,Coffee
19/11/2016,9:31:44,1639,Coffee
19/11/2016,9:35:45,1640,Coffee
19/11/2016,9:35:45,1640,Keeping It Local
19/11/2016,9:35:45,1640,Medialuna
19/11/2016,9:40:29,1641,Pastry
19/11/2016,9:40:29,1641,Bread
19/11/2016,9:40:29,1641,Coffee
19/11/2016,9:46:29,1642,Farm House
19/11/2016,9:50:22,1643,Bread
19/11/2016,9:50:22,1643,Bread
19/11/2016,9:55:56,1644,Bread
19/11/2016,9:55:56,1644,Bread
19/11/2016,9:55:56,1644,Tea
19/11/2016,9:55:56,1644,Keeping It Local
19/11/2016,10:01:44,1645,Bread
19/11/2016,10:01:44,1645,Medialuna
19/11/2016,10:01:44,1645,Keeping It Local
19/11/2016,10:01:44,1645,Coffee
19/11/2016,10:04:10,1646,Bread
19/11/2016,10:04:10,1646,Coffee
19/11/2016,10:04:10,1646,Medialuna
19/11/2016,10:04:10,1646,Bread
19/11/2016,10:04:52,1647,Coffee
19/11/2016,10:06:01,1648,Bread
19/11/2016,10:12:36,1649,Medialuna
19/11/2016,10:12:36,1649,Pastry
19/11/2016,10:12:36,1649,Bread
19/11/2016,10:14:15,1650,Bread
19/11/2016,10:14:15,1650,Pastry
19/11/2016,10:15:08,1651,Medialuna
19/11/2016,10:15:08,1651,Coffee
19/11/2016,10:15:26,1652,Bread
19/11/2016,10:16:42,1653,Bread
19/11/2016,10:17:27,1654,Coffee
19/11/2016,10:17:27,1654,Coffee
19/11/2016,10:19:24,1655,Focaccia
19/11/2016,10:19:48,1656,Coffee
19/11/2016,10:20:39,1657,Hot chocolate
19/11/2016,10:20:39,1657,Pastry
19/11/2016,10:30:52,1658,Coffee
19/11/2016,10:30:52,1658,Hot chocolate
19/11/2016,10:33:24,1659,Bread
19/11/2016,10:34:59,1660,Bread
19/11/2016,10:34:59,1660,Coffee
19/11/2016,10:35:53,1661,Pastry
19/11/2016,10:35:53,1661,Scandinavian
19/11/2016,10:35:53,1661,Muffin
19/11/2016,10:37:20,1662,Focaccia
19/11/2016,10:37:20,1662,Bread
19/11/2016,10:38:19,1663,Bread
19/11/2016,10:41:07,1664,Muffin
19/11/2016,10:44:21,1665,Caramel bites
19/11/2016,10:44:21,1665,Coffee
19/11/2016,10:44:21,1665,Medialuna
19/11/2016,10:50:35,1666,Tartine
19/11/2016,10:50:35,1666,Tea
19/11/2016,10:50:35,1666,Muffin
19/11/2016,10:54:02,1667,Bread
19/11/2016,10:57:17,1668,Bread
19/11/2016,10:57:17,1668,Focaccia
19/11/2016,10:57:17,1668,Tea
19/11/2016,10:57:17,1668,Coffee
19/11/2016,11:00:26,1669,Jam
19/11/2016,11:01:24,1670,Focaccia
19/11/2016,11:03:53,1671,Coffee
19/11/2016,11:03:53,1671,Medialuna
19/11/2016,11:03:53,1671,Muffin
19/11/2016,11:05:47,1672,Bread
19/11/2016,11:05:47,1672,Coffee
19/11/2016,11:06:42,1673,Coffee
19/11/2016,11:06:42,1673,Muffin
19/11/2016,11:17:59,1674,Coffee
19/11/2016,11:19:40,1675,Coffee
19/11/2016,11:24:19,1676,Bread
19/11/2016,11:35:43,1677,Coffee
19/11/2016,11:35:43,1677,Coffee
19/11/2016,11:36:27,1678,Coffee
19/11/2016,11:36:27,1678,Coffee
19/11/2016,11:36:48,1679,Coffee
19/11/2016,11:36:48,1679,Coffee
19/11/2016,11:41:12,1680,Coffee
19/11/2016,11:46:46,1681,Tea
19/11/2016,11:48:46,1682,Fudge
19/11/2016,11:52:03,1683,Medialuna
19/11/2016,11:52:03,1683,Bread
19/11/2016,11:52:03,1683,Tea
19/11/2016,11:52:03,1683,Coffee
19/11/2016,11:52:03,1683,Coffee
19/11/2016,11:52:03,1683,Ella's Kitchen Pouches
19/11/2016,12:02:41,1684,Jammie Dodgers
19/11/2016,12:05:54,1685,Bread
19/11/2016,12:12:38,1686,Tea
19/11/2016,12:12:38,1686,Coffee
19/11/2016,12:12:38,1686,Soup
19/11/2016,12:12:38,1686,Keeping It Local
19/11/2016,12:34:02,1687,Coffee
19/11/2016,12:39:44,1688,Coffee
19/11/2016,12:44:44,1689,Coffee
19/11/2016,12:44:44,1689,Muffin
19/11/2016,12:47:19,1690,Coffee
19/11/2016,12:47:19,1690,Bread
19/11/2016,12:47:19,1690,Soup
19/11/2016,13:04:28,1691,Coffee
19/11/2016,13:04:28,1691,Tea
19/11/2016,13:04:28,1691,Medialuna
19/11/2016,13:10:41,1692,Alfajores
19/11/2016,13:14:17,1693,Bread
19/11/2016,13:15:55,1694,Coffee
19/11/2016,13:15:55,1694,Coffee
19/11/2016,13:15:55,1694,Tartine
19/11/2016,13:15:55,1694,Medialuna
19/11/2016,13:15:55,1694,Pastry
19/11/2016,13:16:27,1695,Tea
19/11/2016,13:16:27,1695,Tartine
19/11/2016,13:18:16,1696,Bread
19/11/2016,13:18:16,1696,Coffee
19/11/2016,13:26:38,1697,Medialuna
19/11/2016,13:26:38,1697,Coffee
19/11/2016,13:26:38,1697,Bread
19/11/2016,13:28:09,1698,Bread
19/11/2016,13:28:09,1698,Medialuna
19/11/2016,13:34:07,1699,Focaccia
19/11/2016,13:36:30,1700,Scandinavian
19/11/2016,13:45:24,1701,Hearty & Seasonal
19/11/2016,13:45:24,1701,Sandwich
19/11/2016,13:45:24,1701,Coffee
19/11/2016,13:45:24,1701,Mineral water
19/11/2016,13:46:29,1702,Coffee
19/11/2016,13:46:29,1702,Sandwich
19/11/2016,13:46:29,1702,Sandwich
19/11/2016,14:09:37,1703,Tea
19/11/2016,14:09:37,1703,Scandinavian
19/11/2016,14:11:45,1704,Coffee
19/11/2016,14:20:31,1705,Coffee
19/11/2016,14:20:31,1705,Coffee
19/11/2016,14:26:23,1706,Soup
19/11/2016,14:26:23,1706,Kids biscuit
19/11/2016,14:27:52,1707,Coffee
19/11/2016,14:29:02,1708,Bread
19/11/2016,14:30:16,1709,Coffee
19/11/2016,14:36:13,1710,Coffee
19/11/2016,14:40:46,1711,Coffee
19/11/2016,14:40:46,1711,Bread
19/11/2016,14:55:11,1712,Cake
19/11/2016,14:55:11,1712,Tea
19/11/2016,14:55:11,1712,Muffin
19/11/2016,14:55:11,1712,Coffee
19/11/2016,15:01:42,1713,Hot chocolate
19/11/2016,15:05:17,1714,Coffee
19/11/2016,15:05:17,1714,Tea
19/11/2016,15:05:17,1714,Cake
19/11/2016,15:07:33,1715,Tea
19/11/2016,15:07:33,1715,Coffee
19/11/2016,15:07:33,1715,Muffin
19/11/2016,15:18:25,1716,Jammie Dodgers
19/11/2016,15:18:25,1716,Hot chocolate
19/11/2016,15:18:25,1716,Hot chocolate
19/11/2016,15:18:25,1716,Coffee
19/11/2016,15:18:25,1716,Cookies
19/11/2016,15:20:44,1717,Caramel bites
19/11/2016,15:20:44,1717,Jammie Dodgers
19/11/2016,15:20:44,1717,My-5 Fruit Shoot
19/11/2016,15:20:44,1717,Bread
19/11/2016,15:36:39,1718,Coffee
19/11/2016,15:37:49,1719,Coffee
19/11/2016,15:37:49,1719,Tea
19/11/2016,15:37:49,1719,Caramel bites
19/11/2016,15:37:49,1719,Kids biscuit
19/11/2016,15:39:48,1720,Bread
19/11/2016,15:39:48,1720,Coffee
19/11/2016,15:46:03,1721,Bread
19/11/2016,15:46:03,1721,Coffee
19/11/2016,15:46:03,1721,Alfajores
19/11/2016,15:46:03,1721,Bread
19/11/2016,15:53:29,1722,Farm House
19/11/2016,16:05:54,1723,Bread
19/11/2016,16:05:54,1723,Jammie Dodgers
19/11/2016,16:05:54,1723,Scandinavian
19/11/2016,16:09:54,1724,Tea
19/11/2016,16:17:23,1725,Alfajores
19/11/2016,16:17:23,1725,Bread
19/11/2016,16:17:23,1725,Tea
19/11/2016,16:17:23,1725,Coffee
19/11/2016,16:26:23,1726,Coffee
19/11/2016,16:26:23,1726,Mineral water
19/11/2016,16:26:23,1726,Tea
19/11/2016,16:32:32,1727,Coffee
19/11/2016,16:32:32,1727,Kids biscuit
19/11/2016,16:38:32,1728,Kids biscuit
19/11/2016,16:38:32,1728,Bread
20/11/2016,10:06:23,1729,Coffee
20/11/2016,10:06:23,1729,Coffee
20/11/2016,10:25:50,1730,Bread
20/11/2016,10:28:22,1731,Hot chocolate
20/11/2016,10:28:22,1731,Coffee
20/11/2016,10:28:22,1731,Cake
20/11/2016,10:33:35,1732,Coffee
20/11/2016,10:33:35,1732,Bread
20/11/2016,10:53:49,1733,Scandinavian
20/11/2016,10:53:49,1733,Pastry
20/11/2016,10:53:49,1733,Juice
20/11/2016,10:54:29,1734,Bread
20/11/2016,10:54:29,1734,Coffee
20/11/2016,10:56:31,1735,Bread
20/11/2016,10:57:38,1736,Farm House
20/11/2016,10:57:38,1736,Pastry
20/11/2016,10:57:38,1736,Pastry
20/11/2016,10:57:38,1736,Medialuna
20/11/2016,11:00:35,1737,Alfajores
20/11/2016,11:00:35,1737,Alfajores
20/11/2016,11:00:35,1737,Coffee
20/11/2016,11:00:35,1737,Coffee
20/11/2016,11:01:43,1738,Bread
20/11/2016,11:02:26,1739,Keeping It Local
20/11/2016,11:02:26,1739,Coffee
20/11/2016,11:02:26,1739,Coffee
20/11/2016,11:03:58,1740,Scandinavian
20/11/2016,11:03:58,1740,Pastry
20/11/2016,11:03:58,1740,Hot chocolate
20/11/2016,11:03:58,1740,Coffee
20/11/2016,11:03:58,1740,Bread
20/11/2016,11:07:42,1741,Bread
20/11/2016,11:08:42,1742,Bread
20/11/2016,11:08:42,1742,Coffee
20/11/2016,11:13:29,1743,Pastry
20/11/2016,11:13:29,1743,Coffee
20/11/2016,11:16:12,1744,Smoothies
20/11/2016,11:16:12,1744,Keeping It Local
20/11/2016,11:16:12,1744,Coffee
20/11/2016,11:20:34,1745,Coffee
20/11/2016,11:20:34,1745,Coffee
20/11/2016,11:21:43,1746,Pastry
20/11/2016,11:21:43,1746,Medialuna
20/11/2016,11:35:21,1747,Tea
20/11/2016,11:35:21,1747,Cake
20/11/2016,11:35:51,1748,Cake
20/11/2016,11:35:51,1748,Mineral water
20/11/2016,11:45:56,1749,Farm House
20/11/2016,11:45:56,1749,Cake
20/11/2016,11:45:56,1749,Medialuna
20/11/2016,11:45:56,1749,Tea
20/11/2016,11:45:56,1749,Coffee
20/11/2016,11:46:51,1750,Hot chocolate
20/11/2016,11:46:51,1750,Coffee
20/11/2016,11:46:51,1750,Bread
20/11/2016,11:49:08,1751,Bread
20/11/2016,11:54:44,1752,Alfajores
20/11/2016,11:54:44,1752,Cake
20/11/2016,11:54:44,1752,Coffee
20/11/2016,11:54:44,1752,Sandwich
20/11/2016,11:54:44,1752,Sandwich
20/11/2016,11:54:44,1752,My-5 Fruit Shoot
20/11/2016,11:56:55,1753,Farm House
20/11/2016,11:59:33,1754,Jam
20/11/2016,12:03:17,1755,Bread
20/11/2016,12:03:17,1755,Coffee
20/11/2016,12:03:17,1755,Cake
20/11/2016,12:05:42,1756,Bread
20/11/2016,12:05:42,1756,Coffee
20/11/2016,12:09:00,1757,Tartine
20/11/2016,12:16:10,1758,Bread
20/11/2016,12:16:10,1758,Medialuna
20/11/2016,12:16:10,1758,Farm House
20/11/2016,12:20:07,1759,Bread
20/11/2016,12:20:07,1759,Brownie
20/11/2016,12:20:07,1759,Cake
20/11/2016,12:25:09,1760,Cake
20/11/2016,12:25:09,1760,Mineral water
20/11/2016,12:25:09,1760,Alfajores
20/11/2016,12:25:09,1760,Coffee
20/11/2016,12:25:09,1760,Coffee
20/11/2016,12:38:38,1761,Bread
20/11/2016,12:43:42,1762,Coffee
20/11/2016,12:43:42,1762,Coffee
20/11/2016,12:45:08,1763,Bread
20/11/2016,12:45:08,1763,Jam
20/11/2016,12:48:02,1764,Brownie
20/11/2016,12:52:15,1765,Coffee
20/11/2016,12:52:15,1765,Sandwich
20/11/2016,12:52:15,1765,Mineral water
20/11/2016,12:55:17,1767,Coffee
20/11/2016,12:55:17,1767,Coffee
20/11/2016,12:57:28,1768,Bread
20/11/2016,12:58:31,1769,Bread
20/11/2016,12:58:31,1769,Mineral water
20/11/2016,13:35:14,1770,Farm House
20/11/2016,13:39:00,1771,Medialuna
20/11/2016,13:39:00,1771,Coffee
20/11/2016,13:43:04,1772,Juice
20/11/2016,13:43:04,1772,Cookies
20/11/2016,13:43:04,1772,Alfajores
20/11/2016,13:43:04,1772,Coffee
20/11/2016,13:43:04,1772,Focaccia
20/11/2016,13:48:20,1773,Bread
20/11/2016,13:52:42,1774,Sandwich
20/11/2016,13:52:42,1774,Sandwich
20/11/2016,13:52:42,1774,Brownie
20/11/2016,14:13:23,1775,Alfajores
20/11/2016,14:13:23,1775,Bread
20/11/2016,14:13:23,1775,My-5 Fruit Shoot
20/11/2016,14:13:23,1775,Juice
20/11/2016,14:13:56,1776,Bread
20/11/2016,14:16:32,1777,Fudge
20/11/2016,14:16:32,1777,Dulce de Leche
20/11/2016,14:16:32,1777,Coffee
20/11/2016,14:16:32,1777,Cake
20/11/2016,14:16:32,1777,Brownie
20/11/2016,14:18:26,1778,Hot chocolate
20/11/2016,14:18:26,1778,Coffee
20/11/2016,14:18:26,1778,Cake
20/11/2016,14:25:19,1779,Coffee
20/11/2016,14:25:19,1779,Medialuna
20/11/2016,14:25:19,1779,Alfajores
20/11/2016,14:34:14,1780,Coffee
20/11/2016,14:34:14,1780,Keeping It Local
20/11/2016,14:34:14,1780,Farm House
20/11/2016,14:37:13,1781,Bread
20/11/2016,14:41:25,1782,Medialuna
20/11/2016,14:41:25,1782,Truffles
20/11/2016,14:42:55,1783,Cake
20/11/2016,14:42:55,1783,Bread
20/11/2016,14:42:55,1783,Tea
20/11/2016,14:42:55,1783,Truffles
20/11/2016,14:52:15,1784,Bread
20/11/2016,14:53:23,1785,Coffee
20/11/2016,14:53:23,1785,Brownie
20/11/2016,15:03:32,1786,Coffee
20/11/2016,15:03:32,1786,Bread
20/11/2016,15:06:00,1787,Medialuna
20/11/2016,15:06:00,1787,Brownie
20/11/2016,15:06:00,1787,Tea
20/11/2016,15:08:12,1788,Bread
20/11/2016,15:08:12,1788,Scandinavian
20/11/2016,15:13:05,1789,Medialuna
20/11/2016,15:13:05,1789,Hot chocolate
20/11/2016,15:13:05,1789,Cake
20/11/2016,15:13:05,1789,Alfajores
20/11/2016,15:13:05,1789,Truffles
20/11/2016,15:14:21,1790,Brownie
20/11/2016,15:14:21,1790,Medialuna
20/11/2016,15:14:21,1790,Coffee
20/11/2016,15:16:17,1791,Coffee
20/11/2016,15:16:17,1791,Medialuna
20/11/2016,15:16:17,1791,Truffles
20/11/2016,15:17:25,1792,Cake
20/11/2016,15:17:25,1792,Tea
20/11/2016,15:22:18,1793,Mineral water
20/11/2016,15:22:18,1793,Hot chocolate
20/11/2016,15:22:18,1793,Cookies
20/11/2016,15:22:18,1793,Cake
20/11/2016,15:26:24,1794,Cookies
20/11/2016,15:37:47,1795,Bread
20/11/2016,15:41:59,1796,Hot chocolate
20/11/2016,15:41:59,1796,Cake
20/11/2016,15:50:16,1797,Truffles
20/11/2016,15:50:16,1797,Farm House
20/11/2016,15:50:16,1797,Bread
20/11/2016,15:58:17,1798,Tea
20/11/2016,18:16:32,1799,Farm House
21/11/2016,7:29:57,1800,Coffee
21/11/2016,8:13:28,1801,Coffee
21/11/2016,8:38:16,1802,Bread
21/11/2016,8:38:50,1803,Coffee
21/11/2016,9:15:53,1804,Coffee
21/11/2016,9:31:29,1805,Bread
21/11/2016,9:31:29,1805,Pastry
21/11/2016,9:35:27,1806,Coffee
21/11/2016,9:41:26,1807,Coffee
21/11/2016,9:41:26,1807,Farm House
21/11/2016,9:44:32,1808,Keeping It Local
21/11/2016,9:44:32,1808,Coffee
21/11/2016,9:44:32,1808,Coffee
21/11/2016,9:50:03,1809,Coffee
21/11/2016,9:50:03,1809,Medialuna
21/11/2016,9:59:09,1810,Coffee
21/11/2016,9:59:56,1811,Coffee
21/11/2016,9:59:56,1811,Pastry
21/11/2016,10:00:47,1812,Tea
21/11/2016,10:04:19,1813,Coffee
21/11/2016,10:04:19,1813,Keeping It Local
21/11/2016,10:12:18,1814,Pastry
21/11/2016,10:12:18,1814,Coffee
21/11/2016,10:12:18,1814,Smoothies
21/11/2016,10:14:19,1815,Coffee
21/11/2016,10:14:19,1815,Muffin
21/11/2016,10:14:19,1815,Medialuna
21/11/2016,10:31:22,1816,Coffee
21/11/2016,11:07:58,1817,Coffee
21/11/2016,11:11:37,1818,Coffee
21/11/2016,11:14:53,1819,Coffee
21/11/2016,11:14:53,1819,Tea
21/11/2016,11:14:53,1819,Farm House
21/11/2016,11:14:53,1819,Brownie
21/11/2016,11:55:05,1820,Coffee
21/11/2016,12:02:47,1821,Coffee
21/11/2016,12:02:47,1821,Bread
21/11/2016,12:02:47,1821,Coffee
21/11/2016,12:02:47,1821,Keeping It Local
21/11/2016,12:25:19,1822,Tea
21/11/2016,12:36:10,1823,Coffee
21/11/2016,12:36:10,1823,Bread
21/11/2016,12:36:57,1824,Farm House
21/11/2016,12:48:40,1825,Coffee
21/11/2016,13:15:53,1826,Sandwich
21/11/2016,13:30:09,1827,Farm House
21/11/2016,13:30:09,1827,Scandinavian
21/11/2016,13:38:42,1828,Coffee
21/11/2016,13:41:35,1829,Coffee
21/11/2016,13:41:35,1829,Cake
21/11/2016,14:07:51,1830,Bread
21/11/2016,14:07:51,1830,Tea
21/11/2016,14:20:46,1831,Truffles
21/11/2016,14:28:05,1832,Bread
21/11/2016,14:28:05,1832,Fudge
21/11/2016,14:28:05,1832,Medialuna
21/11/2016,14:28:05,1832,Pastry
21/11/2016,14:29:28,1833,Bread
21/11/2016,14:32:20,1834,Tea
21/11/2016,14:32:20,1834,Brownie
21/11/2016,14:32:20,1834,Cake
21/11/2016,14:36:21,1835,Juice
21/11/2016,14:36:21,1835,Medialuna
21/11/2016,14:54:43,1836,Tea
21/11/2016,14:54:43,1836,Cake
21/11/2016,14:57:55,1837,Coffee
21/11/2016,14:57:55,1837,Tea
21/11/2016,14:57:55,1837,Sandwich
21/11/2016,14:57:55,1837,Medialuna
21/11/2016,14:57:55,1837,Bread
21/11/2016,15:23:32,1838,Alfajores
21/11/2016,15:24:55,1839,Coffee
21/11/2016,15:24:55,1839,Coffee
21/11/2016,15:35:40,1840,Cookies
21/11/2016,15:35:40,1840,My-5 Fruit Shoot
21/11/2016,15:35:40,1840,Coffee
21/11/2016,15:35:40,1840,Keeping It Local
21/11/2016,15:47:22,1841,Hot chocolate
21/11/2016,15:47:22,1841,Hot chocolate
21/11/2016,15:47:22,1841,Bread
21/11/2016,15:47:22,1841,Alfajores
21/11/2016,16:00:34,1842,Bread
21/11/2016,16:11:05,1843,Farm House
21/11/2016,16:18:45,1844,Coffee
21/11/2016,16:18:45,1844,Juice
21/11/2016,16:18:45,1844,Pastry
21/11/2016,16:26:36,1845,Cookies
21/11/2016,16:27:15,1846,Brownie
22/11/2016,8:06:09,1847,Coffee
22/11/2016,8:06:09,1847,Medialuna
22/11/2016,9:07:58,1848,Keeping It Local
22/11/2016,9:07:58,1848,Coffee
22/11/2016,9:33:58,1849,Tea
22/11/2016,9:42:17,1850,Tea
22/11/2016,9:42:17,1850,Medialuna
22/11/2016,9:59:54,1851,Scandinavian
22/11/2016,9:59:54,1851,Bread
22/11/2016,10:01:11,1852,Scandinavian
22/11/2016,10:01:11,1852,Bread
22/11/2016,10:08:29,1853,Pastry
22/11/2016,10:08:29,1853,Keeping It Local
22/11/2016,10:08:29,1853,Coffee
22/11/2016,10:08:29,1853,Hot chocolate
22/11/2016,10:21:00,1854,Bread
22/11/2016,10:25:46,1855,Coffee
22/11/2016,10:28:49,1856,Bread
22/11/2016,10:29:45,1857,Coffee
22/11/2016,10:29:45,1857,Cookies
22/11/2016,10:34:47,1858,Coffee
22/11/2016,10:34:47,1858,Coffee
22/11/2016,10:34:47,1858,Pastry
22/11/2016,11:05:36,1859,Tea
22/11/2016,11:57:33,1860,Coffee
22/11/2016,11:57:33,1860,Brownie
22/11/2016,11:57:33,1860,Bread
22/11/2016,12:15:35,1861,Sandwich
22/11/2016,12:15:35,1861,Coke
22/11/2016,12:34:24,1862,Cake
22/11/2016,12:34:24,1862,Bread
22/11/2016,12:34:24,1862,Tea
22/11/2016,12:34:24,1862,Medialuna
22/11/2016,12:35:12,1863,Bread
22/11/2016,12:40:54,1864,Coffee
22/11/2016,12:40:54,1864,Medialuna
22/11/2016,12:40:54,1864,Brownie
22/11/2016,12:41:13,1865,Bread
22/11/2016,13:05:30,1866,Coffee
22/11/2016,13:07:35,1867,Medialuna
22/11/2016,13:17:32,1868,Coffee
22/11/2016,13:17:32,1868,Scandinavian
22/11/2016,13:17:32,1868,Medialuna
22/11/2016,13:26:51,1869,Tea
22/11/2016,13:26:51,1869,Brownie
22/11/2016,13:34:01,1870,Coffee
22/11/2016,13:34:01,1870,Pastry
22/11/2016,13:47:25,1871,Coffee
22/11/2016,13:59:06,1872,Fudge
22/11/2016,13:59:06,1872,Cake
22/11/2016,13:59:06,1872,Coffee
22/11/2016,13:59:06,1872,Tea
22/11/2016,14:12:12,1873,Bread
22/11/2016,14:22:58,1874,Coffee
22/11/2016,14:22:58,1874,Cake
22/11/2016,14:42:17,1875,Sandwich
22/11/2016,14:42:17,1875,Coffee
22/11/2016,14:42:17,1875,Coffee
22/11/2016,14:42:17,1875,Tea
22/11/2016,14:42:17,1875,Brownie
22/11/2016,14:42:17,1875,Cake
22/11/2016,15:02:34,1876,Coffee
22/11/2016,15:02:34,1876,Alfajores
22/11/2016,15:02:34,1876,Coffee
22/11/2016,15:02:34,1876,Cake
22/11/2016,15:08:04,1877,Coffee
22/11/2016,15:08:04,1877,Coffee
22/11/2016,15:17:35,1878,Mineral water
22/11/2016,15:25:09,1879,Coffee
22/11/2016,15:25:09,1879,Cookies
22/11/2016,15:29:40,1880,Bread
22/11/2016,15:29:40,1880,Cake
22/11/2016,15:39:58,1881,Bread
22/11/2016,15:40:20,1882,Coffee
22/11/2016,16:36:23,1885,Tea
22/11/2016,16:36:23,1885,Brownie
22/11/2016,16:36:23,1885,Cake
22/11/2016,16:39:08,1886,Hot chocolate
22/11/2016,16:39:08,1886,Hot chocolate
22/11/2016,16:39:08,1886,Medialuna
22/11/2016,16:39:57,1887,Hot chocolate
22/11/2016,17:10:13,1888,Coffee
22/11/2016,17:10:13,1888,Bread
22/11/2016,17:18:51,1889,Cake
22/11/2016,17:18:51,1889,Coffee
23/11/2016,8:11:28,1890,Coffee
23/11/2016,8:11:28,1890,Cake
23/11/2016,9:05:20,1891,Hot chocolate
23/11/2016,9:05:20,1891,Medialuna
23/11/2016,9:05:20,1891,Coffee
23/11/2016,9:06:41,1892,Hot chocolate
23/11/2016,9:06:41,1892,Medialuna
23/11/2016,9:06:41,1892,Coffee
23/11/2016,9:07:21,1893,Coffee
23/11/2016,9:07:21,1893,Hot chocolate
23/11/2016,9:07:21,1893,Medialuna
23/11/2016,9:54:31,1894,Coffee
23/11/2016,9:54:31,1894,Keeping It Local
23/11/2016,9:54:31,1894,Bread
23/11/2016,10:06:05,1895,Coffee
23/11/2016,10:11:18,1896,Coffee
23/11/2016,10:15:49,1897,Coffee
23/11/2016,10:19:40,1898,Coffee
23/11/2016,10:19:40,1898,Bread
23/11/2016,10:22:23,1899,Coffee
23/11/2016,10:22:23,1899,Sandwich
23/11/2016,10:33:49,1900,Bread
23/11/2016,10:33:49,1900,Keeping It Local
23/11/2016,10:33:49,1900,Cake
23/11/2016,10:50:14,1901,Coffee
23/11/2016,11:12:42,1902,Brownie
23/11/2016,11:12:42,1902,Cookies
23/11/2016,11:34:24,1903,Bread
23/11/2016,11:42:00,1904,Juice
23/11/2016,11:42:00,1904,Bread
23/11/2016,11:50:37,1905,Coffee
23/11/2016,11:50:37,1905,Cookies
23/11/2016,11:50:56,1906,Coffee
23/11/2016,12:24:12,1907,Coffee
23/11/2016,12:24:12,1907,Medialuna
23/11/2016,12:24:12,1907,Cookies
23/11/2016,12:24:12,1907,Tea
23/11/2016,12:35:02,1908,Tea
23/11/2016,12:35:02,1908,Cookies
23/11/2016,12:42:33,1909,Mineral water
23/11/2016,12:49:38,1910,Coffee
23/11/2016,12:49:38,1910,Bread
23/11/2016,12:49:38,1910,Tea
23/11/2016,12:49:38,1910,Pastry
23/11/2016,12:49:38,1910,Tiffin
23/11/2016,12:49:38,1910,Cake
23/11/2016,13:04:46,1911,Coffee
23/11/2016,13:13:54,1912,Cookies
23/11/2016,13:25:25,1913,Sandwich
23/11/2016,13:26:38,1914,Coffee
23/11/2016,13:40:31,1915,Tea
23/11/2016,13:40:31,1915,Sandwich
23/11/2016,13:51:18,1916,Jam
23/11/2016,13:55:58,1917,Brownie
23/11/2016,13:55:58,1917,Tea
23/11/2016,14:07:37,1919,Bread
23/11/2016,14:22:27,1920,Bread
23/11/2016,14:22:27,1920,Olum & polenta
23/11/2016,14:52:03,1921,Bread
23/11/2016,14:53:33,1922,Polenta
23/11/2016,14:53:33,1922,Tea
23/11/2016,14:59:48,1923,Coffee
23/11/2016,14:59:48,1923,Sandwich
23/11/2016,15:00:34,1924,Coffee
23/11/2016,15:05:02,1925,Coffee
23/11/2016,15:05:02,1925,Cake
23/11/2016,15:09:18,1926,Tea
23/11/2016,15:09:18,1926,Coffee
23/11/2016,15:09:18,1926,Alfajores
23/11/2016,15:23:13,1927,Coke
23/11/2016,15:44:44,1928,Coffee
23/11/2016,16:00:19,1929,Coffee
23/11/2016,16:14:41,1930,Coffee
23/11/2016,16:14:41,1930,Medialuna
23/11/2016,16:31:03,1931,Cookies
23/11/2016,16:31:03,1931,Bread
23/11/2016,16:36:53,1932,Coffee
23/11/2016,17:00:41,1933,Coffee
23/11/2016,17:29:19,1934,Bread
24/11/2016,8:41:10,1935,Bread
24/11/2016,9:08:12,1936,Coffee
24/11/2016,9:10:24,1937,Coffee
24/11/2016,9:11:11,1938,Hot chocolate
24/11/2016,9:20:18,1939,Pastry
24/11/2016,9:21:00,1940,Coffee
24/11/2016,9:21:00,1940,Keeping It Local
24/11/2016,9:24:35,1941,Pastry
24/11/2016,9:24:35,1941,Bread
24/11/2016,9:26:35,1942,Bread
24/11/2016,9:26:35,1942,Keeping It Local
24/11/2016,9:28:53,1943,Pastry
24/11/2016,9:30:14,1944,Hot chocolate
24/11/2016,9:31:29,1945,Coffee
24/11/2016,9:31:29,1945,Pastry
24/11/2016,9:43:20,1946,Bread
24/11/2016,9:43:20,1946,Medialuna
24/11/2016,9:53:52,1947,Medialuna
24/11/2016,9:53:52,1947,Medialuna
24/11/2016,9:53:52,1947,Pastry
24/11/2016,9:53:52,1947,Alfajores
24/11/2016,9:55:27,1948,Coffee
24/11/2016,10:02:17,1949,Coffee
24/11/2016,10:05:35,1950,Tea
24/11/2016,10:05:35,1950,Cake
24/11/2016,10:06:47,1951,Coffee
24/11/2016,10:06:47,1951,Bread
24/11/2016,10:07:54,1952,Coffee
24/11/2016,10:13:28,1953,Bread
24/11/2016,10:13:28,1953,Tea
24/11/2016,10:13:28,1953,Cake
24/11/2016,10:18:24,1954,Bread
24/11/2016,10:18:24,1954,Bread
24/11/2016,10:18:24,1954,Coffee
24/11/2016,10:23:10,1955,Coffee
24/11/2016,10:23:10,1955,Alfajores
24/11/2016,10:25:34,1956,Coffee
24/11/2016,10:45:39,1957,Bread
24/11/2016,10:45:39,1957,Cookies
24/11/2016,10:48:35,1958,Bread
24/11/2016,10:48:35,1958,Sandwich
24/11/2016,10:48:35,1958,Tea
24/11/2016,10:51:27,1959,Bread
24/11/2016,10:59:16,1960,Tea
24/11/2016,10:59:16,1960,Coffee
24/11/2016,10:59:16,1960,Cake
24/11/2016,11:03:46,1961,Bread
24/11/2016,11:05:57,1962,Hot chocolate
24/11/2016,11:05:57,1962,Brownie
24/11/2016,11:34:17,1963,Bread
24/11/2016,11:39:29,1964,Tea
24/11/2016,11:39:29,1964,Coffee
24/11/2016,11:46:56,1965,Coffee
24/11/2016,11:46:56,1965,Cake
24/11/2016,11:57:00,1966,The Nomad
24/11/2016,11:57:00,1966,Bread
24/11/2016,11:57:00,1966,Tea
24/11/2016,12:05:18,1967,Coffee
24/11/2016,12:05:18,1967,Smoothies
24/11/2016,12:18:32,1968,Bread
24/11/2016,12:20:13,1969,Bread
24/11/2016,12:35:32,1970,Coffee
24/11/2016,12:35:32,1970,Bread
24/11/2016,12:54:14,1971,Coffee
24/11/2016,12:54:14,1971,Cake
24/11/2016,12:57:45,1972,Fudge
24/11/2016,12:57:45,1972,Coffee
24/11/2016,12:57:45,1972,Coffee
24/11/2016,12:57:45,1972,Sandwich
24/11/2016,13:12:59,1973,Brownie
24/11/2016,13:23:10,1974,Bread
24/11/2016,13:23:10,1974,Sandwich
24/11/2016,13:28:42,1975,Coffee
24/11/2016,13:29:16,1976,Bread
24/11/2016,13:29:16,1976,Brownie
24/11/2016,13:31:38,1977,Sandwich
24/11/2016,13:39:41,1978,Coffee
24/11/2016,13:39:41,1978,Sandwich
24/11/2016,13:39:41,1978,Hearty & Seasonal
24/11/2016,13:58:03,1979,Coffee
24/11/2016,13:58:38,1980,Tea
24/11/2016,13:58:38,1980,Cake
24/11/2016,14:18:49,1981,Coffee
24/11/2016,14:18:49,1981,Bread
24/11/2016,14:19:19,1982,Coffee
24/11/2016,14:19:19,1982,Sandwich
24/11/2016,14:32:19,1983,Coffee
24/11/2016,14:35:19,1984,Cake
24/11/2016,14:52:39,1985,Coffee
24/11/2016,14:52:39,1985,Alfajores
24/11/2016,14:53:44,1986,Coffee
24/11/2016,14:53:44,1986,Cake
24/11/2016,14:58:05,1987,Tea
24/11/2016,14:58:05,1987,Tea
24/11/2016,15:17:33,1988,Bread
24/11/2016,15:30:26,1989,Tea
24/11/2016,15:30:26,1989,Cake
24/11/2016,15:33:37,1990,Brownie
24/11/2016,15:33:37,1990,Alfajores
24/11/2016,16:00:48,1991,Hack the stack
24/11/2016,16:00:48,1991,Art Tray
24/11/2016,16:00:48,1991,Coffee
24/11/2016,16:09:50,1992,Tea
24/11/2016,16:32:12,1993,Coffee
24/11/2016,16:32:12,1993,Cake
24/11/2016,16:49:46,1994,Coffee
24/11/2016,16:49:46,1994,Coke
24/11/2016,17:02:59,1995,Hack the stack
24/11/2016,17:02:59,1995,My-5 Fruit Shoot
24/11/2016,17:02:59,1995,Tea
24/11/2016,17:02:59,1995,Art Tray
24/11/2016,17:10:11,1996,Ella's Kitchen Pouches
25/11/2016,8:08:12,1997,Coffee
25/11/2016,8:08:12,1997,Medialuna
25/11/2016,8:52:24,1998,Coffee
25/11/2016,9:04:23,1999,Coffee
25/11/2016,9:04:23,1999,Coffee
25/11/2016,9:09:28,2000,Coffee
25/11/2016,9:09:28,2000,Bread
25/11/2016,9:10:18,2001,Coffee
25/11/2016,9:10:18,2001,Medialuna
25/11/2016,9:21:29,2002,Coffee
25/11/2016,9:29:47,2003,Coffee
25/11/2016,9:31:45,2004,Coffee
25/11/2016,9:31:45,2004,Pastry
25/11/2016,9:31:45,2004,Bread
25/11/2016,9:35:47,2005,Bread
25/11/2016,9:35:47,2005,Coffee
25/11/2016,9:36:46,2006,Bread
25/11/2016,9:44:09,2007,Keeping It Local
25/11/2016,9:44:09,2007,Coffee
25/11/2016,9:44:09,2007,Bread
25/11/2016,9:50:38,2008,Coffee
25/11/2016,9:51:05,2009,Coffee
25/11/2016,9:51:05,2009,Coffee
25/11/2016,9:55:08,2010,Keeping It Local
25/11/2016,9:55:08,2010,Tea
25/11/2016,9:55:08,2010,Brownie
25/11/2016,9:55:08,2010,Bread
25/11/2016,9:57:38,2011,Coffee
25/11/2016,9:57:38,2011,Pastry
25/11/2016,9:59:23,2012,Bread
25/11/2016,10:05:26,2013,Coffee
25/11/2016,10:05:26,2013,Cake
25/11/2016,10:13:08,2014,Coffee
25/11/2016,10:13:08,2014,Keeping It Local
25/11/2016,10:15:13,2015,Coffee
25/11/2016,10:28:53,2016,Bread
25/11/2016,10:28:53,2016,Medialuna
25/11/2016,10:38:18,2017,Bread
25/11/2016,10:38:18,2017,Focaccia
25/11/2016,10:41:02,2018,Medialuna
25/11/2016,10:41:02,2018,Coffee
25/11/2016,10:44:12,2019,Bread
25/11/2016,10:49:29,2020,Coffee
25/11/2016,10:49:29,2020,Coffee
25/11/2016,10:59:16,2021,Coffee
25/11/2016,11:00:56,2022,Bread
25/11/2016,11:05:09,2023,Farm House
25/11/2016,11:06:20,2024,Coffee
25/11/2016,11:06:20,2024,Pastry
25/11/2016,11:39:21,2025,Cookies
25/11/2016,11:39:21,2025,Juice
25/11/2016,11:39:21,2025,Tea
25/11/2016,11:39:21,2025,Alfajores
25/11/2016,11:40:12,2026,Coffee
25/11/2016,11:40:12,2026,Alfajores
25/11/2016,11:48:09,2027,Coffee
25/11/2016,11:48:09,2027,Sandwich
25/11/2016,12:09:10,2028,Coffee
25/11/2016,12:10:32,2029,Coffee
25/11/2016,12:10:32,2029,Coffee
25/11/2016,12:11:20,2030,Bread
25/11/2016,12:12:04,2031,Coffee
25/11/2016,12:12:04,2031,Bread
25/11/2016,12:21:22,2033,Coffee
25/11/2016,12:27:02,2034,Tea
25/11/2016,12:28:41,2035,Sandwich
25/11/2016,12:28:41,2035,Bread
25/11/2016,12:42:26,2036,Tea
25/11/2016,12:42:26,2036,Art Tray
25/11/2016,12:44:39,2037,Bread
25/11/2016,12:52:56,2038,Coffee
25/11/2016,12:52:56,2038,Cake
25/11/2016,12:55:03,2039,Mineral water
25/11/2016,12:55:03,2039,Coffee
25/11/2016,12:56:57,2040,Mineral water
25/11/2016,12:58:15,2041,Tartine
25/11/2016,13:02:09,2042,Coffee
25/11/2016,13:04:15,2043,Bread
25/11/2016,13:04:15,2043,Coffee
25/11/2016,13:07:26,2044,Bread
25/11/2016,13:12:29,2045,Hot chocolate
25/11/2016,13:12:29,2045,Bread
25/11/2016,13:12:29,2045,Sandwich
25/11/2016,13:38:40,2048,Juice
25/11/2016,13:40:22,2049,Bread
25/11/2016,13:57:31,2050,Mineral water
25/11/2016,14:13:06,2051,Sandwich
25/11/2016,14:13:06,2051,Bread
25/11/2016,14:13:06,2051,Jam
25/11/2016,14:14:53,2052,Coffee
25/11/2016,14:14:53,2052,Sandwich
25/11/2016,14:14:53,2052,Bread
25/11/2016,14:32:37,2053,Tea
25/11/2016,14:33:06,2054,Tea
25/11/2016,14:48:17,2055,Bread
25/11/2016,14:48:17,2055,Pastry
25/11/2016,15:31:28,2057,Coffee
25/11/2016,15:31:28,2057,Tea
25/11/2016,15:31:54,2058,Bread
25/11/2016,15:31:54,2058,Brownie
25/11/2016,15:53:37,2059,Alfajores
25/11/2016,15:53:37,2059,Alfajores
25/11/2016,15:53:37,2059,Bread
25/11/2016,16:02:01,2061,Coffee
25/11/2016,16:02:01,2061,Medialuna
25/11/2016,16:07:57,2062,Medialuna
25/11/2016,16:16:15,2063,Coffee
25/11/2016,16:16:15,2063,Bread
25/11/2016,16:16:15,2063,Pastry
25/11/2016,16:16:15,2063,Medialuna
25/11/2016,17:10:20,2065,Tea
25/11/2016,17:10:20,2065,Alfajores
25/11/2016,17:10:20,2065,Cake
25/11/2016,17:12:09,2066,Tea
25/11/2016,17:12:09,2066,Brownie
25/11/2016,17:12:09,2066,Alfajores
25/11/2016,17:12:09,2066,Pastry
25/11/2016,17:12:09,2066,Bread
25/11/2016,17:15:19,2067,Medialuna
25/11/2016,17:15:19,2067,Pastry
25/11/2016,17:19:52,2068,Brownie
26/11/2016,8:29:14,2069,Bread
26/11/2016,8:47:27,2070,Coffee
26/11/2016,8:50:14,2071,Bread
26/11/2016,8:50:14,2071,Coffee
26/11/2016,8:50:14,2071,Bread
26/11/2016,9:03:00,2072,Bread
26/11/2016,9:15:06,2073,Bread
26/11/2016,9:15:06,2073,Coffee
26/11/2016,9:15:06,2073,Medialuna
26/11/2016,9:27:29,2074,Bread
26/11/2016,9:28:40,2075,Bread
26/11/2016,9:32:45,2076,Pastry
26/11/2016,9:52:43,2077,Bread
26/11/2016,9:55:05,2078,Farm House
26/11/2016,9:57:45,2079,Medialuna
26/11/2016,9:57:45,2079,Scandinavian
26/11/2016,9:57:45,2079,Coffee
26/11/2016,10:05:00,2080,Coffee
26/11/2016,10:08:42,2081,Coffee
26/11/2016,10:18:21,2082,Bread
26/11/2016,10:18:21,2082,Medialuna
26/11/2016,10:20:35,2083,Cake
26/11/2016,10:22:02,2084,Muffin
26/11/2016,10:22:02,2084,Coffee
26/11/2016,10:23:47,2085,Bread
26/11/2016,10:24:26,2086,Scandinavian
26/11/2016,10:27:41,2087,Muffin
26/11/2016,10:30:16,2088,Scandinavian
26/11/2016,10:31:30,2089,Coffee
26/11/2016,10:32:22,2090,Bread
26/11/2016,10:33:34,2091,Bread
26/11/2016,10:35:00,2092,Coffee
26/11/2016,10:35:00,2092,Medialuna
26/11/2016,10:36:58,2093,Bread
26/11/2016,10:40:28,2094,Medialuna
26/11/2016,10:40:28,2094,Bread
26/11/2016,10:40:28,2094,Tea
26/11/2016,10:40:28,2094,Coffee
26/11/2016,10:42:19,2095,Bread
26/11/2016,10:47:12,2096,Cake
26/11/2016,10:47:12,2096,Muffin
26/11/2016,10:47:12,2096,Muffin
26/11/2016,10:47:12,2096,Jam
26/11/2016,10:48:06,2097,Bread
26/11/2016,10:48:06,2097,Pastry
26/11/2016,10:51:19,2098,Coffee
26/11/2016,10:56:41,2099,Coffee
26/11/2016,10:57:04,2100,Scandinavian
26/11/2016,10:59:13,2101,Scandinavian
26/11/2016,11:01:12,2102,Pastry
26/11/2016,11:01:12,2102,Medialuna
26/11/2016,11:01:12,2102,Coffee
26/11/2016,11:02:59,2103,Medialuna
26/11/2016,11:02:59,2103,Pastry
26/11/2016,11:02:59,2103,Bread
26/11/2016,11:02:59,2103,Coffee
26/11/2016,11:06:13,2104,Medialuna
26/11/2016,11:06:13,2104,Bread
26/11/2016,11:15:37,2105,Coffee
26/11/2016,11:15:37,2105,Tea
26/11/2016,11:15:37,2105,Pastry
26/11/2016,11:17:16,2106,Coffee
26/11/2016,11:27:56,2107,Juice
26/11/2016,11:34:49,2108,Coffee
26/11/2016,11:34:49,2108,Coffee
26/11/2016,11:39:49,2109,Muffin
26/11/2016,11:39:49,2109,Cake
26/11/2016,11:39:49,2109,Pastry
26/11/2016,11:39:49,2109,Tea
26/11/2016,11:39:49,2109,Coffee
26/11/2016,11:39:49,2109,Coffee
26/11/2016,11:40:55,2110,Hot chocolate
26/11/2016,11:47:21,2111,Muffin
26/11/2016,11:53:54,2112,Tartine
26/11/2016,11:53:54,2112,Juice
26/11/2016,11:53:54,2112,Bread
26/11/2016,11:53:54,2112,Coffee
26/11/2016,11:55:23,2113,Coffee
26/11/2016,11:55:23,2113,Fudge
26/11/2016,12:00:24,2114,Coffee
26/11/2016,12:00:24,2114,Bread
26/11/2016,12:13:05,2115,Bread
26/11/2016,12:16:32,2116,Coffee
26/11/2016,12:16:32,2116,Tea
26/11/2016,12:18:07,2117,Coffee
26/11/2016,12:18:07,2117,Sandwich
26/11/2016,12:30:57,2118,Coffee
26/11/2016,12:30:57,2118,Coke
26/11/2016,12:30:57,2118,Sandwich
26/11/2016,12:33:01,2119,Scandinavian
26/11/2016,12:33:23,2120,Tea
26/11/2016,12:33:23,2120,Muffin
26/11/2016,12:35:13,2121,Bread
26/11/2016,12:35:13,2121,Scandinavian
26/11/2016,12:58:29,2122,Coffee
26/11/2016,12:58:29,2122,Coffee
26/11/2016,13:11:47,2123,Coffee
26/11/2016,13:11:47,2123,The Nomad
26/11/2016,13:11:47,2123,Tartine
26/11/2016,13:12:49,2124,Coffee
26/11/2016,13:12:49,2124,Coffee
26/11/2016,13:12:49,2124,Sandwich
26/11/2016,13:13:51,2125,Coffee
26/11/2016,13:13:51,2125,Alfajores
26/11/2016,13:17:01,2126,Coffee
26/11/2016,13:17:01,2126,Tea
26/11/2016,13:20:06,2127,Scandinavian
26/11/2016,13:21:09,2128,Bread
26/11/2016,13:23:01,2129,Mineral water
26/11/2016,13:29:41,2130,Alfajores
26/11/2016,13:29:41,2130,Muffin
26/11/2016,13:29:41,2130,Cake
26/11/2016,13:32:00,2131,Tea
26/11/2016,13:33:30,2132,Bread
26/11/2016,13:41:15,2133,Bread
26/11/2016,13:45:25,2134,Scandinavian
26/11/2016,13:57:23,2135,Coffee
26/11/2016,13:57:23,2135,Bread
26/11/2016,13:57:23,2135,Sandwich
26/11/2016,14:09:08,2136,Hot chocolate
26/11/2016,14:09:08,2136,Tea
26/11/2016,14:13:58,2137,Muffin
26/11/2016,14:14:31,2138,Sandwich
26/11/2016,14:14:31,2138,Coffee
26/11/2016,14:22:18,2140,Bread
26/11/2016,14:25:35,2141,Muffin
26/11/2016,14:25:35,2141,Coffee
26/11/2016,14:27:39,2142,Coffee
26/11/2016,14:27:39,2142,Coffee
26/11/2016,14:27:39,2142,Pastry
26/11/2016,14:27:39,2142,Cake
26/11/2016,14:29:48,2143,Tea
26/11/2016,14:29:48,2143,Hot chocolate
26/11/2016,14:29:48,2143,Cookies
26/11/2016,14:29:48,2143,Cake
26/11/2016,14:38:24,2144,Cake
26/11/2016,14:47:30,2145,Sandwich
26/11/2016,14:47:30,2145,Bread
26/11/2016,14:54:40,2146,Bakewell
26/11/2016,14:54:40,2146,Coffee
26/11/2016,14:56:01,2147,Alfajores
26/11/2016,14:56:01,2147,Bread
26/11/2016,14:56:01,2147,Tea
26/11/2016,15:31:47,2148,Sandwich
26/11/2016,15:31:47,2148,Medialuna
26/11/2016,15:31:47,2148,Tea
26/11/2016,15:31:47,2148,Coffee
26/11/2016,15:34:36,2149,Bread
26/11/2016,15:34:36,2149,Tea
26/11/2016,15:34:36,2149,Alfajores
26/11/2016,15:34:36,2149,Medialuna
26/11/2016,15:44:34,2150,Bread
26/11/2016,15:44:34,2150,Muffin
26/11/2016,15:44:34,2150,Coffee
26/11/2016,15:46:40,2151,Hot chocolate
26/11/2016,15:46:40,2151,Bread
26/11/2016,15:46:40,2151,Muffin
26/11/2016,15:46:40,2151,Coffee
26/11/2016,15:46:40,2151,Pastry
26/11/2016,16:07:29,2152,Tea
26/11/2016,16:07:29,2152,Alfajores
26/11/2016,16:08:28,2153,Bakewell
26/11/2016,16:08:28,2153,Cake
26/11/2016,16:19:19,2154,Focaccia
26/11/2016,16:34:53,2155,Tea
26/11/2016,16:34:53,2155,Pastry
26/11/2016,16:34:53,2155,Bakewell
26/11/2016,16:47:49,2156,Alfajores
26/11/2016,16:47:49,2156,Alfajores
26/11/2016,16:47:49,2156,Coffee
26/11/2016,16:47:49,2156,Coffee
26/11/2016,16:47:49,2156,Coffee
26/11/2016,16:50:05,2157,Coffee
26/11/2016,16:50:05,2157,Alfajores
27/11/2016,9:28:07,2158,Coffee
27/11/2016,9:28:07,2158,The Nomad
27/11/2016,9:28:07,2158,Bread
27/11/2016,9:54:36,2159,Coffee
27/11/2016,9:58:21,2160,Coffee
27/11/2016,9:58:21,2160,Jammie Dodgers
27/11/2016,9:58:21,2160,Juice
27/11/2016,9:59:57,2161,Medialuna
27/11/2016,10:03:29,2162,Coffee
27/11/2016,10:03:29,2162,Tea
27/11/2016,10:03:29,2162,Juice
27/11/2016,10:03:29,2162,Smoothies
27/11/2016,10:03:29,2162,Jammie Dodgers
27/11/2016,10:03:29,2162,Muffin
27/11/2016,10:03:29,2162,Juice
27/11/2016,10:03:29,2162,Bakewell
27/11/2016,10:05:06,2163,Cake
27/11/2016,10:05:06,2163,Pastry
27/11/2016,10:08:03,2164,Coffee
27/11/2016,10:08:03,2164,Brownie
27/11/2016,10:10:53,2165,Juice
27/11/2016,10:10:53,2165,Jammie Dodgers
27/11/2016,10:23:03,2166,Coffee
27/11/2016,10:27:40,2167,Coffee
27/11/2016,10:27:40,2167,Bakewell
27/11/2016,10:34:24,2168,Bread
27/11/2016,10:34:24,2168,Tea
27/11/2016,10:34:24,2168,Pastry
27/11/2016,10:48:12,2169,Bread
27/11/2016,10:48:12,2169,Coffee
27/11/2016,10:48:12,2169,Bread
27/11/2016,10:48:12,2169,Hot chocolate
27/11/2016,10:51:20,2170,Pastry
27/11/2016,10:51:20,2170,Coffee
27/11/2016,10:51:20,2170,Hot chocolate
27/11/2016,10:53:06,2171,Bread
27/11/2016,10:53:06,2171,Bread
27/11/2016,10:53:06,2171,Coffee
27/11/2016,10:55:20,2172,Alfajores
27/11/2016,10:55:20,2172,Pastry
27/11/2016,10:59:57,2173,Bread
27/11/2016,11:02:01,2174,Coffee
27/11/2016,11:02:01,2174,Hot chocolate
27/11/2016,11:02:01,2174,Muffin
27/11/2016,11:08:29,2175,Bread
27/11/2016,11:08:29,2175,Coffee
27/11/2016,11:08:29,2175,Coffee
27/11/2016,11:08:29,2175,Smoothies
27/11/2016,11:08:29,2175,Pastry
27/11/2016,11:14:35,2176,Brownie
27/11/2016,11:14:35,2176,Hot chocolate
27/11/2016,11:14:35,2176,Coffee
27/11/2016,11:17:13,2177,Tartine
27/11/2016,11:17:13,2177,Hearty & Seasonal
27/11/2016,11:17:32,2178,Fudge
27/11/2016,11:18:45,2179,Bread
27/11/2016,11:20:08,2180,Coffee
27/11/2016,11:21:34,2181,Coffee
27/11/2016,11:21:34,2181,Keeping It Local
27/11/2016,11:23:45,2182,Coffee
27/11/2016,11:23:45,2182,Tea
27/11/2016,11:23:45,2182,Medialuna
27/11/2016,11:25:50,2183,Medialuna
27/11/2016,11:25:50,2183,Jammie Dodgers
27/11/2016,11:25:50,2183,Tea
27/11/2016,11:25:50,2183,Hot chocolate
27/11/2016,11:25:50,2183,Muffin
27/11/2016,11:27:36,2184,Coffee
27/11/2016,11:28:58,2185,Coffee
27/11/2016,11:28:58,2185,Keeping It Local
27/11/2016,11:30:29,2186,Coffee
27/11/2016,11:30:29,2186,Medialuna
27/11/2016,11:30:29,2186,Coffee
27/11/2016,11:32:05,2187,Bread
27/11/2016,11:32:05,2187,Hot chocolate
27/11/2016,11:32:05,2187,Medialuna
27/11/2016,11:36:20,2188,Bread
27/11/2016,11:42:42,2189,Bread
27/11/2016,11:49:49,2190,Muffin
27/11/2016,11:49:49,2190,Muffin
27/11/2016,11:49:49,2190,Brownie
27/11/2016,11:49:49,2190,Alfajores
27/11/2016,11:49:49,2190,Hot chocolate
27/11/2016,11:49:49,2190,Coffee
27/11/2016,11:49:49,2190,Coffee
27/11/2016,11:55:11,2191,Pastry
27/11/2016,11:59:45,2192,Brownie
27/11/2016,11:59:45,2192,Coffee
27/11/2016,12:15:10,2193,Jammie Dodgers
27/11/2016,12:16:44,2194,Coffee
27/11/2016,12:16:44,2194,Hearty & Seasonal
27/11/2016,12:21:01,2195,Art Tray
27/11/2016,12:21:01,2195,Hearty & Seasonal
27/11/2016,12:21:01,2195,Hearty & Seasonal
27/11/2016,12:21:01,2195,Tea
27/11/2016,12:21:01,2195,Coffee
27/11/2016,12:30:35,2196,Coffee
27/11/2016,12:30:35,2196,Coffee
27/11/2016,12:30:35,2196,Coffee
27/11/2016,12:30:35,2196,Alfajores
27/11/2016,12:30:35,2196,Brownie
27/11/2016,12:35:12,2197,Coffee
27/11/2016,12:35:12,2197,Coffee
27/11/2016,12:35:12,2197,Medialuna
27/11/2016,12:35:12,2197,Hearty & Seasonal
27/11/2016,12:45:08,2198,Coffee
27/11/2016,12:45:08,2198,Bread
27/11/2016,12:45:08,2198,Farm House
27/11/2016,12:52:30,2199,Farm House
27/11/2016,12:56:13,2200,Coffee
27/11/2016,12:56:13,2200,Tea
27/11/2016,12:56:13,2200,Cake
27/11/2016,12:58:50,2201,Hearty & Seasonal
27/11/2016,12:58:50,2201,Tea
27/11/2016,13:15:14,2202,Hot chocolate
27/11/2016,13:15:14,2202,Coffee
27/11/2016,13:15:14,2202,Coffee
27/11/2016,13:16:59,2203,Bakewell
27/11/2016,13:16:59,2203,Cake
27/11/2016,13:38:04,2204,Coffee
27/11/2016,13:38:04,2204,Hearty & Seasonal
27/11/2016,13:44:51,2205,Coffee
27/11/2016,13:44:51,2205,Muffin
27/11/2016,13:46:49,2206,Cake
27/11/2016,13:46:49,2206,Brownie
27/11/2016,14:00:18,2207,Coffee
27/11/2016,14:00:18,2207,Coffee
27/11/2016,14:00:18,2207,Sandwich
27/11/2016,14:00:18,2207,Bakewell
27/11/2016,14:00:18,2207,Cookies
27/11/2016,14:00:18,2207,Art Tray
27/11/2016,14:00:58,2208,Bakewell
27/11/2016,14:32:49,2209,Coffee
27/11/2016,14:42:53,2210,Coffee
27/11/2016,14:42:53,2210,Coffee
27/11/2016,14:42:53,2210,Medialuna
27/11/2016,14:42:53,2210,Cookies
27/11/2016,14:45:24,2211,Alfajores
27/11/2016,14:45:24,2211,Cake
27/11/2016,14:45:24,2211,Coffee
27/11/2016,14:45:24,2211,Coffee
27/11/2016,14:46:51,2212,Fudge
27/11/2016,15:37:58,2213,Mineral water
27/11/2016,15:43:01,2214,Brownie
27/11/2016,15:43:01,2214,Bakewell
27/11/2016,15:43:01,2214,Bread
27/11/2016,15:43:01,2214,Coffee
27/11/2016,15:51:15,2215,Coffee
27/11/2016,15:51:15,2215,Tea
27/11/2016,16:12:22,2216,Coffee
28/11/2016,7:44:17,2217,Coffee
28/11/2016,7:44:17,2217,Bread
28/11/2016,7:49:40,2218,Pastry
28/11/2016,8:14:50,2219,Bread
28/11/2016,8:38:56,2220,Medialuna
28/11/2016,8:38:56,2220,Coffee
28/11/2016,9:01:37,2221,Coffee
28/11/2016,9:14:26,2222,Ella's Kitchen Pouches
28/11/2016,9:14:26,2222,Coffee
28/11/2016,9:45:33,2223,Coffee
28/11/2016,9:45:33,2223,Pastry
28/11/2016,9:52:24,2224,Coffee
28/11/2016,10:12:36,2225,Coffee
28/11/2016,10:12:36,2225,Tartine
28/11/2016,10:20:40,2226,Bread
28/11/2016,10:35:08,2227,Coffee
28/11/2016,10:48:46,2228,Tea
28/11/2016,10:48:46,2228,Coffee
28/11/2016,10:51:54,2229,Coffee
28/11/2016,10:51:54,2229,Coffee
28/11/2016,10:51:54,2229,Medialuna
28/11/2016,10:51:54,2229,Pastry
28/11/2016,11:10:12,2230,Pastry
28/11/2016,11:10:12,2230,Coffee
28/11/2016,11:11:09,2231,Coffee
28/11/2016,11:11:09,2231,Medialuna
28/11/2016,11:30:39,2232,Tea
28/11/2016,11:30:39,2232,Coffee
28/11/2016,11:30:39,2232,Keeping It Local
28/11/2016,11:46:52,2234,Pastry
28/11/2016,11:46:52,2234,Bread
28/11/2016,11:46:52,2234,Cookies
28/11/2016,11:46:52,2234,Coffee
28/11/2016,11:46:52,2234,Bread
28/11/2016,12:05:00,2235,Jam
28/11/2016,12:05:00,2235,Sandwich
28/11/2016,12:05:00,2235,Bread
28/11/2016,12:05:00,2235,Smoothies
28/11/2016,12:06:37,2236,Bread
28/11/2016,12:06:37,2236,Cookies
28/11/2016,12:26:23,2237,Bread
28/11/2016,12:56:40,2238,Cookies
28/11/2016,12:56:40,2238,Coffee
28/11/2016,12:56:40,2238,Coffee
28/11/2016,13:10:23,2239,Sandwich
28/11/2016,13:27:44,2241,Hot chocolate
28/11/2016,13:31:05,2242,Bread
28/11/2016,13:31:05,2242,Coffee
28/11/2016,13:31:05,2242,Bakewell
28/11/2016,13:31:05,2242,Lemon and coconut
28/11/2016,13:38:06,2243,Coffee
28/11/2016,13:58:40,2244,Coffee
28/11/2016,13:58:40,2244,Coffee
28/11/2016,13:58:40,2244,Lemon and coconut
28/11/2016,13:58:40,2244,Sandwich
28/11/2016,14:05:23,2245,Tea
28/11/2016,14:09:14,2246,Bread
28/11/2016,14:09:14,2246,Coffee
28/11/2016,14:48:33,2248,Bread
28/11/2016,15:08:12,2249,Bread
28/11/2016,15:12:14,2250,Coffee
28/11/2016,15:24:13,2251,Coffee
28/11/2016,15:24:13,2251,Hot chocolate
28/11/2016,15:24:13,2251,Pastry
28/11/2016,15:24:13,2251,Cake
28/11/2016,15:27:36,2252,Bread
28/11/2016,15:28:16,2253,Bread
28/11/2016,15:58:23,2254,Bread
28/11/2016,16:03:39,2255,Coffee
28/11/2016,16:03:39,2255,Coffee
28/11/2016,16:14:13,2256,Bread
28/11/2016,16:14:13,2256,Tea
28/11/2016,16:14:13,2256,Lemon and coconut
28/11/2016,16:14:13,2256,Cake
28/11/2016,16:19:01,2257,Pastry
28/11/2016,16:19:01,2257,Medialuna
28/11/2016,16:19:01,2257,Coffee
28/11/2016,16:19:01,2257,Tea
28/11/2016,16:25:25,2258,Bread
28/11/2016,16:45:21,2259,Tea
28/11/2016,16:45:21,2259,Coffee
28/11/2016,16:45:21,2259,Tiffin
28/11/2016,16:45:21,2259,Cookies
28/11/2016,16:45:21,2259,Ella's Kitchen Pouches
28/11/2016,17:17:58,2260,Coffee
29/11/2016,8:27:36,2261,Pastry
29/11/2016,8:27:36,2261,Pastry
29/11/2016,8:58:47,2262,Pastry
29/11/2016,8:58:47,2262,Bread
29/11/2016,8:58:47,2262,Coffee
29/11/2016,9:09:09,2263,Tea
29/11/2016,9:09:09,2263,Keeping It Local
29/11/2016,9:09:34,2264,Coffee
29/11/2016,9:10:16,2265,Coffee
29/11/2016,9:10:16,2265,Medialuna
29/11/2016,9:11:54,2266,Bread
29/11/2016,9:13:47,2267,Keeping It Local
29/11/2016,9:13:47,2267,Coffee
29/11/2016,9:13:47,2267,Coffee
29/11/2016,9:19:18,2268,Hot chocolate
29/11/2016,9:19:18,2268,Pastry
29/11/2016,9:25:35,2269,Bread
29/11/2016,9:39:58,2270,Coffee
29/11/2016,9:39:58,2270,Tea
29/11/2016,9:41:47,2271,Bread
29/11/2016,9:42:10,2272,Coke
29/11/2016,10:18:47,2273,Bread
29/11/2016,10:19:35,2274,Bread
29/11/2016,10:19:35,2274,Bread
29/11/2016,10:42:41,2275,Coffee
29/11/2016,10:42:41,2275,Coffee
29/11/2016,10:42:41,2275,Medialuna
29/11/2016,10:42:41,2275,Pastry
29/11/2016,10:43:41,2276,Muffin
29/11/2016,10:43:41,2276,Coffee
29/11/2016,10:45:02,2277,Coffee
29/11/2016,10:45:02,2277,Muffin
29/11/2016,10:48:08,2278,Coffee
29/11/2016,10:48:08,2278,Bread
29/11/2016,10:50:36,2279,Farm House
29/11/2016,10:53:21,2280,Muffin
29/11/2016,10:53:21,2280,Coffee
29/11/2016,10:59:58,2281,Bread
29/11/2016,10:59:58,2281,Coffee
29/11/2016,10:59:58,2281,Bread
29/11/2016,11:02:41,2282,Coffee
29/11/2016,11:03:17,2283,Coffee
29/11/2016,11:26:28,2284,Scandinavian
29/11/2016,11:26:28,2284,Farm House
29/11/2016,11:26:39,2285,Coffee
29/11/2016,11:29:57,2286,Tea
29/11/2016,11:34:50,2287,Coffee
29/11/2016,11:34:50,2287,Muffin
29/11/2016,11:39:26,2288,Bread
29/11/2016,11:41:02,2289,Bread
29/11/2016,11:41:02,2289,Scandinavian
29/11/2016,11:52:57,2290,Tea
29/11/2016,12:00:52,2291,Medialuna
29/11/2016,12:00:52,2291,Coffee
29/11/2016,12:21:00,2294,Tea
29/11/2016,12:22:06,2295,Tea
29/11/2016,12:22:06,2295,Sandwich
29/11/2016,12:25:41,2296,Coffee
29/11/2016,12:25:41,2296,Cake
29/11/2016,12:27:35,2297,Coffee
29/11/2016,12:27:35,2297,Cake
29/11/2016,12:27:35,2297,Muffin
29/11/2016,12:29:02,2298,Cookies
29/11/2016,12:41:17,2300,Tea
29/11/2016,13:00:08,2301,Sandwich
29/11/2016,13:06:24,2302,Farm House
29/11/2016,13:39:51,2303,Cake
29/11/2016,13:39:51,2303,Sandwich
29/11/2016,13:50:46,2304,Coffee
29/11/2016,13:50:46,2304,Hot chocolate
29/11/2016,13:50:46,2304,Cake
29/11/2016,13:50:46,2304,Bread
29/11/2016,14:00:01,2305,Tea
29/11/2016,14:00:01,2305,Tea
29/11/2016,14:00:01,2305,Muffin
29/11/2016,15:13:20,2307,Coffee
29/11/2016,15:13:20,2307,Tea
29/11/2016,15:13:20,2307,Bread
29/11/2016,15:13:20,2307,Fudge
29/11/2016,15:13:20,2307,Jam
29/11/2016,15:33:44,2308,Juice
29/11/2016,15:33:44,2308,Tea
29/11/2016,15:33:44,2308,Cookies
29/11/2016,15:34:56,2309,Coffee
29/11/2016,15:34:56,2309,Bread
29/11/2016,15:34:56,2309,Cake
29/11/2016,15:44:47,2310,Coke
29/11/2016,15:45:32,2311,Tiffin
29/11/2016,15:45:32,2311,Pastry
29/11/2016,15:49:48,2312,Alfajores
29/11/2016,16:02:02,2313,Tiffin
29/11/2016,16:02:02,2313,Coffee
29/11/2016,17:24:19,2314,Bread
30/11/2016,8:09:52,2315,Bread
30/11/2016,8:29:43,2316,Medialuna
30/11/2016,8:29:43,2316,Bread
30/11/2016,8:36:31,2317,Cake
30/11/2016,8:36:31,2317,Bread
30/11/2016,8:36:41,2318,Bread
30/11/2016,9:47:55,2319,Farm House
30/11/2016,10:19:12,2320,Medialuna
30/11/2016,10:19:12,2320,Pastry
30/11/2016,10:41:06,2321,Keeping It Local
30/11/2016,10:41:06,2321,Cookies
30/11/2016,10:41:06,2321,Coffee
30/11/2016,10:47:39,2322,Coffee
30/11/2016,10:47:39,2322,Coffee
30/11/2016,10:53:59,2323,Coffee
30/11/2016,10:53:59,2323,Tea
30/11/2016,10:53:59,2323,Hot chocolate
30/11/2016,11:04:30,2324,Smoothies
30/11/2016,11:05:21,2325,Coffee
30/11/2016,11:05:21,2325,Keeping It Local
30/11/2016,11:06:28,2326,Coffee
30/11/2016,11:06:54,2327,Farm House
30/11/2016,11:09:16,2328,Tea
30/11/2016,11:09:16,2328,Tea
30/11/2016,11:14:46,2329,Bread
30/11/2016,11:14:46,2329,Medialuna
30/11/2016,11:17:05,2330,Pastry
30/11/2016,11:17:05,2330,Bread
30/11/2016,11:18:23,2331,Coffee
30/11/2016,11:18:23,2331,Pastry
30/11/2016,11:21:28,2332,Coffee
30/11/2016,11:21:28,2332,Keeping It Local
30/11/2016,11:21:54,2333,Coffee
30/11/2016,11:29:56,2334,Bread
30/11/2016,11:37:19,2335,Bread
30/11/2016,11:37:19,2335,Cookies
30/11/2016,11:38:44,2337,Coffee
30/11/2016,11:48:55,2338,Bread
30/11/2016,11:56:15,2339,Keeping It Local
30/11/2016,11:56:15,2339,Coffee
30/11/2016,11:56:15,2339,Fudge
30/11/2016,11:56:15,2339,Jam
30/11/2016,12:08:10,2340,Tea
30/11/2016,12:08:10,2340,Hot chocolate
30/11/2016,12:08:10,2340,Keeping It Local
30/11/2016,12:08:10,2340,Coffee
30/11/2016,12:08:10,2340,Art Tray
30/11/2016,12:12:24,2341,Coffee
30/11/2016,12:17:28,2342,Coffee
30/11/2016,12:17:28,2342,Cake
30/11/2016,12:26:51,2343,Bread
30/11/2016,12:26:51,2343,Bread
30/11/2016,12:26:51,2343,Jammie Dodgers
30/11/2016,12:29:27,2344,Muffin
30/11/2016,12:29:27,2344,Smoothies
30/11/2016,12:41:41,2346,Coffee
30/11/2016,12:41:41,2346,Coffee
30/11/2016,12:41:41,2346,Jammie Dodgers
30/11/2016,12:41:41,2346,Cookies
30/11/2016,13:29:13,2347,Coffee
30/11/2016,13:29:13,2347,Cake
30/11/2016,13:29:13,2347,Bread
30/11/2016,13:31:06,2348,Bread
30/11/2016,13:31:06,2348,Muffin
30/11/2016,13:31:06,2348,Cookies
30/11/2016,13:50:56,2350,Bread
30/11/2016,14:10:25,2351,Tea
30/11/2016,14:33:49,2352,Hot chocolate
30/11/2016,14:33:49,2352,Bread
30/11/2016,14:33:49,2352,Alfajores
30/11/2016,14:37:02,2353,Tea
30/11/2016,14:50:26,2354,Muffin
30/11/2016,15:15:42,2355,Sandwich
30/11/2016,15:15:42,2355,Mineral water
30/11/2016,15:15:42,2355,Bread
30/11/2016,15:15:42,2355,Coffee
30/11/2016,15:15:42,2355,Alfajores
30/11/2016,15:15:42,2355,Bread
30/11/2016,15:16:37,2356,Sandwich
30/11/2016,15:16:37,2356,Alfajores
30/11/2016,15:40:15,2357,Coffee
30/11/2016,15:42:39,2358,Coffee
30/11/2016,15:42:39,2358,Coffee
30/11/2016,15:42:39,2358,Muffin
30/11/2016,15:43:06,2359,Coffee
30/11/2016,15:43:06,2359,Tiffin
30/11/2016,15:46:01,2360,Coffee
30/11/2016,15:46:01,2360,Bread
30/11/2016,15:50:19,2361,Hot chocolate
30/11/2016,15:50:19,2361,Cookies
30/11/2016,15:50:19,2361,Hot chocolate
30/11/2016,16:01:53,2362,Tea
30/11/2016,16:06:58,2363,Bread
30/11/2016,16:06:58,2363,Hot chocolate
30/11/2016,16:32:08,2364,Hot chocolate
30/11/2016,16:32:08,2364,Fudge
30/11/2016,16:43:28,2365,Coffee
30/11/2016,16:44:09,2366,Coffee
30/11/2016,16:44:09,2366,Tiffin
30/11/2016,16:48:04,2367,Tiffin
30/11/2016,16:48:04,2367,Bread
30/11/2016,16:48:04,2367,Bread
1/12/2016,8:41:55,2368,Bread
1/12/2016,9:09:02,2369,Bread
1/12/2016,9:09:02,2369,Pastry
1/12/2016,9:09:02,2369,Jam
1/12/2016,9:10:07,2370,Hot chocolate
1/12/2016,9:47:34,2371,Coffee
1/12/2016,9:47:34,2371,Hot chocolate
1/12/2016,9:47:34,2371,Pastry
1/12/2016,9:47:34,2371,Bread
1/12/2016,10:13:39,2372,Pastry
1/12/2016,10:13:39,2372,Coffee
1/12/2016,10:40:18,2373,Bread
1/12/2016,10:40:18,2373,Tea
1/12/2016,10:40:18,2373,Muffin
1/12/2016,10:40:18,2373,Pastry
1/12/2016,10:46:43,2374,Bread
1/12/2016,10:46:43,2374,Coffee
1/12/2016,10:46:43,2374,Coffee
1/12/2016,10:48:45,2375,Coffee
1/12/2016,10:48:45,2375,Pastry
1/12/2016,10:49:40,2376,Tea
1/12/2016,10:53:20,2377,Tea
1/12/2016,10:54:54,2378,Tea
1/12/2016,10:54:54,2378,The Nomad
1/12/2016,11:04:54,2379,Coffee
1/12/2016,11:13:54,2380,Medialuna
1/12/2016,11:22:51,2381,Farm House
1/12/2016,11:32:51,2382,Bread
1/12/2016,11:44:44,2383,Coffee
1/12/2016,11:44:44,2383,Coffee
1/12/2016,11:45:35,2384,Farm House
1/12/2016,12:05:24,2385,Bread
1/12/2016,12:05:24,2385,Coffee
1/12/2016,12:05:24,2385,Pastry
1/12/2016,12:05:24,2385,Keeping It Local
1/12/2016,12:06:05,2386,Bread
1/12/2016,12:06:05,2386,Coffee
1/12/2016,12:10:28,2387,Hearty & Seasonal
1/12/2016,12:23:19,2388,Bread
1/12/2016,12:38:39,2389,Fudge
1/12/2016,12:50:35,2390,Scandinavian
1/12/2016,13:08:05,2391,Bread
1/12/2016,13:08:05,2391,Alfajores
1/12/2016,13:08:05,2391,Bread
1/12/2016,13:11:44,2392,Sandwich
1/12/2016,13:11:44,2392,Coke
1/12/2016,13:11:44,2392,Juice
1/12/2016,13:11:44,2392,Coffee
1/12/2016,13:16:00,2393,Farm House
1/12/2016,13:39:24,2395,Bread
1/12/2016,13:45:42,2396,Coffee
1/12/2016,13:45:42,2396,Medialuna
1/12/2016,13:54:25,2397,Pastry
1/12/2016,13:54:25,2397,Bread
1/12/2016,13:54:25,2397,Coffee
1/12/2016,13:56:13,2398,Sandwich
1/12/2016,13:56:13,2398,Coffee
1/12/2016,14:00:28,2399,Bread
1/12/2016,14:05:58,2400,Muffin
1/12/2016,14:05:58,2400,Bread
1/12/2016,14:09:04,2401,Coffee
1/12/2016,14:25:13,2402,Coffee
1/12/2016,14:25:13,2402,Muffin
1/12/2016,14:26:38,2403,Coffee
1/12/2016,14:29:44,2404,Fudge
1/12/2016,14:29:44,2404,Spread
1/12/2016,14:32:07,2406,Bread
1/12/2016,14:40:47,2407,Coffee
1/12/2016,14:40:47,2407,Pastry
1/12/2016,14:40:47,2407,Bread
1/12/2016,14:54:33,2408,Coffee
1/12/2016,14:54:33,2408,Cake
1/12/2016,14:57:02,2409,Coffee
1/12/2016,15:07:05,2410,Bread
1/12/2016,15:25:36,2412,Tea
1/12/2016,15:41:58,2413,Coffee
1/12/2016,16:04:30,2414,Hot chocolate
1/12/2016,16:04:30,2414,Coffee
1/12/2016,16:04:30,2414,Cake
1/12/2016,16:26:13,2415,Tea
1/12/2016,16:26:13,2415,Bread
1/12/2016,17:30:41,2416,Cake
1/12/2016,17:35:58,2417,Medialuna
2/12/2016,8:17:26,2418,Coffee
2/12/2016,8:17:26,2418,Pastry
2/12/2016,8:28:14,2419,Coffee
2/12/2016,8:31:42,2420,Coffee
2/12/2016,8:36:55,2421,Bread
2/12/2016,8:54:09,2422,Coffee
2/12/2016,8:54:09,2422,Cake
2/12/2016,8:59:08,2423,Bread
2/12/2016,9:08:59,2424,Coffee
2/12/2016,9:10:00,2425,Coffee
2/12/2016,9:11:28,2426,Tea
2/12/2016,9:16:46,2427,Keeping It Local
2/12/2016,9:16:46,2427,Coffee
2/12/2016,9:19:46,2428,Sandwich
2/12/2016,9:19:46,2428,Tea
2/12/2016,9:20:31,2429,Coffee
2/12/2016,9:22:48,2430,Coffee
2/12/2016,9:22:48,2430,Coffee
2/12/2016,9:24:14,2431,Coffee
2/12/2016,9:30:19,2432,Bread
2/12/2016,9:42:36,2433,Tea
2/12/2016,9:42:36,2433,Bread
2/12/2016,9:43:03,2434,Pastry
2/12/2016,9:43:03,2434,Coffee
2/12/2016,9:59:58,2435,Coffee
2/12/2016,9:59:58,2435,Bread
2/12/2016,9:59:58,2435,Pastry
2/12/2016,10:18:44,2436,Coffee
2/12/2016,10:18:44,2436,Medialuna
2/12/2016,10:25:04,2437,Tea
2/12/2016,10:25:04,2437,Coffee
2/12/2016,10:35:22,2438,Bread
2/12/2016,10:36:35,2439,Coffee
2/12/2016,10:38:59,2440,Coffee
2/12/2016,10:38:59,2440,Coffee
2/12/2016,10:38:59,2440,Medialuna
2/12/2016,10:38:59,2440,Pastry
2/12/2016,10:38:59,2440,Cookies
2/12/2016,10:41:47,2441,Bread
2/12/2016,10:41:47,2441,Cake
2/12/2016,11:00:14,2442,Bread
2/12/2016,11:00:14,2442,Coffee
2/12/2016,11:04:33,2443,Bread
2/12/2016,11:14:50,2444,Coffee
2/12/2016,11:22:47,2445,Toast
2/12/2016,11:25:58,2446,Hot chocolate
2/12/2016,11:25:58,2446,Hot chocolate
2/12/2016,11:32:37,2447,Fudge
2/12/2016,11:32:37,2447,Scandinavian
2/12/2016,12:05:55,2448,Medialuna
2/12/2016,12:05:55,2448,Coffee
2/12/2016,12:24:09,2449,Coffee
2/12/2016,12:24:09,2449,Pastry
2/12/2016,12:37:46,2450,Coffee
2/12/2016,12:37:46,2450,Medialuna
2/12/2016,12:37:46,2450,Cake
2/12/2016,12:52:32,2451,Sandwich
2/12/2016,12:52:32,2451,Farm House
2/12/2016,12:52:32,2451,Fudge
2/12/2016,12:59:29,2452,Sandwich
2/12/2016,12:59:29,2452,Scone
2/12/2016,13:01:00,2453,Sandwich
2/12/2016,13:01:00,2453,Bread
2/12/2016,13:02:08,2454,Sandwich
2/12/2016,13:06:05,2457,Coffee
2/12/2016,13:18:20,2458,Sandwich
2/12/2016,13:18:20,2458,Sandwich
2/12/2016,13:18:20,2458,Bread
2/12/2016,13:21:28,2459,Sandwich
2/12/2016,13:21:28,2459,Coke
2/12/2016,13:22:16,2460,Sandwich
2/12/2016,13:22:16,2460,Coke
2/12/2016,13:24:26,2461,Sandwich
2/12/2016,13:35:49,2462,Sandwich
2/12/2016,13:35:49,2462,Scone
2/12/2016,13:37:59,2463,Hot chocolate
2/12/2016,13:40:42,2464,Coffee
2/12/2016,13:40:42,2464,Muffin
2/12/2016,13:57:23,2466,Bread
2/12/2016,14:01:58,2467,Bread
2/12/2016,14:05:12,2468,Bread
2/12/2016,14:08:33,2469,Coffee
2/12/2016,14:08:33,2469,Alfajores
2/12/2016,14:30:37,2470,Bread
2/12/2016,14:30:37,2470,Sandwich
2/12/2016,14:45:29,2471,Bread
2/12/2016,14:45:29,2471,Scone
2/12/2016,14:47:03,2472,Coffee
2/12/2016,14:47:03,2472,Medialuna
2/12/2016,14:48:29,2473,Cake
2/12/2016,15:26:21,2474,Truffles
2/12/2016,15:33:04,2475,Cake
2/12/2016,15:33:04,2475,Coffee
2/12/2016,15:42:05,2476,Scone
2/12/2016,15:52:51,2477,Scone
2/12/2016,15:52:51,2477,Hot chocolate
2/12/2016,15:52:51,2477,Mineral water
2/12/2016,15:52:51,2477,Cookies
2/12/2016,15:55:18,2478,Coffee
2/12/2016,15:55:18,2478,Tea
2/12/2016,15:55:18,2478,Scone
2/12/2016,15:55:39,2479,Bread
2/12/2016,16:51:43,2481,Coffee
2/12/2016,18:09:38,2482,Bread
3/12/2016,8:30:02,2486,Jam
3/12/2016,8:30:02,2486,Bread
3/12/2016,8:30:02,2486,Scandinavian
3/12/2016,9:14:38,2487,Bread
3/12/2016,9:14:38,2487,Bread
3/12/2016,9:14:38,2487,Scandinavian
3/12/2016,9:33:13,2488,Coffee
3/12/2016,9:33:13,2488,Medialuna
3/12/2016,9:35:23,2489,Pastry
3/12/2016,9:35:23,2489,Bread
3/12/2016,9:39:27,2490,Bread
3/12/2016,9:43:05,2491,Farm House
3/12/2016,9:45:51,2492,Scone
3/12/2016,9:45:51,2492,Hot chocolate
3/12/2016,9:45:51,2492,Coffee
3/12/2016,9:45:51,2492,Coffee
3/12/2016,9:54:59,2493,Farm House
3/12/2016,9:54:59,2493,Pastry
3/12/2016,9:54:59,2493,Medialuna
3/12/2016,9:54:59,2493,Hot chocolate
3/12/2016,9:54:59,2493,Coffee
3/12/2016,9:57:25,2494,Bread
3/12/2016,10:01:51,2495,Bread
3/12/2016,10:01:51,2495,Bread
3/12/2016,10:01:51,2495,Coffee
3/12/2016,10:03:48,2496,Coffee
3/12/2016,10:03:48,2496,Scandinavian
3/12/2016,10:06:01,2497,Bread
3/12/2016,10:07:11,2498,Coffee
3/12/2016,10:07:11,2498,Medialuna
3/12/2016,10:07:11,2498,Pastry
3/12/2016,10:08:42,2499,Bread
3/12/2016,10:08:42,2499,Scandinavian
3/12/2016,10:10:27,2500,Coffee
3/12/2016,10:10:27,2500,Scone
3/12/2016,10:12:03,2501,Coffee
3/12/2016,10:18:56,2502,Bread
3/12/2016,10:38:35,2503,Bread
3/12/2016,10:38:35,2503,Pastry
3/12/2016,10:45:49,2504,Coffee
3/12/2016,10:45:49,2504,Bread
3/12/2016,10:49:34,2505,Bread
3/12/2016,10:53:37,2506,Bread
3/12/2016,10:58:48,2507,Coffee
3/12/2016,11:03:15,2508,Coffee
3/12/2016,11:03:15,2508,Scone
3/12/2016,11:04:20,2509,Cake
3/12/2016,11:05:06,2510,Coffee
3/12/2016,11:08:53,2511,Bread
3/12/2016,11:08:53,2511,Fudge
3/12/2016,11:16:59,2512,Medialuna
3/12/2016,11:16:59,2512,Bread
3/12/2016,11:16:59,2512,Farm House
3/12/2016,11:18:34,2513,Muffin
3/12/2016,11:18:34,2513,Scone
3/12/2016,11:20:05,2514,Coffee
3/12/2016,11:21:47,2515,Coffee
3/12/2016,11:21:47,2515,Alfajores
3/12/2016,11:21:47,2515,Scone
3/12/2016,11:22:33,2516,Coffee
3/12/2016,11:23:10,2517,Tea
3/12/2016,11:23:10,2517,Scone
3/12/2016,11:27:40,2518,Juice
3/12/2016,11:27:40,2518,Tea
3/12/2016,11:27:40,2518,Cake
3/12/2016,11:30:42,2519,Coffee
3/12/2016,11:30:42,2519,Tartine
3/12/2016,11:30:42,2519,Fudge
3/12/2016,11:30:42,2519,Jam
3/12/2016,11:31:42,2520,Bread
3/12/2016,11:38:50,2521,Coffee
3/12/2016,11:38:50,2521,Medialuna
3/12/2016,11:41:44,2522,Tea
3/12/2016,11:41:44,2522,Bread
3/12/2016,11:41:44,2522,Bread
3/12/2016,11:45:39,2523,Coke
3/12/2016,11:50:58,2524,Coffee
3/12/2016,11:50:58,2524,Medialuna
3/12/2016,11:58:05,2525,Bread
3/12/2016,12:24:36,2526,Truffles
3/12/2016,12:24:36,2526,Bread
3/12/2016,12:34:55,2527,Coffee
3/12/2016,12:34:55,2527,Bread
3/12/2016,12:34:55,2527,Tea
3/12/2016,12:34:55,2527,Pastry
3/12/2016,12:34:55,2527,Cake
3/12/2016,12:43:56,2528,Sandwich
3/12/2016,12:45:38,2529,Hot chocolate
3/12/2016,12:47:27,2530,Coffee
3/12/2016,12:47:27,2530,Sandwich
3/12/2016,12:47:27,2530,Sandwich
3/12/2016,12:50:18,2532,Sandwich
3/12/2016,12:50:18,2532,Tea
3/12/2016,12:50:18,2532,Coffee
3/12/2016,12:55:50,2533,Coffee
3/12/2016,12:55:50,2533,Scone
3/12/2016,12:56:54,2534,Cake
3/12/2016,13:10:18,2535,Bread
3/12/2016,13:10:18,2535,Cookies
3/12/2016,13:17:24,2536,Coffee
3/12/2016,13:17:24,2536,Sandwich
3/12/2016,13:18:39,2537,Cake
3/12/2016,13:18:39,2537,Scone
3/12/2016,13:18:39,2537,Coffee
3/12/2016,13:21:46,2538,Mineral water
3/12/2016,13:21:46,2538,Bread
3/12/2016,13:26:21,2539,Coffee
3/12/2016,13:26:21,2539,Bread
3/12/2016,13:28:12,2540,Muffin
3/12/2016,13:28:12,2540,Cake
3/12/2016,13:28:12,2540,Scone
3/12/2016,13:38:21,2541,Tea
3/12/2016,13:38:21,2541,Scone
3/12/2016,13:45:20,2543,Muffin
3/12/2016,13:45:20,2543,Pastry
3/12/2016,13:53:32,2545,Muffin
3/12/2016,13:53:32,2545,Cake
3/12/2016,13:53:32,2545,Coffee
3/12/2016,13:53:32,2545,Coffee
3/12/2016,14:03:00,2546,Cake
3/12/2016,14:05:50,2547,Tea
3/12/2016,14:05:50,2547,Bread
3/12/2016,14:05:50,2547,Scone
3/12/2016,14:05:50,2547,Cake
3/12/2016,14:07:07,2548,Coffee
3/12/2016,14:07:07,2548,Medialuna
3/12/2016,14:12:03,2549,Jam
3/12/2016,14:12:03,2549,Fudge
3/12/2016,14:13:40,2550,Scone
3/12/2016,14:13:40,2550,Pastry
3/12/2016,14:21:31,2551,Fudge
3/12/2016,14:21:31,2551,Hot chocolate
3/12/2016,14:28:06,2552,Cake
3/12/2016,14:28:06,2552,Sandwich
3/12/2016,14:28:06,2552,Sandwich
3/12/2016,14:28:06,2552,Juice
3/12/2016,14:28:06,2552,Coffee
3/12/2016,14:28:06,2552,Coffee
3/12/2016,14:28:06,2552,Sandwich
3/12/2016,14:29:01,2553,Bread
3/12/2016,14:34:31,2554,Juice
3/12/2016,14:34:31,2554,Coffee
3/12/2016,14:34:31,2554,Coffee
3/12/2016,14:37:36,2555,Scone
3/12/2016,14:37:36,2555,Bread
3/12/2016,14:37:36,2555,Coffee
3/12/2016,14:37:36,2555,Hot chocolate
3/12/2016,14:41:34,2556,Coffee
3/12/2016,14:41:34,2556,Scone
3/12/2016,14:41:34,2556,Muffin
3/12/2016,14:41:34,2556,Hot chocolate
3/12/2016,14:47:21,2557,Bread
3/12/2016,14:50:38,2558,Medialuna
3/12/2016,14:55:47,2559,Cake
3/12/2016,14:55:47,2559,Alfajores
3/12/2016,14:57:53,2560,Hot chocolate
3/12/2016,15:17:19,2561,Coffee
3/12/2016,15:17:19,2561,Coffee
3/12/2016,15:25:53,2562,Coffee
3/12/2016,15:37:11,2563,Coffee
3/12/2016,15:37:11,2563,Tea
3/12/2016,15:39:35,2564,Jam
3/12/2016,15:39:35,2564,Cake
3/12/2016,15:39:35,2564,Bread
3/12/2016,15:39:35,2564,Coffee
3/12/2016,15:42:03,2565,Coffee
3/12/2016,15:43:10,2566,Tea
3/12/2016,15:43:10,2566,Scone
3/12/2016,15:45:44,2567,Bread
3/12/2016,15:46:28,2568,Bread
3/12/2016,15:48:43,2569,Smoothies
3/12/2016,15:48:43,2569,Muffin
3/12/2016,15:48:43,2569,Hot chocolate
3/12/2016,15:48:43,2569,Toast
3/12/2016,15:50:17,2570,Alfajores
3/12/2016,15:50:17,2570,Muffin
3/12/2016,15:50:17,2570,Medialuna
3/12/2016,16:03:05,2571,Bread
3/12/2016,16:03:05,2571,Coffee
3/12/2016,16:03:05,2571,Scone
3/12/2016,16:08:31,2572,Tea
3/12/2016,16:08:31,2572,Juice
3/12/2016,16:13:03,2573,Coffee
3/12/2016,16:13:03,2573,Coffee
3/12/2016,16:13:03,2573,Bread
3/12/2016,16:16:00,2574,Pastry
3/12/2016,16:22:47,2575,Bread
3/12/2016,16:22:47,2575,Tea
3/12/2016,16:22:47,2575,Pastry
3/12/2016,16:37:59,2576,Coffee
3/12/2016,16:37:59,2576,Medialuna
4/12/2016,9:23:12,2577,Coffee
4/12/2016,9:23:12,2577,Medialuna
4/12/2016,9:25:28,2578,Bread
4/12/2016,10:13:39,2579,Pastry
4/12/2016,10:13:39,2579,Bread
4/12/2016,10:14:25,2580,Bread
4/12/2016,10:14:25,2580,Toast
4/12/2016,10:33:49,2581,Bread
4/12/2016,10:33:49,2581,Medialuna
4/12/2016,10:33:49,2581,Toast
4/12/2016,10:48:04,2582,Coffee
4/12/2016,10:48:04,2582,Scone
4/12/2016,10:48:04,2582,Pastry
4/12/2016,10:51:32,2583,Coffee
4/12/2016,10:51:32,2583,Tea
4/12/2016,10:51:32,2583,Muffin
4/12/2016,10:51:32,2583,Muffin
4/12/2016,10:52:25,2584,Coffee
4/12/2016,10:52:25,2584,Toast
4/12/2016,10:54:15,2585,Coffee
4/12/2016,10:54:15,2585,Coffee
4/12/2016,10:54:15,2585,Medialuna
4/12/2016,10:54:15,2585,Pastry
4/12/2016,11:07:33,2586,Bread
4/12/2016,11:07:33,2586,Ella's Kitchen Pouches
4/12/2016,11:24:07,2587,Coffee
4/12/2016,11:24:07,2587,Toast
4/12/2016,11:35:33,2588,Bread
4/12/2016,11:35:33,2588,Medialuna
4/12/2016,11:47:49,2589,Hot chocolate
4/12/2016,11:47:49,2589,Tea
4/12/2016,11:49:23,2590,Bread
4/12/2016,11:49:23,2590,Muffin
4/12/2016,11:53:20,2591,Coffee
4/12/2016,11:53:20,2591,Bread
4/12/2016,11:53:20,2591,Coffee
4/12/2016,11:56:26,2592,Farm House
4/12/2016,11:57:49,2593,Coffee
4/12/2016,11:57:49,2593,Coffee
4/12/2016,12:04:19,2594,Bread
4/12/2016,12:04:19,2594,Alfajores
4/12/2016,12:04:19,2594,Cookies
4/12/2016,12:06:34,2595,Coffee
4/12/2016,12:06:34,2595,Medialuna
4/12/2016,12:06:34,2595,Pastry
4/12/2016,12:06:34,2595,Alfajores
4/12/2016,12:13:06,2596,Bread
4/12/2016,12:13:06,2596,Coffee
4/12/2016,12:31:06,2597,Bread
4/12/2016,12:33:58,2598,Coffee
4/12/2016,12:33:58,2598,Truffles
4/12/2016,12:35:48,2599,Coffee
4/12/2016,12:35:48,2599,Fudge
4/12/2016,12:35:48,2599,Fudge
4/12/2016,12:35:48,2599,Bread
4/12/2016,12:40:19,2600,Bread
4/12/2016,12:46:15,2601,Coffee
4/12/2016,12:46:15,2601,Bread
4/12/2016,12:47:59,2602,Bread
4/12/2016,13:11:13,2603,Coffee
4/12/2016,13:11:13,2603,Medialuna
4/12/2016,13:11:13,2603,Crepes
4/12/2016,13:11:13,2603,Alfajores
4/12/2016,13:14:33,2604,Coffee
4/12/2016,13:14:33,2604,Coffee
4/12/2016,13:14:33,2604,Cake
4/12/2016,13:15:56,2605,Bread
4/12/2016,13:15:56,2605,Coffee
4/12/2016,13:15:56,2605,Cake
4/12/2016,13:15:56,2605,Cookies
4/12/2016,13:18:31,2606,Coffee
4/12/2016,13:21:06,2607,Bread
4/12/2016,13:50:59,2608,Farm House
4/12/2016,13:58:32,2609,Bread
4/12/2016,14:03:46,2610,Coffee
4/12/2016,14:03:46,2610,Medialuna
4/12/2016,14:07:44,2611,Hot chocolate
4/12/2016,14:07:44,2611,Tea
4/12/2016,14:07:44,2611,Coffee
4/12/2016,14:07:44,2611,Coffee
4/12/2016,14:07:44,2611,Cake
4/12/2016,14:12:54,2612,Tea
4/12/2016,14:12:54,2612,Hot chocolate
4/12/2016,14:12:54,2612,Truffles
4/12/2016,14:16:55,2613,Hot chocolate
4/12/2016,14:16:55,2613,Hot chocolate
4/12/2016,14:16:55,2613,Hot chocolate
4/12/2016,14:27:31,2614,Coffee
4/12/2016,14:27:31,2614,Coffee
4/12/2016,14:27:31,2614,Coffee
4/12/2016,14:27:31,2614,Sandwich
4/12/2016,14:27:31,2614,Crepes
4/12/2016,14:32:26,2615,Bread
4/12/2016,14:32:26,2615,Crepes
4/12/2016,14:40:52,2616,Bread
4/12/2016,14:40:52,2616,Muffin
4/12/2016,14:40:52,2616,Cake
4/12/2016,14:40:52,2616,Coffee
4/12/2016,14:40:52,2616,Medialuna
4/12/2016,14:41:27,2617,Coffee
4/12/2016,14:46:44,2618,Bread
4/12/2016,14:46:44,2618,Coffee
4/12/2016,14:46:44,2618,Cookies
4/12/2016,14:50:25,2619,Medialuna
4/12/2016,14:50:25,2619,Crepes
4/12/2016,14:52:49,2620,Muffin
4/12/2016,14:54:51,2621,Medialuna
4/12/2016,14:54:51,2621,Tea
4/12/2016,15:02:11,2622,Pastry
4/12/2016,15:41:11,2623,Tea
4/12/2016,15:46:13,2624,Coffee
4/12/2016,15:46:13,2624,Scone
4/12/2016,15:46:13,2624,Coffee
4/12/2016,16:12:14,2625,Bread
4/12/2016,16:12:14,2625,Coffee
4/12/2016,16:12:14,2625,Coffee
4/12/2016,16:12:14,2625,Coffee
4/12/2016,16:15:01,2626,Truffles
4/12/2016,16:15:01,2626,Tea
4/12/2016,16:19:11,2627,Cookies
4/12/2016,16:19:11,2627,Cookies
5/12/2016,8:25:55,2628,Coffee
5/12/2016,8:35:23,2629,Bread
5/12/2016,8:36:11,2630,Coffee
5/12/2016,8:36:11,2630,Bread
5/12/2016,8:36:11,2630,Toast
5/12/2016,8:36:11,2630,Pastry
5/12/2016,9:04:44,2631,Coffee
5/12/2016,9:09:17,2632,Muffin
5/12/2016,9:19:19,2633,Bread
5/12/2016,9:20:45,2634,Farm House
5/12/2016,9:22:08,2635,Coffee
5/12/2016,9:24:21,2636,Bread
5/12/2016,9:25:24,2637,Bread
5/12/2016,9:28:53,2638,Tea
5/12/2016,9:28:53,2638,Coffee
5/12/2016,9:28:53,2638,Pastry
5/12/2016,9:28:53,2638,Alfajores
5/12/2016,9:33:12,2639,Coffee
5/12/2016,9:33:12,2639,Coffee
5/12/2016,9:33:12,2639,Toast
5/12/2016,9:33:12,2639,Medialuna
5/12/2016,9:33:58,2640,Coffee
5/12/2016,9:42:43,2641,Juice
5/12/2016,9:42:43,2641,Tea
5/12/2016,9:42:43,2641,Bread
5/12/2016,9:42:43,2641,Medialuna
5/12/2016,9:45:14,2642,Medialuna
5/12/2016,9:45:14,2642,Coffee
5/12/2016,9:45:14,2642,Toast
5/12/2016,9:46:18,2643,Pastry
5/12/2016,9:46:18,2643,Tea
5/12/2016,9:51:34,2644,Farm House
5/12/2016,10:07:40,2645,Coffee
5/12/2016,10:07:40,2645,Coffee
5/12/2016,10:14:02,2646,Coffee
5/12/2016,10:40:23,2647,Coffee
5/12/2016,10:40:23,2647,Coffee
5/12/2016,10:40:23,2647,Muffin
5/12/2016,10:41:51,2648,Coffee
5/12/2016,10:42:31,2649,Coffee
5/12/2016,10:42:31,2649,Muffin
5/12/2016,10:52:01,2650,Coffee
5/12/2016,10:52:01,2650,Sandwich
5/12/2016,10:56:44,2651,Dulce de Leche
5/12/2016,10:56:44,2651,Bread
5/12/2016,10:56:44,2651,Coffee
5/12/2016,10:56:44,2651,Pastry
5/12/2016,10:56:44,2651,Bread
5/12/2016,10:58:46,2652,Jam
5/12/2016,11:04:23,2653,Coffee
5/12/2016,11:04:23,2653,Coffee
5/12/2016,11:04:23,2653,Medialuna
5/12/2016,11:09:34,2654,Cookies
5/12/2016,11:09:34,2654,Coffee
5/12/2016,11:09:34,2654,Pastry
5/12/2016,12:14:03,2655,Farm House
5/12/2016,12:26:57,2656,Coffee
5/12/2016,12:33:52,2657,Coffee
5/12/2016,12:51:42,2659,Bread
5/12/2016,12:51:42,2659,Pastry
5/12/2016,12:56:06,2660,Juice
5/12/2016,12:56:06,2660,Sandwich
5/12/2016,12:58:48,2661,Coffee
5/12/2016,12:58:48,2661,Coffee
5/12/2016,12:58:48,2661,Alfajores
5/12/2016,13:11:30,2662,Coffee
5/12/2016,13:11:30,2662,Sandwich
5/12/2016,13:30:27,2663,Bread
5/12/2016,13:31:30,2664,Bread
5/12/2016,13:40:52,2665,Bread
5/12/2016,13:40:52,2665,Tea
5/12/2016,13:40:52,2665,Medialuna
5/12/2016,13:46:47,2666,Coffee
5/12/2016,13:46:47,2666,Muffin
5/12/2016,13:50:44,2667,Cake
5/12/2016,13:50:44,2667,Tea
5/12/2016,13:52:34,2668,Cookies
5/12/2016,13:52:34,2668,Coffee
5/12/2016,14:04:32,2669,Hearty & Seasonal
5/12/2016,14:04:32,2669,Coke
5/12/2016,14:12:21,2670,Coffee
5/12/2016,14:12:21,2670,Coffee
5/12/2016,14:12:21,2670,Muffin
5/12/2016,14:12:21,2670,Sandwich
5/12/2016,14:15:37,2671,Alfajores
5/12/2016,14:30:28,2672,Alfajores
5/12/2016,14:39:46,2673,Sandwich
5/12/2016,14:39:46,2673,Coffee
5/12/2016,14:43:20,2674,Hot chocolate
5/12/2016,14:43:20,2674,Coffee
5/12/2016,14:43:20,2674,Muffin
5/12/2016,14:43:20,2674,Sandwich
5/12/2016,14:48:51,2675,Muffin
5/12/2016,15:00:58,2676,Coffee
5/12/2016,15:00:58,2676,Tea
5/12/2016,15:00:58,2676,Bread
5/12/2016,15:01:39,2677,Coffee
5/12/2016,15:13:04,2678,Bread
5/12/2016,15:13:04,2678,Medialuna
5/12/2016,15:13:04,2678,Cookies
5/12/2016,15:13:04,2678,Tea
5/12/2016,15:27:04,2679,Coffee
5/12/2016,15:45:32,2680,Coffee
5/12/2016,15:45:32,2680,Bread
5/12/2016,15:45:32,2680,Coffee
5/12/2016,16:23:40,2681,Alfajores
5/12/2016,16:23:40,2681,Alfajores
5/12/2016,16:23:40,2681,Coffee
5/12/2016,16:23:40,2681,Sandwich
5/12/2016,16:23:40,2681,Sandwich
5/12/2016,16:23:40,2681,Bread
5/12/2016,16:53:44,2682,Coffee
5/12/2016,16:53:44,2682,Coffee
5/12/2016,16:53:44,2682,Bread
5/12/2016,16:53:44,2682,Cookies
5/12/2016,16:53:44,2682,Medialuna
5/12/2016,16:53:44,2682,Coffee
6/12/2016,8:11:46,2683,Coffee
6/12/2016,8:11:46,2683,Cookies
6/12/2016,8:26:54,2684,Farm House
6/12/2016,8:58:58,2685,Coffee
6/12/2016,9:20:17,2686,Coke
6/12/2016,9:26:06,2687,Coffee
6/12/2016,9:26:06,2687,Bread
6/12/2016,9:27:18,2688,Pastry
6/12/2016,9:27:18,2688,Bread
6/12/2016,9:48:09,2689,Coffee
6/12/2016,9:50:30,2690,Hot chocolate
6/12/2016,9:50:30,2690,Alfajores
6/12/2016,9:50:30,2690,Bread
6/12/2016,9:50:30,2690,Muffin
6/12/2016,9:51:10,2691,Coffee
6/12/2016,9:51:38,2692,Bread
6/12/2016,9:52:37,2693,Coffee
6/12/2016,9:52:37,2693,Coffee
6/12/2016,9:53:52,2694,Coffee
6/12/2016,9:53:52,2694,Coffee
6/12/2016,9:53:52,2694,Medialuna
6/12/2016,9:54:45,2695,Coffee
6/12/2016,10:15:01,2696,Pastry
6/12/2016,10:15:01,2696,Medialuna
6/12/2016,10:15:01,2696,Bread
6/12/2016,10:18:59,2697,Muffin
6/12/2016,10:18:59,2697,Coffee
6/12/2016,10:18:59,2697,Coffee
6/12/2016,10:25:37,2698,Bread
6/12/2016,10:28:26,2699,Bread
6/12/2016,10:30:22,2700,Bread
6/12/2016,10:30:22,2700,Coffee
6/12/2016,10:45:44,2701,Bread
6/12/2016,10:45:44,2701,Tea
6/12/2016,10:49:29,2702,Bread
6/12/2016,10:49:29,2702,Cookies
6/12/2016,10:49:29,2702,Muffin
6/12/2016,10:52:24,2703,Tea
6/12/2016,10:52:24,2703,Coffee
6/12/2016,10:54:51,2704,Medialuna
6/12/2016,10:54:51,2704,Pastry
6/12/2016,10:54:51,2704,Bread
6/12/2016,10:55:48,2705,Coffee
6/12/2016,10:55:48,2705,Alfajores
6/12/2016,10:57:54,2706,Toast
6/12/2016,10:59:09,2707,Coffee
6/12/2016,11:03:20,2708,Tea
6/12/2016,11:07:06,2709,Hot chocolate
6/12/2016,11:07:06,2709,Medialuna
6/12/2016,11:07:30,2710,Coffee
6/12/2016,11:07:30,2710,Pastry
6/12/2016,11:08:19,2711,Coffee
6/12/2016,11:21:40,2712,Cake
6/12/2016,11:21:40,2712,Bread
6/12/2016,11:23:27,2713,Cake
6/12/2016,11:23:27,2713,Coffee
6/12/2016,11:45:33,2714,Coffee
6/12/2016,11:45:33,2714,Hot chocolate
6/12/2016,11:45:33,2714,Pastry
6/12/2016,12:02:51,2715,Tea
6/12/2016,12:07:33,2716,Bread
6/12/2016,12:11:28,2717,Tea
6/12/2016,12:24:06,2718,Bread
6/12/2016,12:24:06,2718,Farm House
6/12/2016,12:24:44,2719,Coffee
6/12/2016,12:35:33,2720,Bread
6/12/2016,12:39:43,2721,Bread
6/12/2016,12:44:06,2722,Bread
6/12/2016,12:44:06,2722,Cookies
6/12/2016,12:47:13,2723,Coffee
6/12/2016,12:47:13,2723,Bread
6/12/2016,12:50:14,2724,Cookies
6/12/2016,12:50:14,2724,Coffee
6/12/2016,13:02:34,2725,Farm House
6/12/2016,13:12:31,2726,Bread
6/12/2016,13:14:28,2727,Coffee
6/12/2016,13:16:31,2728,Coffee
6/12/2016,13:16:31,2728,Tea
6/12/2016,13:16:31,2728,Sandwich
6/12/2016,13:16:31,2728,Muffin
6/12/2016,13:22:06,2729,Coffee
6/12/2016,13:22:06,2729,Bread
6/12/2016,13:22:06,2729,Cake
6/12/2016,13:36:54,2730,Bread
6/12/2016,14:01:12,2731,Tea
6/12/2016,14:02:32,2732,Tea
6/12/2016,14:02:32,2732,Coffee
6/12/2016,14:10:33,2733,Coffee
6/12/2016,14:29:07,2734,Sandwich
6/12/2016,14:29:07,2734,Tea
6/12/2016,14:29:07,2734,Alfajores
6/12/2016,15:09:18,2735,Coffee
6/12/2016,15:09:18,2735,Mineral water
6/12/2016,15:09:18,2735,Alfajores
6/12/2016,15:09:18,2735,Cake
6/12/2016,15:09:18,2735,Sandwich
6/12/2016,15:29:23,2736,Coffee
6/12/2016,15:29:23,2736,Bread
6/12/2016,15:30:04,2737,Coffee
6/12/2016,15:44:35,2738,Tea
6/12/2016,15:44:35,2738,Cake
6/12/2016,15:49:41,2739,Bread
6/12/2016,15:53:35,2740,Cookies
6/12/2016,16:01:07,2741,Coffee
6/12/2016,16:01:07,2741,Juice
6/12/2016,16:22:54,2742,Coffee
6/12/2016,16:22:54,2742,Muffin
6/12/2016,16:22:54,2742,Mineral water
6/12/2016,16:22:54,2742,Juice
6/12/2016,16:24:31,2743,Bread
7/12/2016,8:38:22,2744,Bread
7/12/2016,9:02:48,2745,Bread
7/12/2016,9:15:18,2746,Bread
7/12/2016,9:15:18,2746,Hot chocolate
7/12/2016,9:15:18,2746,Juice
7/12/2016,9:15:18,2746,Toast
7/12/2016,9:21:35,2747,Coffee
7/12/2016,9:21:35,2747,Cake
7/12/2016,9:21:35,2747,Bread
7/12/2016,9:25:00,2748,Coffee
7/12/2016,9:25:00,2748,Toast
7/12/2016,9:26:40,2749,Coffee
7/12/2016,9:26:40,2749,Toast
7/12/2016,9:27:45,2750,Tea
7/12/2016,9:29:20,2751,Tea
7/12/2016,9:29:20,2751,Toast
7/12/2016,9:29:20,2751,Cookies
7/12/2016,10:11:14,2752,Farm House
7/12/2016,10:28:53,2753,Bread
7/12/2016,10:28:53,2753,Cake
7/12/2016,10:58:32,2754,Bread
7/12/2016,11:00:46,2755,Coffee
7/12/2016,11:00:46,2755,Coffee
7/12/2016,11:01:17,2756,Tea
7/12/2016,11:01:17,2756,Alfajores
7/12/2016,11:02:36,2757,Bread
7/12/2016,11:03:59,2758,Coffee
7/12/2016,11:13:22,2759,Juice
7/12/2016,11:13:22,2759,Coffee
7/12/2016,11:13:22,2759,Tea
7/12/2016,11:28:16,2760,Coffee
7/12/2016,11:28:16,2760,Medialuna
7/12/2016,11:41:59,2761,Bread
7/12/2016,11:42:43,2762,Medialuna
7/12/2016,11:42:43,2762,Coffee
7/12/2016,12:03:14,2763,Cake
7/12/2016,12:03:14,2763,Tea
7/12/2016,12:07:00,2764,Bread
7/12/2016,12:07:00,2764,Coffee
7/12/2016,12:08:10,2765,Farm House
7/12/2016,12:13:07,2766,Bread
7/12/2016,12:21:41,2767,Farm House
7/12/2016,12:21:41,2767,Crepes
7/12/2016,12:29:46,2768,Bread
7/12/2016,12:35:28,2769,Hot chocolate
7/12/2016,12:47:30,2770,Coffee
7/12/2016,12:47:30,2770,Coffee
7/12/2016,12:47:30,2770,Hot chocolate
7/12/2016,12:47:30,2770,Sandwich
7/12/2016,12:56:11,2771,Sandwich
7/12/2016,12:57:13,2772,Coffee
7/12/2016,12:57:13,2772,Truffles
7/12/2016,12:59:27,2773,Jam
7/12/2016,13:08:22,2774,Bread
7/12/2016,13:23:02,2775,Bread
7/12/2016,13:35:04,2776,Sandwich
7/12/2016,13:35:04,2776,Coffee
7/12/2016,13:35:04,2776,Mineral water
7/12/2016,13:48:57,2777,Bread
7/12/2016,14:01:10,2778,Coke
7/12/2016,14:01:10,2778,Coke
7/12/2016,14:01:10,2778,Cookies
7/12/2016,14:23:46,2780,Bread
7/12/2016,14:23:46,2780,Bread
7/12/2016,14:31:10,2781,Coffee
7/12/2016,14:31:10,2781,Coffee
7/12/2016,14:31:10,2781,Sandwich
7/12/2016,14:45:54,2782,Bread
7/12/2016,14:45:54,2782,Coffee
7/12/2016,14:47:44,2783,Tea
7/12/2016,14:47:44,2783,Coffee
7/12/2016,15:16:54,2785,Tea
7/12/2016,15:16:54,2785,Coffee
7/12/2016,16:00:12,2786,Hot chocolate
7/12/2016,16:25:57,2787,Coffee
7/12/2016,16:25:57,2787,Coffee
7/12/2016,16:25:57,2787,Alfajores
7/12/2016,17:04:56,2788,Fudge
7/12/2016,17:04:56,2788,Jam
7/12/2016,17:04:56,2788,Cake
7/12/2016,17:04:56,2788,Coffee
8/12/2016,8:26:16,2789,Cake
8/12/2016,8:46:11,2790,Coffee
8/12/2016,8:46:11,2790,Bread
8/12/2016,9:03:07,2791,Pastry
8/12/2016,9:03:07,2791,Coffee
8/12/2016,9:04:24,2792,Coffee
8/12/2016,9:04:24,2792,Pastry
8/12/2016,9:14:56,2793,Coffee
8/12/2016,9:14:56,2793,Pastry
8/12/2016,9:18:48,2794,Truffles
8/12/2016,9:18:48,2794,Bread
8/12/2016,9:26:36,2795,Coffee
8/12/2016,9:28:20,2796,Coffee
8/12/2016,9:32:00,2797,Coffee
8/12/2016,9:32:00,2797,Toast
8/12/2016,9:32:00,2797,Vegan mincepie
8/12/2016,9:32:00,2797,Mineral water
8/12/2016,9:32:00,2797,Coffee
8/12/2016,9:33:26,2798,Medialuna
8/12/2016,9:33:26,2798,Bread
8/12/2016,9:44:53,2799,Coffee
8/12/2016,9:44:53,2799,Cake
8/12/2016,10:09:16,2800,Coffee
8/12/2016,10:09:16,2800,Pastry
8/12/2016,10:16:28,2801,Coffee
8/12/2016,10:40:06,2802,Coffee
8/12/2016,10:53:51,2803,Bread
8/12/2016,10:53:51,2803,Cake
8/12/2016,10:53:51,2803,Cookies
8/12/2016,10:55:18,2804,Coffee
8/12/2016,10:55:18,2804,Tea
8/12/2016,10:55:18,2804,Bread
8/12/2016,10:55:18,2804,Cake
8/12/2016,11:02:40,2805,Toast
8/12/2016,11:02:40,2805,Juice
8/12/2016,11:03:36,2806,Bread
8/12/2016,11:04:22,2807,Pastry
8/12/2016,11:04:22,2807,Pastry
8/12/2016,11:26:03,2808,Coffee
8/12/2016,11:27:11,2809,Truffles
8/12/2016,11:35:19,2810,Tea
8/12/2016,11:36:09,2811,Bread
8/12/2016,11:39:06,2812,Farm House
8/12/2016,11:51:58,2813,Coffee
8/12/2016,11:51:58,2813,Cake
8/12/2016,11:53:34,2814,Coffee
8/12/2016,11:53:34,2814,Sandwich
8/12/2016,12:19:45,2815,Tea
8/12/2016,12:45:41,2816,Hearty & Seasonal
8/12/2016,12:45:41,2816,Tea
8/12/2016,13:03:52,2817,Coffee
8/12/2016,13:04:38,2818,Coffee
8/12/2016,13:41:08,2819,Tea
8/12/2016,13:41:08,2819,Cake
8/12/2016,13:42:08,2820,Farm House
8/12/2016,13:53:09,2821,Coffee
8/12/2016,14:20:51,2822,Coffee
8/12/2016,14:34:32,2823,Bread
8/12/2016,15:11:16,2824,Coffee
8/12/2016,15:11:16,2824,Cake
8/12/2016,15:17:44,2825,Cake
8/12/2016,15:40:39,2826,Alfajores
8/12/2016,15:40:39,2826,Medialuna
8/12/2016,15:40:39,2826,Brownie
8/12/2016,15:41:22,2827,Bread
8/12/2016,16:54:21,2828,Bread
9/12/2016,9:03:46,2829,Bread
9/12/2016,9:03:46,2829,Jam
9/12/2016,9:05:25,2830,Tea
9/12/2016,9:05:25,2830,Sandwich
9/12/2016,9:13:18,2831,Coffee
9/12/2016,9:13:18,2831,Medialuna
9/12/2016,9:13:18,2831,Juice
9/12/2016,9:13:18,2831,Coke
9/12/2016,9:15:48,2832,Toast
9/12/2016,9:15:48,2832,Coffee
9/12/2016,9:15:48,2832,Bread
9/12/2016,9:17:08,2833,Bread
9/12/2016,9:17:08,2833,Coffee
9/12/2016,9:17:08,2833,Toast
9/12/2016,9:19:46,2834,Bread
9/12/2016,9:19:46,2834,Coffee
9/12/2016,9:19:46,2834,Medialuna
9/12/2016,9:31:22,2835,Coffee
9/12/2016,9:31:52,2836,Bread
9/12/2016,9:31:52,2836,Toast
9/12/2016,9:42:56,2837,Bread
9/12/2016,9:58:47,2838,Coffee
9/12/2016,9:58:47,2838,Coffee
9/12/2016,9:58:47,2838,Medialuna
9/12/2016,9:58:47,2838,Cake
9/12/2016,10:11:09,2839,Tea
9/12/2016,10:16:40,2840,Tea
9/12/2016,10:17:03,2841,Coffee
9/12/2016,10:17:03,2841,Medialuna
9/12/2016,10:18:33,2842,Bread
9/12/2016,10:20:34,2843,Bread
9/12/2016,10:20:34,2843,Coffee
9/12/2016,10:36:25,2844,Bread
9/12/2016,10:40:00,2845,Bread
9/12/2016,10:40:00,2845,Brownie
9/12/2016,10:43:53,2846,Coffee
9/12/2016,10:45:04,2847,Tea
9/12/2016,10:45:04,2847,The Nomad
9/12/2016,10:56:23,2848,Fudge
9/12/2016,10:58:25,2849,Alfajores
9/12/2016,10:58:25,2849,Coffee
9/12/2016,10:59:55,2850,Bread
9/12/2016,11:02:01,2851,Coffee
9/12/2016,11:02:01,2851,Alfajores
9/12/2016,11:03:24,2852,Brownie
9/12/2016,11:03:24,2852,Coffee
9/12/2016,11:07:26,2853,Bread
9/12/2016,11:15:23,2854,Jam
9/12/2016,11:15:23,2854,Fudge
9/12/2016,11:18:31,2855,Tea
9/12/2016,11:24:13,2856,Coffee
9/12/2016,11:32:08,2857,Coffee
9/12/2016,11:46:29,2858,Bread
9/12/2016,11:48:20,2859,Coffee
9/12/2016,12:06:09,2860,Coffee
9/12/2016,12:07:50,2861,Medialuna
9/12/2016,12:07:50,2861,Cake
9/12/2016,12:10:24,2862,Coffee
9/12/2016,12:10:24,2862,Cake
9/12/2016,12:16:51,2863,Coffee
9/12/2016,12:16:51,2863,Coffee
9/12/2016,12:30:31,2865,The Nomad
9/12/2016,12:30:31,2865,Tea
9/12/2016,12:30:31,2865,Bread
9/12/2016,12:30:31,2865,Brownie
9/12/2016,12:30:31,2865,Fudge
9/12/2016,12:30:31,2865,Fudge
9/12/2016,12:45:21,2866,Scone
9/12/2016,12:45:21,2866,Tea
9/12/2016,12:52:56,2867,Bread
9/12/2016,12:56:47,2868,Sandwich
9/12/2016,12:56:47,2868,Bread
9/12/2016,12:56:47,2868,Mineral water
9/12/2016,12:56:47,2868,Coffee
9/12/2016,12:56:47,2868,Juice
9/12/2016,13:00:58,2869,Bread
9/12/2016,13:00:58,2869,Bread
9/12/2016,13:00:58,2869,Scandinavian
9/12/2016,13:42:26,2870,Sandwich
9/12/2016,13:43:48,2871,Coffee
9/12/2016,13:43:48,2871,Brownie
9/12/2016,13:48:24,2872,Hearty & Seasonal
9/12/2016,13:48:24,2872,Brownie
9/12/2016,13:48:24,2872,Bread
9/12/2016,13:50:55,2873,Tea
9/12/2016,13:50:55,2873,Hearty & Seasonal
9/12/2016,13:52:06,2874,Coffee
9/12/2016,13:52:06,2874,Brownie
9/12/2016,14:19:07,2875,Coffee
9/12/2016,14:19:07,2875,Farm House
9/12/2016,14:36:39,2876,Coffee
9/12/2016,14:36:39,2876,Scone
9/12/2016,14:49:47,2877,Scone
9/12/2016,14:49:47,2877,Crepes
9/12/2016,14:49:47,2877,Alfajores
9/12/2016,14:49:47,2877,Alfajores
9/12/2016,15:04:04,2878,Scandinavian
9/12/2016,15:25:43,2879,Cake
9/12/2016,15:26:56,2880,Bread
9/12/2016,15:38:57,2881,Bread
9/12/2016,15:43:46,2882,Bread
9/12/2016,15:43:46,2882,Tea
9/12/2016,15:54:45,2884,Brownie
9/12/2016,15:54:45,2884,Mineral water
9/12/2016,15:59:06,2885,Farm House
9/12/2016,16:03:20,2886,Coffee
9/12/2016,16:16:09,2887,Sandwich
9/12/2016,16:16:09,2887,Scone
9/12/2016,16:16:09,2887,Bread
9/12/2016,16:16:09,2887,Coffee
9/12/2016,16:18:01,2888,Coffee
9/12/2016,16:18:01,2888,Hot chocolate
9/12/2016,16:18:01,2888,Tea
9/12/2016,16:18:01,2888,Alfajores
9/12/2016,16:18:01,2888,Sandwich
10/12/2016,8:19:55,2889,Bread
10/12/2016,8:19:55,2889,Scone
10/12/2016,8:19:55,2889,Juice
10/12/2016,8:50:37,2890,Coffee
10/12/2016,8:53:46,2891,Bread
10/12/2016,8:55:00,2892,Bread
10/12/2016,9:10:23,2893,Coffee
10/12/2016,9:10:23,2893,Coffee
10/12/2016,9:10:23,2893,Toast
10/12/2016,9:10:23,2893,Pastry
10/12/2016,9:14:48,2894,Bread
10/12/2016,9:14:48,2894,Focaccia
10/12/2016,9:16:49,2895,Scone
10/12/2016,9:18:42,2896,Focaccia
10/12/2016,9:19:13,2897,Scandinavian
10/12/2016,9:38:01,2898,Coffee
10/12/2016,9:38:01,2898,Tea
10/12/2016,9:40:05,2899,Coffee
10/12/2016,9:40:05,2899,Coffee
10/12/2016,9:40:05,2899,Farm House
10/12/2016,9:54:44,2900,Focaccia
10/12/2016,9:54:44,2900,Pastry
10/12/2016,10:01:48,2901,Coffee
10/12/2016,10:01:48,2901,Pastry
10/12/2016,10:01:48,2901,Medialuna
10/12/2016,10:09:25,2902,Sandwich
10/12/2016,10:09:25,2902,Bread
10/12/2016,10:12:50,2903,Bread
10/12/2016,10:12:50,2903,Coffee
10/12/2016,10:12:50,2903,Medialuna
10/12/2016,10:12:50,2903,Medialuna
10/12/2016,10:12:50,2903,Jam
10/12/2016,10:14:55,2904,Sandwich
10/12/2016,10:14:55,2904,Tea
10/12/2016,10:14:55,2904,Coffee
10/12/2016,10:17:44,2905,Coffee
10/12/2016,10:17:44,2905,Farm House
10/12/2016,10:19:11,2906,Bread
10/12/2016,10:31:31,2907,Bread
10/12/2016,10:31:31,2907,Coffee
10/12/2016,10:37:09,2908,Coffee
10/12/2016,10:37:09,2908,Coffee
10/12/2016,10:37:09,2908,Toast
10/12/2016,10:37:09,2908,Scandinavian
10/12/2016,10:39:51,2909,Farm House
10/12/2016,10:39:51,2909,Bread
10/12/2016,10:39:51,2909,Medialuna
10/12/2016,10:42:09,2910,Bread
10/12/2016,10:46:14,2911,Cake
10/12/2016,10:48:51,2912,Pastry
10/12/2016,10:48:51,2912,Coffee
10/12/2016,10:48:51,2912,Brownie
10/12/2016,11:05:37,2913,Bread
10/12/2016,11:12:47,2914,Coffee
10/12/2016,11:12:47,2914,Tea
10/12/2016,11:12:47,2914,Scone
10/12/2016,11:14:20,2915,Coffee
10/12/2016,11:14:20,2915,Coffee
10/12/2016,11:15:23,2916,Bread
10/12/2016,11:15:23,2916,Tea
10/12/2016,11:24:23,2917,Coffee
10/12/2016,11:24:23,2917,Scone
10/12/2016,11:37:09,2918,Farm House
10/12/2016,11:37:09,2918,Scandinavian
10/12/2016,11:41:15,2919,Vegan mincepie
10/12/2016,11:41:15,2919,Cake
10/12/2016,11:41:57,2920,Tea
10/12/2016,11:41:57,2920,Coffee
10/12/2016,11:43:08,2921,Bread
10/12/2016,11:50:51,2922,Coffee
10/12/2016,11:51:38,2923,Scandinavian
10/12/2016,11:58:16,2924,Bread
10/12/2016,12:02:49,2925,Tea
10/12/2016,12:02:49,2925,Bread
10/12/2016,12:03:47,2926,Medialuna
10/12/2016,12:03:47,2926,Pastry
10/12/2016,12:03:47,2926,Coffee
10/12/2016,12:13:24,2927,Truffles
10/12/2016,12:13:24,2927,Juice
10/12/2016,12:14:43,2928,Coffee
10/12/2016,12:14:43,2928,Jammie Dodgers
10/12/2016,12:14:43,2928,Art Tray
10/12/2016,12:15:22,2929,Frittata
10/12/2016,12:19:34,2930,Bread
10/12/2016,12:21:04,2931,Sandwich
10/12/2016,12:21:04,2931,Coffee
10/12/2016,12:25:15,2932,Coffee
10/12/2016,12:25:15,2932,Juice
10/12/2016,13:00:41,2933,Tea
10/12/2016,13:00:41,2933,Sandwich
10/12/2016,13:02:03,2934,Jam
10/12/2016,13:02:45,2935,Scone
10/12/2016,13:06:56,2936,Coffee
10/12/2016,13:06:56,2936,Sandwich
10/12/2016,13:15:28,2937,Coffee
10/12/2016,13:16:19,2938,Bread
10/12/2016,13:16:19,2938,Tea
10/12/2016,13:21:07,2939,Frittata
10/12/2016,13:21:07,2939,Tea
10/12/2016,13:21:07,2939,Bread
10/12/2016,13:23:00,2940,Scandinavian
10/12/2016,13:28:07,2941,Sandwich
10/12/2016,13:28:07,2941,Art Tray
10/12/2016,13:28:07,2941,Truffles
10/12/2016,13:28:07,2941,Coffee
10/12/2016,13:29:46,2942,Scone
10/12/2016,13:29:46,2942,Frittata
10/12/2016,13:29:46,2942,Juice
10/12/2016,13:39:39,2943,Tea
10/12/2016,13:54:17,2944,Coffee
10/12/2016,13:54:17,2944,Mineral water
10/12/2016,13:54:17,2944,Frittata
10/12/2016,13:58:17,2945,Coffee
10/12/2016,13:58:17,2945,Tea
10/12/2016,14:00:50,2946,Bread
10/12/2016,14:00:50,2946,Bread
10/12/2016,14:00:50,2946,Brownie
10/12/2016,14:00:50,2946,Scone
10/12/2016,14:03:58,2948,Coffee
10/12/2016,14:30:30,2949,Frittata
10/12/2016,14:30:30,2949,Sandwich
10/12/2016,14:30:30,2949,Coffee
10/12/2016,14:37:46,2950,Tea
10/12/2016,14:44:35,2951,Coffee
10/12/2016,14:44:35,2951,Tea
10/12/2016,15:04:03,2952,Vegan mincepie
10/12/2016,15:04:03,2952,Coffee
10/12/2016,15:04:03,2952,Hot chocolate
10/12/2016,15:05:12,2953,Juice
10/12/2016,15:10:30,2954,Cake
10/12/2016,15:10:30,2954,Tea
10/12/2016,15:18:36,2955,Tea
10/12/2016,15:33:13,2956,Bread
10/12/2016,15:33:13,2956,Farm House
10/12/2016,15:46:51,2957,Coffee
10/12/2016,15:46:51,2957,Tea
10/12/2016,15:46:51,2957,Bread
10/12/2016,15:46:51,2957,Mineral water
10/12/2016,15:46:51,2957,Scone
10/12/2016,15:46:51,2957,Bread
10/12/2016,15:54:14,2958,Bread
10/12/2016,16:07:09,2959,Bread
10/12/2016,16:07:09,2959,Hot chocolate
10/12/2016,16:07:09,2959,Hot chocolate
10/12/2016,16:09:03,2960,Coke
10/12/2016,16:09:03,2960,Sandwich
10/12/2016,16:10:25,2961,Sandwich
10/12/2016,16:10:25,2961,Mineral water
10/12/2016,16:12:13,2962,Hot chocolate
10/12/2016,16:12:13,2962,Tea
10/12/2016,16:12:13,2962,Cake
10/12/2016,16:23:46,2963,Scandinavian
10/12/2016,16:24:56,2964,Frittata
10/12/2016,16:24:56,2964,Cake
10/12/2016,16:30:41,2966,Cake
10/12/2016,16:40:30,2967,Coffee
10/12/2016,16:40:30,2967,Bread
10/12/2016,16:44:50,2968,Coffee
10/12/2016,16:44:50,2968,Tea
10/12/2016,16:44:50,2968,Bread
10/12/2016,16:45:57,2969,Scone
10/12/2016,16:45:57,2969,Coffee
10/12/2016,16:46:51,2970,Bread
10/12/2016,17:12:43,2971,Jam
11/12/2016,9:08:30,2972,Bread
11/12/2016,9:11:47,2973,Coffee
11/12/2016,9:11:47,2973,Medialuna
11/12/2016,9:14:33,2974,Bread
11/12/2016,9:14:33,2974,Farm House
11/12/2016,9:16:54,2975,Bread
11/12/2016,9:24:44,2976,Coffee
11/12/2016,9:24:44,2976,Pastry
11/12/2016,9:29:03,2977,Bread
11/12/2016,9:29:03,2977,Coffee
11/12/2016,9:32:19,2978,Medialuna
11/12/2016,9:32:19,2978,Coffee
11/12/2016,9:35:17,2979,Scone
11/12/2016,9:35:17,2979,Bread
11/12/2016,9:38:31,2980,Coffee
11/12/2016,9:38:31,2980,Coke
11/12/2016,10:01:58,2981,Coffee
11/12/2016,10:04:37,2982,Truffles
11/12/2016,10:08:10,2983,Bread
11/12/2016,10:16:02,2984,Mineral water
11/12/2016,10:55:19,2985,Hot chocolate
11/12/2016,10:55:19,2985,Coffee
11/12/2016,10:55:19,2985,Bread
11/12/2016,10:55:19,2985,Toast
11/12/2016,10:55:19,2985,Medialuna
11/12/2016,10:55:19,2985,Alfajores
11/12/2016,10:55:19,2985,Fudge
11/12/2016,10:56:30,2986,Jam
11/12/2016,11:00:41,2987,Medialuna
11/12/2016,11:00:41,2987,Bakewell
11/12/2016,11:00:41,2987,Coffee
11/12/2016,11:00:41,2987,Bread
11/12/2016,11:00:41,2987,Toast
11/12/2016,11:11:38,2988,Coffee
11/12/2016,11:13:45,2989,Bread
11/12/2016,11:29:24,2990,Coffee
11/12/2016,11:29:24,2990,Coffee
11/12/2016,11:29:24,2990,Bakewell
11/12/2016,11:29:24,2990,Medialuna
11/12/2016,11:36:53,2991,Coffee
11/12/2016,11:36:53,2991,Coffee
11/12/2016,11:36:53,2991,Bread
11/12/2016,11:42:56,2992,Farm House
11/12/2016,11:43:39,2993,Bread
11/12/2016,11:47:04,2994,Medialuna
11/12/2016,11:47:04,2994,Scone
11/12/2016,11:47:04,2994,Coffee
11/12/2016,11:47:04,2994,Coffee
11/12/2016,11:57:43,2995,Bread
11/12/2016,12:00:39,2996,Farm House
11/12/2016,12:00:39,2996,Coffee
11/12/2016,12:00:39,2996,Medialuna
11/12/2016,12:00:39,2996,Bread
11/12/2016,12:06:33,2997,Smoothies
11/12/2016,12:07:29,2998,Coffee
11/12/2016,12:45:14,3000,Medialuna
11/12/2016,12:45:14,3000,Coffee
11/12/2016,12:47:20,3001,Mineral water
11/12/2016,12:59:40,3002,Bread
11/12/2016,12:59:40,3002,Mineral water
11/12/2016,12:59:40,3002,Hot chocolate
11/12/2016,13:02:56,3003,Sandwich
11/12/2016,13:02:56,3003,Tea
11/12/2016,13:05:06,3004,Coffee
11/12/2016,13:05:06,3004,Cookies
11/12/2016,13:08:04,3005,Alfajores
11/12/2016,13:08:04,3005,Alfajores
11/12/2016,13:33:11,3006,Vegan mincepie
11/12/2016,13:33:11,3006,Bread
11/12/2016,13:33:11,3006,Coffee
11/12/2016,13:34:52,3007,Coffee
11/12/2016,13:42:48,3008,Medialuna
11/12/2016,13:43:48,3009,Coffee
11/12/2016,13:43:48,3009,Frittata
11/12/2016,13:43:48,3009,Toast
11/12/2016,13:51:48,3010,Coffee
11/12/2016,13:51:48,3010,Hot chocolate
11/12/2016,13:51:48,3010,Muffin
11/12/2016,13:54:56,3011,Coffee
11/12/2016,13:54:56,3011,Scandinavian
11/12/2016,14:21:33,3013,Bakewell
11/12/2016,14:21:33,3013,Tea
11/12/2016,14:29:19,3015,Coffee
11/12/2016,14:32:44,3017,Frittata
11/12/2016,14:32:44,3017,Coffee
11/12/2016,15:04:06,3018,Scandinavian
11/12/2016,15:16:58,3019,Coffee
11/12/2016,15:16:58,3019,Coffee
11/12/2016,15:26:13,3020,Coffee
11/12/2016,15:26:13,3020,Tea
11/12/2016,15:27:11,3021,Scandinavian
11/12/2016,15:48:13,3022,Bread
12/12/2016,8:51:43,3023,Tea
12/12/2016,8:52:44,3024,Bread
12/12/2016,8:54:59,3025,Bread
12/12/2016,8:54:59,3025,Medialuna
12/12/2016,8:58:21,3026,Pastry
12/12/2016,8:58:21,3026,Toast
12/12/2016,8:58:21,3026,Coffee
12/12/2016,9:02:23,3027,Coffee
12/12/2016,9:02:23,3027,Pastry
12/12/2016,9:13:20,3028,Tea
12/12/2016,9:28:15,3029,Coffee
12/12/2016,9:28:15,3029,Toast
12/12/2016,10:00:20,3030,Coffee
12/12/2016,10:09:22,3031,Jam
12/12/2016,10:09:22,3031,Coffee
12/12/2016,10:09:22,3031,Hot chocolate
12/12/2016,10:09:22,3031,Toast
12/12/2016,10:16:00,3032,Coffee
12/12/2016,10:16:00,3032,Sandwich
12/12/2016,10:36:09,3033,Bread
12/12/2016,10:36:09,3033,Tea
12/12/2016,10:36:09,3033,Bakewell
12/12/2016,10:36:09,3033,Alfajores
12/12/2016,10:38:49,3034,Bread
12/12/2016,10:38:49,3034,Coffee
12/12/2016,10:38:49,3034,Cake
12/12/2016,11:14:48,3035,Bread
12/12/2016,11:23:36,3036,Bread
12/12/2016,11:29:00,3037,Coffee
12/12/2016,11:29:00,3037,Coffee
12/12/2016,11:29:00,3037,Bakewell
12/12/2016,11:29:00,3037,Cake
12/12/2016,11:30:21,3038,Bread
12/12/2016,11:31:46,3039,Coffee
12/12/2016,11:31:46,3039,Medialuna
12/12/2016,11:54:43,3040,Bread
12/12/2016,11:57:00,3041,Bread
12/12/2016,11:57:00,3041,Vegan mincepie
12/12/2016,12:17:22,3042,Coffee
12/12/2016,12:17:22,3042,Bread
12/12/2016,12:17:22,3042,Vegan mincepie
12/12/2016,12:17:22,3042,Cake
12/12/2016,12:22:06,3043,Bread
12/12/2016,12:23:10,3044,Sandwich
12/12/2016,12:35:16,3045,Pastry
12/12/2016,12:35:16,3045,Bread
12/12/2016,12:55:45,3046,Cake
12/12/2016,12:55:45,3046,Vegan mincepie
12/12/2016,12:55:45,3046,Coffee
12/12/2016,12:55:45,3046,Coffee
12/12/2016,12:55:45,3046,Mineral water
12/12/2016,12:55:45,3046,Mineral water
12/12/2016,12:59:25,3047,Jam
12/12/2016,13:18:24,3048,Bread
12/12/2016,13:24:02,3049,Frittata
12/12/2016,13:24:02,3049,Coffee
12/12/2016,13:48:02,3050,Coffee
12/12/2016,13:48:02,3050,Coffee
12/12/2016,13:55:03,3051,Bread
12/12/2016,13:56:45,3052,Sandwich
12/12/2016,13:59:15,3053,Sandwich
12/12/2016,13:59:15,3053,Bread
12/12/2016,13:59:15,3053,Truffles
12/12/2016,13:59:15,3053,Coffee
12/12/2016,14:02:55,3054,Tea
12/12/2016,14:02:55,3054,Toast
12/12/2016,14:08:53,3055,Coffee
12/12/2016,14:09:53,3056,Cake
12/12/2016,14:12:12,3058,Coffee
12/12/2016,14:12:12,3058,Bread
12/12/2016,14:12:12,3058,Bread
12/12/2016,14:12:12,3058,Bread
12/12/2016,15:01:06,3059,Fudge
12/12/2016,15:09:13,3060,Jam
12/12/2016,15:09:13,3060,Jam
12/12/2016,15:19:20,3061,Bread
12/12/2016,15:33:43,3062,Coffee
12/12/2016,15:44:20,3063,Tea
12/12/2016,15:44:20,3063,Bread
12/12/2016,15:44:20,3063,Hot chocolate
12/12/2016,15:44:20,3063,Vegan mincepie
12/12/2016,15:44:20,3063,Bread
12/12/2016,15:46:25,3064,Juice
12/12/2016,15:46:25,3064,Cake
12/12/2016,15:46:25,3064,Jammie Dodgers
12/12/2016,15:46:25,3064,Bread
12/12/2016,15:53:25,3065,Bread
12/12/2016,16:12:11,3066,Vegan mincepie
12/12/2016,16:12:11,3066,Tea
12/12/2016,16:24:11,3067,Coffee
12/12/2016,16:24:11,3067,Pastry
13/12/2016,8:33:03,3068,Scandinavian
13/12/2016,8:33:03,3068,Vegan mincepie
13/12/2016,8:37:55,3069,Bread
13/12/2016,9:04:03,3070,Coffee
13/12/2016,9:04:03,3070,Fudge
13/12/2016,9:04:03,3070,Jam
13/12/2016,9:04:03,3070,Fudge
13/12/2016,9:04:03,3070,Fudge
13/12/2016,9:06:18,3071,Jam
13/12/2016,9:06:18,3071,Coffee
13/12/2016,9:06:18,3071,Coffee
13/12/2016,9:30:41,3073,Coffee
13/12/2016,9:30:41,3073,Coffee
13/12/2016,9:40:04,3074,Coffee
13/12/2016,9:40:04,3074,Cookies
13/12/2016,9:40:04,3074,Pastry
13/12/2016,9:42:21,3075,Medialuna
13/12/2016,9:42:21,3075,Bread
13/12/2016,9:43:56,3076,Coffee
13/12/2016,9:43:56,3076,Art Tray
13/12/2016,9:48:29,3077,Tea
13/12/2016,9:48:29,3077,Tea
13/12/2016,9:48:29,3077,Toast
13/12/2016,9:49:21,3078,Coke
13/12/2016,10:10:30,3079,Coffee
13/12/2016,10:10:30,3079,Bread
13/12/2016,10:14:24,3080,Bakewell
13/12/2016,10:14:24,3080,Farm House
13/12/2016,10:31:30,3081,Bread
13/12/2016,10:31:30,3081,Tea
13/12/2016,10:31:30,3081,Coffee
13/12/2016,10:31:30,3081,Alfajores
13/12/2016,10:31:30,3081,Hot chocolate
13/12/2016,10:33:40,3082,Farm House
13/12/2016,10:53:45,3083,Coffee
13/12/2016,10:53:45,3083,Bread
13/12/2016,11:08:11,3084,Coffee
13/12/2016,11:08:11,3084,Toast
13/12/2016,11:08:11,3084,Scandinavian
13/12/2016,11:28:53,3085,Bread
13/12/2016,11:28:53,3085,Vegan mincepie
13/12/2016,11:31:22,3086,Bread
13/12/2016,11:32:19,3087,Coffee
13/12/2016,11:35:13,3088,Coffee
13/12/2016,11:35:13,3088,Bread
13/12/2016,11:35:13,3088,Alfajores
13/12/2016,12:15:33,3089,Coffee
13/12/2016,12:17:35,3090,Bread
13/12/2016,12:32:28,3091,Medialuna
13/12/2016,12:49:18,3092,Coffee
13/12/2016,13:11:49,3093,Frittata
13/12/2016,13:11:49,3093,Tea
13/12/2016,13:11:49,3093,Coffee
13/12/2016,13:36:01,3094,Tea
13/12/2016,13:56:44,3095,Tea
13/12/2016,13:56:44,3095,Bakewell
13/12/2016,13:58:11,3096,Farm House
13/12/2016,14:32:06,3097,Coffee
13/12/2016,14:32:06,3097,Pastry
13/12/2016,14:32:06,3097,Medialuna
13/12/2016,14:37:45,3098,Coffee
13/12/2016,14:37:45,3098,Coffee
13/12/2016,14:37:45,3098,Sandwich
13/12/2016,14:51:57,3099,Coffee
13/12/2016,14:51:57,3099,Medialuna
13/12/2016,14:59:06,3100,Coffee
13/12/2016,14:59:06,3100,Pastry
13/12/2016,15:04:09,3101,Muffin
13/12/2016,15:04:09,3101,Bread
13/12/2016,15:04:09,3101,Bread
13/12/2016,15:04:09,3101,Coffee
13/12/2016,15:06:37,3102,Coffee
13/12/2016,15:06:37,3102,Bakewell
13/12/2016,15:17:44,3103,Bread
13/12/2016,15:19:05,3104,Coffee
13/12/2016,15:22:40,3105,Bread
13/12/2016,15:40:25,3106,Coffee
13/12/2016,15:40:25,3106,Coffee
13/12/2016,15:40:25,3106,Alfajores
13/12/2016,16:07:26,3107,Bread
13/12/2016,16:07:26,3107,Truffles
13/12/2016,16:07:26,3107,Coffee
13/12/2016,16:07:26,3107,Truffles
13/12/2016,16:07:26,3107,Scandinavian
13/12/2016,16:26:23,3108,Tea
13/12/2016,16:26:23,3108,Cake
13/12/2016,16:53:11,3109,Jam
13/12/2016,18:34:03,3110,Fudge
13/12/2016,18:34:03,3110,Jam
13/12/2016,18:34:03,3110,Jam
14/12/2016,8:43:41,3111,Bread
14/12/2016,8:43:57,3112,Coffee
14/12/2016,8:55:49,3113,Tea
14/12/2016,8:55:49,3113,Coffee
14/12/2016,8:57:26,3114,Coffee
14/12/2016,8:57:26,3114,Tea
14/12/2016,8:57:26,3114,Toast
14/12/2016,9:07:29,3115,Coffee
14/12/2016,9:08:10,3116,Bread
14/12/2016,9:10:47,3117,Coffee
14/12/2016,9:14:53,3118,Coffee
14/12/2016,9:18:56,3119,Bread
14/12/2016,9:25:14,3120,Bread
14/12/2016,9:39:39,3121,Fudge
14/12/2016,10:28:46,3122,Coffee
14/12/2016,10:32:43,3123,Coffee
14/12/2016,10:32:43,3123,Tea
14/12/2016,10:38:54,3124,Coffee
14/12/2016,10:38:54,3124,Coffee
14/12/2016,10:38:54,3124,Farm House
14/12/2016,10:49:17,3125,Medialuna
14/12/2016,10:49:17,3125,Muffin
14/12/2016,10:49:17,3125,Coffee
14/12/2016,10:49:17,3125,Juice
14/12/2016,10:52:57,3126,Coffee
14/12/2016,10:55:13,3127,Coffee
14/12/2016,10:55:13,3127,Bread
14/12/2016,10:55:13,3127,Bread
14/12/2016,11:01:38,3128,Coffee
14/12/2016,11:01:38,3128,Coffee
14/12/2016,11:01:38,3128,Bread
14/12/2016,11:01:38,3128,Muffin
14/12/2016,11:11:00,3129,Vegan mincepie
14/12/2016,11:11:00,3129,Coffee
14/12/2016,11:11:00,3129,Tea
14/12/2016,11:15:38,3130,Alfajores
14/12/2016,11:15:38,3130,Coffee
14/12/2016,11:18:35,3131,Coffee
14/12/2016,11:18:35,3131,Coffee
14/12/2016,11:18:35,3131,Medialuna
14/12/2016,11:33:23,3133,Bread
14/12/2016,11:33:23,3133,Tea
14/12/2016,11:34:36,3134,Coffee
14/12/2016,11:46:29,3135,Coffee
14/12/2016,11:53:10,3136,Bread
14/12/2016,11:53:10,3136,Pastry
14/12/2016,12:00:39,3137,Bread
14/12/2016,12:02:26,3138,Farm House
14/12/2016,12:11:52,3139,Bread
14/12/2016,12:11:52,3139,Alfajores
14/12/2016,12:34:49,3141,Coffee
14/12/2016,12:38:52,3142,Jam
14/12/2016,12:40:15,3143,Coffee
14/12/2016,12:41:11,3144,Pastry
14/12/2016,12:42:07,3145,Tea
14/12/2016,12:49:29,3146,Coffee
14/12/2016,12:49:29,3146,Coffee
14/12/2016,13:07:33,3147,Coffee
14/12/2016,13:07:33,3147,Toast
14/12/2016,13:08:06,3148,Coffee
14/12/2016,13:13:11,3149,Coke
14/12/2016,13:13:11,3149,Truffles
14/12/2016,13:14:30,3150,Sandwich
14/12/2016,13:14:30,3150,Tea
14/12/2016,13:14:30,3150,Coffee
14/12/2016,13:16:41,3151,Tea
14/12/2016,13:36:49,3152,Coke
14/12/2016,13:59:39,3153,Bread
14/12/2016,13:59:39,3153,Sandwich
14/12/2016,13:59:39,3153,Bread
14/12/2016,14:01:14,3154,Juice
14/12/2016,14:01:14,3154,Bread
14/12/2016,14:01:14,3154,Art Tray
14/12/2016,14:01:14,3154,Toast
14/12/2016,14:49:16,3155,Tea
14/12/2016,14:49:16,3155,Bread
14/12/2016,15:13:08,3156,Coffee
14/12/2016,15:13:08,3156,Alfajores
14/12/2016,15:18:35,3157,Hot chocolate
14/12/2016,15:18:35,3157,Hot chocolate
14/12/2016,15:18:35,3157,Toast
14/12/2016,15:18:35,3157,Pastry
14/12/2016,15:33:41,3158,Sandwich
14/12/2016,15:33:41,3158,Tea
14/12/2016,15:33:41,3158,Juice
14/12/2016,15:33:41,3158,Vegan mincepie
14/12/2016,15:34:42,3159,Bread
14/12/2016,15:38:44,3160,Alfajores
14/12/2016,15:38:44,3160,Muffin
14/12/2016,15:41:10,3161,Coffee
14/12/2016,15:41:10,3161,Jammie Dodgers
14/12/2016,15:45:04,3162,Jammie Dodgers
14/12/2016,15:45:04,3162,Bread
14/12/2016,15:57:54,3163,Tea
14/12/2016,15:57:54,3163,Coffee
14/12/2016,15:57:54,3163,Jammie Dodgers
14/12/2016,15:57:54,3163,Cake
14/12/2016,15:57:54,3163,Bread
15/12/2016,8:45:35,3164,Coffee
15/12/2016,8:45:35,3164,Coffee
15/12/2016,8:48:05,3165,Bread
15/12/2016,8:48:05,3165,Pastry
15/12/2016,8:48:05,3165,Medialuna
15/12/2016,8:58:26,3166,Alfajores
15/12/2016,8:58:26,3166,Pastry
15/12/2016,9:08:14,3167,Medialuna
15/12/2016,9:08:14,3167,Toast
15/12/2016,9:08:14,3167,Coffee
15/12/2016,9:15:23,3168,Bread
15/12/2016,9:15:23,3168,Tea
15/12/2016,9:15:23,3168,Pastry
15/12/2016,9:25:55,3169,Bread
15/12/2016,9:31:22,3170,Coffee
15/12/2016,9:35:15,3171,Bread
15/12/2016,9:35:15,3171,Hot chocolate
15/12/2016,10:11:53,3172,Bread
15/12/2016,10:15:15,3173,Pastry
15/12/2016,10:27:01,3174,Coffee
15/12/2016,10:27:01,3174,Coffee
15/12/2016,10:31:54,3175,Bread
15/12/2016,10:49:06,3176,Coffee
15/12/2016,10:49:06,3176,Hot chocolate
15/12/2016,10:50:39,3177,Farm House
15/12/2016,10:54:10,3178,Coffee
15/12/2016,11:00:14,3179,Coffee
15/12/2016,11:00:14,3179,Coffee
15/12/2016,11:03:43,3180,Coffee
15/12/2016,11:04:15,3181,Dulce de Leche
15/12/2016,11:24:12,3182,Pastry
15/12/2016,11:24:12,3182,Farm House
15/12/2016,11:26:29,3183,Bread
15/12/2016,11:26:29,3183,Vegan mincepie
15/12/2016,11:26:29,3183,Bread
15/12/2016,11:28:21,3184,Bread
15/12/2016,11:40:20,3185,Coffee
15/12/2016,11:40:20,3185,Hot chocolate
15/12/2016,11:40:20,3185,Pastry
15/12/2016,12:04:56,3186,Coffee
15/12/2016,12:04:56,3186,Vegan mincepie
15/12/2016,12:04:56,3186,Pastry
15/12/2016,12:09:32,3187,Bread
15/12/2016,12:30:24,3188,Bread
15/12/2016,12:30:24,3188,Bread
15/12/2016,12:32:00,3189,Coffee
15/12/2016,12:32:00,3189,Hot chocolate
15/12/2016,12:33:54,3190,Bread
15/12/2016,12:33:54,3190,Sandwich
15/12/2016,12:33:54,3190,Coffee
15/12/2016,12:54:03,3191,Bread
15/12/2016,12:58:19,3192,Coffee
15/12/2016,12:58:19,3192,Coffee
15/12/2016,12:58:19,3192,Hot chocolate
15/12/2016,13:00:21,3193,Coffee
15/12/2016,13:00:43,3194,Coffee
15/12/2016,13:04:16,3195,Sandwich
15/12/2016,13:04:16,3195,Coke
15/12/2016,13:13:39,3196,Coffee
15/12/2016,13:23:10,3197,Coffee
15/12/2016,13:23:10,3197,Bread
15/12/2016,13:25:15,3198,Bread
15/12/2016,13:54:32,3199,Coffee
15/12/2016,13:55:06,3200,Coffee
15/12/2016,13:55:06,3200,Coffee
15/12/2016,13:58:33,3201,Coffee
15/12/2016,13:58:33,3201,Fudge
15/12/2016,14:02:14,3202,Coffee
15/12/2016,14:02:14,3202,Sandwich
15/12/2016,14:02:14,3202,Tea
15/12/2016,14:02:14,3202,Bread
15/12/2016,14:20:56,3203,Coffee
15/12/2016,14:20:56,3203,Coffee
15/12/2016,14:20:56,3203,Sandwich
15/12/2016,14:31:07,3204,Bread
15/12/2016,14:32:15,3205,Bread
15/12/2016,14:32:15,3205,Coffee
15/12/2016,14:47:06,3206,Coffee
15/12/2016,14:47:06,3206,Coffee
15/12/2016,14:47:06,3206,Hot chocolate
15/12/2016,14:58:39,3207,Fudge
15/12/2016,15:25:58,3208,Coffee
15/12/2016,15:36:45,3209,Coffee
15/12/2016,15:36:45,3209,Bread
15/12/2016,15:50:38,3210,Bread
15/12/2016,15:50:38,3210,Bread
15/12/2016,16:15:08,3211,Cookies
15/12/2016,16:21:38,3212,Bread
15/12/2016,16:44:47,3213,Coffee
15/12/2016,16:44:47,3213,Bread
15/12/2016,16:44:47,3213,Bread
15/12/2016,16:44:47,3213,Alfajores
15/12/2016,16:49:16,3214,Tea
15/12/2016,17:28:55,3215,Bare Popcorn
15/12/2016,17:28:55,3215,Ella's Kitchen Pouches
15/12/2016,18:41:21,3216,Farm House
15/12/2016,18:43:39,3217,Bread
15/12/2016,18:43:39,3217,Fudge
15/12/2016,18:43:39,3217,Pastry
15/12/2016,19:03:12,3218,Hot chocolate
15/12/2016,19:04:29,3219,Tea
15/12/2016,19:04:29,3219,Vegan mincepie
15/12/2016,19:04:29,3219,Jammie Dodgers
15/12/2016,19:04:29,3219,Coffee
15/12/2016,19:04:29,3219,Medialuna
15/12/2016,19:05:46,3220,Coffee
15/12/2016,19:17:17,3221,Hot chocolate
15/12/2016,19:17:17,3221,Coffee
15/12/2016,19:25:50,3222,Bread
15/12/2016,20:11:01,3223,Vegan mincepie
16/12/2016,8:16:44,3224,Medialuna
16/12/2016,8:16:44,3224,Dulce de Leche
16/12/2016,8:55:42,3225,Muesli
16/12/2016,8:56:35,3226,Muesli
16/12/2016,9:01:04,3227,Coffee
16/12/2016,9:01:04,3227,Jam
16/12/2016,9:01:04,3227,Jam
16/12/2016,9:12:41,3228,Bread
16/12/2016,9:12:41,3228,Toast
16/12/2016,9:13:25,3229,Bread
16/12/2016,9:13:25,3229,Toast
16/12/2016,9:16:08,3230,Coffee
16/12/2016,9:19:28,3231,Jammie Dodgers
16/12/2016,9:19:28,3231,Vegan mincepie
16/12/2016,9:37:48,3232,Coffee
16/12/2016,9:38:27,3233,Bread
16/12/2016,9:39:46,3234,Coffee
16/12/2016,9:39:46,3234,Coffee
16/12/2016,9:39:46,3234,Bread
16/12/2016,9:41:18,3235,Tea
16/12/2016,9:43:53,3236,Coffee
16/12/2016,9:47:47,3237,Coffee
16/12/2016,9:47:47,3237,Coffee
16/12/2016,9:47:47,3237,Juice
16/12/2016,9:47:47,3237,Farm House
16/12/2016,9:53:31,3238,Coffee
16/12/2016,9:53:31,3238,Pastry
16/12/2016,9:55:19,3239,Bread
16/12/2016,10:07:06,3240,Coffee
16/12/2016,10:07:35,3241,Coffee
16/12/2016,10:08:18,3242,Coffee
16/12/2016,10:09:25,3243,Tea
16/12/2016,10:09:25,3243,Pastry
16/12/2016,10:23:29,3244,Cookies
16/12/2016,10:23:29,3244,Coffee
16/12/2016,10:23:29,3244,Coffee
16/12/2016,10:23:29,3244,Toast
16/12/2016,10:24:07,3245,Pastry
16/12/2016,10:24:07,3245,Tea
16/12/2016,10:27:33,3246,Tea
16/12/2016,10:27:33,3246,Coffee
16/12/2016,10:27:33,3246,Coffee
16/12/2016,10:27:33,3246,Toast
16/12/2016,10:28:58,3247,Bread
16/12/2016,10:48:01,3248,Bread
16/12/2016,10:55:50,3249,Coffee
16/12/2016,10:58:05,3250,Coffee
16/12/2016,10:58:05,3250,Coffee
16/12/2016,11:07:33,3251,Pastry
16/12/2016,11:08:52,3252,Bread
16/12/2016,11:16:53,3253,Scandinavian
16/12/2016,11:16:53,3253,Coffee
16/12/2016,11:16:53,3253,Alfajores
16/12/2016,11:38:32,3255,Truffles
16/12/2016,11:38:32,3255,Ella's Kitchen Pouches
16/12/2016,11:38:32,3255,Bread
16/12/2016,11:40:42,3256,Tea
16/12/2016,11:40:42,3256,Fudge
16/12/2016,11:40:42,3256,Fudge
16/12/2016,11:40:42,3256,Jam
16/12/2016,11:40:42,3256,Juice
16/12/2016,11:40:42,3256,Ella's Kitchen Pouches
16/12/2016,11:41:11,3257,Cake
16/12/2016,11:43:02,3258,Bread
16/12/2016,11:43:02,3258,Cookies
16/12/2016,11:57:43,3259,Coffee
16/12/2016,11:57:43,3259,Cake
16/12/2016,12:02:36,3260,Coffee
16/12/2016,12:02:36,3260,Tea
16/12/2016,12:02:36,3260,Toast
16/12/2016,12:24:46,3261,Truffles
16/12/2016,12:38:50,3262,Bread
16/12/2016,12:40:34,3263,Coffee
16/12/2016,12:41:34,3264,Bread
16/12/2016,12:42:45,3265,Bread
16/12/2016,12:44:56,3266,Truffles
16/12/2016,12:51:34,3267,Toast
16/12/2016,12:51:34,3267,Bread
16/12/2016,12:51:34,3267,Tea
16/12/2016,12:51:34,3267,Cookies
16/12/2016,12:57:24,3268,Sandwich
16/12/2016,12:57:24,3268,Coffee
16/12/2016,12:57:24,3268,Coffee
16/12/2016,13:01:59,3270,Bread
16/12/2016,13:01:59,3270,Sandwich
16/12/2016,13:03:36,3271,Alfajores
16/12/2016,13:05:07,3272,Scone
16/12/2016,13:11:37,3274,Bread
16/12/2016,13:11:37,3274,Coffee
16/12/2016,13:11:37,3274,Alfajores
16/12/2016,13:11:37,3274,Vegan mincepie
16/12/2016,13:15:10,3275,Fudge
16/12/2016,13:17:16,3276,Jam
16/12/2016,13:18:41,3277,Coffee
16/12/2016,13:18:41,3277,Pastry
16/12/2016,13:18:41,3277,Jam
16/12/2016,13:19:14,3278,Coffee
16/12/2016,13:25:00,3279,Tea
16/12/2016,13:25:00,3279,Bread
16/12/2016,13:25:00,3279,Bread
16/12/2016,13:25:00,3279,Fudge
16/12/2016,13:26:43,3280,Bread
16/12/2016,13:26:43,3280,Sandwich
16/12/2016,13:41:50,3281,Farm House
16/12/2016,13:42:40,3282,Coffee
16/12/2016,13:44:42,3283,Jam
16/12/2016,13:44:42,3283,Jam
16/12/2016,13:57:25,3284,Brownie
16/12/2016,13:57:25,3284,Coffee
16/12/2016,14:00:15,3285,Tea
16/12/2016,14:00:15,3285,Sandwich
16/12/2016,14:00:15,3285,Bread
16/12/2016,14:02:37,3286,Tea
16/12/2016,14:04:09,3287,Sandwich
16/12/2016,14:04:09,3287,Tea
16/12/2016,14:06:31,3288,Coffee
16/12/2016,14:26:29,3289,Coffee
16/12/2016,14:41:28,3290,Bread
16/12/2016,14:46:22,3291,Tea
16/12/2016,14:46:22,3291,Brownie
16/12/2016,14:47:14,3292,Jam
16/12/2016,14:57:43,3293,Jam
16/12/2016,15:05:35,3294,Cookies
16/12/2016,15:05:35,3294,Sandwich
16/12/2016,15:05:35,3294,Juice
16/12/2016,15:22:52,3295,Tea
16/12/2016,15:22:52,3295,Pastry
16/12/2016,15:31:46,3296,Farm House
16/12/2016,15:32:52,3297,Scone
16/12/2016,15:32:52,3297,Coffee
16/12/2016,15:34:47,3298,Coffee
16/12/2016,15:34:47,3298,Coffee
16/12/2016,15:38:54,3299,Coffee
16/12/2016,15:38:54,3299,Coffee
16/12/2016,15:38:54,3299,Vegan mincepie
16/12/2016,15:41:53,3300,Bread
16/12/2016,15:41:53,3300,Scone
16/12/2016,16:05:35,3301,Farm House
16/12/2016,16:05:35,3301,Scone
16/12/2016,16:09:58,3303,Coffee
16/12/2016,16:09:58,3303,Brownie
16/12/2016,16:26:00,3304,Coffee
16/12/2016,16:26:00,3304,Tea
16/12/2016,16:31:47,3305,Coffee
16/12/2016,16:51:43,3306,Tea
16/12/2016,16:51:43,3306,Coffee
16/12/2016,16:52:27,3307,Bread
16/12/2016,17:06:38,3309,Coffee
16/12/2016,17:06:38,3309,Coffee
16/12/2016,17:06:38,3309,Coffee
16/12/2016,17:06:38,3309,Alfajores
17/12/2016,8:43:37,3310,Farm House
17/12/2016,8:43:37,3310,Medialuna
17/12/2016,8:43:37,3310,Pastry
17/12/2016,8:52:45,3311,Bread
17/12/2016,8:55:21,3312,Bread
17/12/2016,8:57:55,3313,Coffee
17/12/2016,8:57:55,3313,Pastry
17/12/2016,9:11:32,3314,Bread
17/12/2016,9:13:37,3315,Bread
17/12/2016,9:13:37,3315,Bread
17/12/2016,9:13:37,3315,Pastry
17/12/2016,9:15:16,3316,Medialuna
17/12/2016,9:15:16,3316,Fudge
17/12/2016,9:25:27,3317,Bread
17/12/2016,9:32:14,3318,Coffee
17/12/2016,9:32:14,3318,Scone
17/12/2016,9:32:14,3318,Juice
17/12/2016,9:39:28,3319,Coffee
17/12/2016,10:02:54,3320,Tea
17/12/2016,10:02:54,3320,Scone
17/12/2016,10:02:54,3320,Lemon and coconut
17/12/2016,10:16:42,3321,Jam
17/12/2016,10:16:42,3321,Cookies
17/12/2016,10:16:42,3321,Fudge
17/12/2016,10:21:23,3322,Bread
17/12/2016,10:22:35,3323,Scandinavian
17/12/2016,10:26:07,3324,Coffee
17/12/2016,10:26:07,3324,Cookies
17/12/2016,10:26:07,3324,Juice
17/12/2016,10:30:01,3325,Hot chocolate
17/12/2016,10:30:01,3325,Coffee
17/12/2016,10:30:01,3325,Bread
17/12/2016,10:30:01,3325,Bread
17/12/2016,10:30:01,3325,Vegan mincepie
17/12/2016,10:30:25,3326,Jam
17/12/2016,10:38:39,3327,Bread
17/12/2016,10:46:01,3328,Coffee
17/12/2016,10:46:01,3328,Coffee
17/12/2016,11:04:18,3329,Dulce de Leche
17/12/2016,11:04:18,3329,Scandinavian
17/12/2016,11:04:18,3329,Alfajores
17/12/2016,11:09:47,3330,Coffee
17/12/2016,11:09:47,3330,Bread
17/12/2016,11:09:47,3330,Pastry
17/12/2016,11:09:47,3330,Medialuna
17/12/2016,11:09:47,3330,Farm House
17/12/2016,11:15:59,3331,Hot chocolate
17/12/2016,11:15:59,3331,Scone
17/12/2016,11:18:40,3332,Fudge
17/12/2016,11:18:40,3332,Jam
17/12/2016,11:18:40,3332,Bread
17/12/2016,11:18:40,3332,Farm House
17/12/2016,11:22:44,3333,Coffee
17/12/2016,11:22:44,3333,The Nomad
17/12/2016,11:27:59,3334,Vegan mincepie
17/12/2016,11:30:03,3335,Bread
17/12/2016,11:31:05,3336,Bread
17/12/2016,11:32:35,3337,Bread
17/12/2016,11:32:35,3337,Scone
17/12/2016,11:39:39,3338,Cake
17/12/2016,11:45:06,3339,Bread
17/12/2016,11:48:31,3340,Vegan mincepie
17/12/2016,11:48:31,3340,Cake
17/12/2016,11:48:31,3340,Coffee
17/12/2016,11:48:31,3340,Coffee
17/12/2016,11:48:31,3340,Coffee
17/12/2016,11:58:05,3341,Coffee
17/12/2016,11:58:05,3341,Coffee
17/12/2016,11:58:05,3341,Medialuna
17/12/2016,11:59:30,3342,Bread
17/12/2016,12:05:24,3343,Jam
17/12/2016,12:07:19,3344,Medialuna
17/12/2016,12:07:19,3344,Pastry
17/12/2016,12:07:19,3344,Coffee
17/12/2016,12:07:19,3344,Coffee
17/12/2016,12:07:19,3344,Coffee
17/12/2016,12:09:38,3346,Bread
17/12/2016,12:13:31,3347,Bread
17/12/2016,12:24:51,3348,Bread
17/12/2016,12:24:51,3348,Scone
17/12/2016,12:24:51,3348,Bread
17/12/2016,12:24:51,3348,The Nomad
17/12/2016,12:27:45,3349,Coffee
17/12/2016,12:27:45,3349,Tea
17/12/2016,12:56:03,3350,Bread
17/12/2016,13:00:51,3351,Frittata
17/12/2016,13:00:51,3351,Tea
17/12/2016,13:00:51,3351,Tea
17/12/2016,13:07:25,3352,Coffee
17/12/2016,13:07:25,3352,Vegan mincepie
17/12/2016,13:16:46,3353,Bread
17/12/2016,13:28:27,3354,Coffee
17/12/2016,13:28:27,3354,Bread
17/12/2016,13:36:54,3355,Scone
17/12/2016,13:36:54,3355,Coffee
17/12/2016,13:42:26,3356,Farm House
17/12/2016,13:42:26,3356,Frittata
17/12/2016,13:42:26,3356,Cookies
17/12/2016,13:50:42,3357,Farm House
17/12/2016,14:01:17,3358,Farm House
17/12/2016,14:09:46,3359,Jam
17/12/2016,14:09:46,3359,Fudge
17/12/2016,14:37:17,3360,Coffee
17/12/2016,14:42:47,3361,Frittata
17/12/2016,14:42:47,3361,Sandwich
17/12/2016,14:42:47,3361,Bread
17/12/2016,14:42:47,3361,Alfajores
17/12/2016,14:42:47,3361,Medialuna
17/12/2016,14:42:47,3361,Fudge
17/12/2016,14:50:01,3362,Cake
17/12/2016,14:52:35,3363,Juice
17/12/2016,14:52:35,3363,Cookies
17/12/2016,14:52:35,3363,Coffee
17/12/2016,14:53:59,3364,Coffee
17/12/2016,14:53:59,3364,Coffee
17/12/2016,15:06:25,3366,Bread
17/12/2016,15:06:25,3366,Pastry
17/12/2016,15:16:25,3367,Hot chocolate
17/12/2016,15:16:25,3367,Tea
17/12/2016,15:27:58,3368,Crisps
17/12/2016,15:28:53,3369,Bread
17/12/2016,16:07:53,3370,Cake
17/12/2016,16:13:37,3371,Focaccia
17/12/2016,16:13:37,3371,Tea
17/12/2016,16:13:37,3371,Tea
17/12/2016,16:13:37,3371,Scone
17/12/2016,16:14:42,3372,Coffee
17/12/2016,16:14:42,3372,Scone
17/12/2016,16:30:08,3373,Cake
17/12/2016,16:39:29,3374,Vegan mincepie
17/12/2016,16:40:29,3375,Coffee
17/12/2016,16:40:29,3375,Coffee
17/12/2016,16:48:34,3376,Tea
17/12/2016,16:48:34,3376,Vegan mincepie
17/12/2016,17:15:49,3377,Focaccia
17/12/2016,19:32:40,3378,Coke
17/12/2016,19:35:19,3379,Pintxos
17/12/2016,19:42:20,3380,Pintxos
17/12/2016,19:42:37,3381,Juice
17/12/2016,19:42:55,3382,Coke
17/12/2016,20:20:47,3383,Pintxos
17/12/2016,20:25:21,3384,Pintxos
17/12/2016,20:31:38,3385,Pintxos
17/12/2016,20:40:07,3386,Coke
17/12/2016,20:40:07,3386,Pintxos
17/12/2016,21:42:13,3387,Hot chocolate
17/12/2016,21:42:13,3387,Hot chocolate
18/12/2016,9:05:52,3388,Medialuna
18/12/2016,9:58:57,3389,Coffee
18/12/2016,10:03:00,3390,Coffee
18/12/2016,10:03:00,3390,Bread
18/12/2016,10:17:02,3391,Coffee
18/12/2016,10:26:29,3392,Bread
18/12/2016,10:42:34,3393,Coffee
18/12/2016,10:42:34,3393,Cookies
18/12/2016,10:42:34,3393,Bread
18/12/2016,10:42:34,3393,Toast
18/12/2016,11:04:47,3394,Coffee
18/12/2016,11:04:47,3394,Brownie
18/12/2016,11:04:47,3394,Medialuna
18/12/2016,11:06:35,3395,Hot chocolate
18/12/2016,11:06:35,3395,Coffee
18/12/2016,11:06:35,3395,Brownie
18/12/2016,11:07:53,3396,Tea
18/12/2016,11:07:53,3396,Hot chocolate
18/12/2016,11:10:42,3397,Tea
18/12/2016,11:10:42,3397,Scone
18/12/2016,11:10:42,3397,Bread
18/12/2016,11:11:59,3398,Medialuna
18/12/2016,11:11:59,3398,Coffee
18/12/2016,11:11:59,3398,Coffee
18/12/2016,11:20:30,3399,Bread
18/12/2016,11:20:30,3399,Coffee
18/12/2016,11:20:30,3399,Hot chocolate
18/12/2016,11:20:30,3399,Coffee
18/12/2016,11:20:30,3399,Pastry
18/12/2016,11:20:30,3399,Scone
18/12/2016,11:25:07,3400,Muesli
18/12/2016,11:25:07,3400,The Nomad
18/12/2016,11:25:07,3400,Coffee
18/12/2016,11:25:07,3400,Bread
18/12/2016,11:28:45,3401,Bread
18/12/2016,11:30:35,3402,Fudge
18/12/2016,11:50:39,3403,Bread
18/12/2016,11:53:09,3404,Coffee
18/12/2016,11:53:09,3404,Coffee
18/12/2016,12:06:54,3405,Bread
18/12/2016,12:20:46,3406,Bread
18/12/2016,12:26:03,3407,Coffee
18/12/2016,12:26:03,3407,Brownie
18/12/2016,12:26:03,3407,Vegan mincepie
18/12/2016,12:28:26,3408,Dulce de Leche
18/12/2016,12:29:19,3409,Coffee
18/12/2016,12:29:19,3409,Coffee
18/12/2016,12:30:19,3410,Coffee
18/12/2016,12:36:18,3411,Farm House
18/12/2016,12:48:33,3412,Coffee
18/12/2016,13:04:56,3413,Coffee
18/12/2016,13:04:56,3413,Brownie
18/12/2016,13:05:35,3414,Coffee
18/12/2016,13:09:23,3415,Coffee
18/12/2016,13:09:23,3415,Hot chocolate
18/12/2016,13:09:23,3415,Vegan mincepie
18/12/2016,13:10:21,3416,Bread
18/12/2016,13:17:20,3417,Coffee
18/12/2016,13:17:20,3417,Frittata
18/12/2016,13:34:30,3418,Medialuna
18/12/2016,13:34:30,3418,Coffee
18/12/2016,13:43:08,3419,Coffee
18/12/2016,13:43:08,3419,Juice
18/12/2016,13:43:08,3419,Mineral water
18/12/2016,13:43:08,3419,Medialuna
18/12/2016,13:43:08,3419,Crisps
18/12/2016,13:43:08,3419,Frittata
18/12/2016,13:47:26,3420,Coffee
18/12/2016,14:06:13,3421,Coffee
18/12/2016,14:06:13,3421,Cookies
18/12/2016,14:06:38,3422,Bread
18/12/2016,14:07:29,3423,Bread
18/12/2016,14:09:37,3424,Coffee
18/12/2016,14:09:37,3424,Coffee
18/12/2016,14:09:37,3424,Cake
18/12/2016,14:09:37,3424,Bread
18/12/2016,14:09:37,3424,Dulce de Leche
18/12/2016,14:09:37,3424,Bread
18/12/2016,14:11:33,3425,Coffee
18/12/2016,14:11:33,3425,Hot chocolate
18/12/2016,14:11:33,3425,Bread
18/12/2016,14:23:47,3426,Coke
18/12/2016,14:29:28,3427,Fudge
18/12/2016,14:35:35,3428,Fudge
18/12/2016,14:40:46,3429,Tea
18/12/2016,14:40:46,3429,Juice
18/12/2016,14:40:46,3429,Cake
18/12/2016,14:40:46,3429,Tartine
18/12/2016,14:44:07,3430,Brownie
18/12/2016,14:44:07,3430,Medialuna
18/12/2016,14:44:07,3430,Hot chocolate
18/12/2016,14:44:07,3430,Coffee
18/12/2016,15:05:10,3431,Coffee
18/12/2016,15:08:16,3432,Bread
18/12/2016,15:13:27,3433,Coffee
18/12/2016,15:13:27,3433,Bread
18/12/2016,15:24:24,3434,Coffee
18/12/2016,15:24:24,3434,Hot chocolate
18/12/2016,15:24:24,3434,Coffee
18/12/2016,15:24:24,3434,Cookies
18/12/2016,15:24:24,3434,Vegan mincepie
19/12/2016,8:15:09,3435,Coffee
19/12/2016,8:15:09,3435,Medialuna
19/12/2016,8:24:18,3436,Cookies
19/12/2016,8:24:18,3436,Hot chocolate
19/12/2016,8:28:09,3437,Coffee
19/12/2016,8:47:26,3438,Coffee
19/12/2016,9:03:56,3439,Tea
19/12/2016,9:06:28,3440,Coffee
19/12/2016,9:06:28,3440,Bread
19/12/2016,9:15:51,3441,Hot chocolate
19/12/2016,9:22:32,3442,Coffee
19/12/2016,9:27:11,3443,Bread
19/12/2016,9:27:11,3443,Medialuna
19/12/2016,9:31:22,3444,Coffee
19/12/2016,9:32:37,3445,Bread
19/12/2016,9:37:26,3446,Coffee
19/12/2016,9:37:26,3446,Tea
19/12/2016,9:37:26,3446,Pastry
19/12/2016,9:43:55,3447,Medialuna
19/12/2016,9:43:55,3447,Coffee
19/12/2016,9:43:55,3447,Coffee
19/12/2016,9:48:01,3448,Coffee
19/12/2016,9:48:01,3448,Hot chocolate
19/12/2016,10:09:56,3449,Fudge
19/12/2016,10:09:56,3449,Jam
19/12/2016,10:09:56,3449,Fudge
19/12/2016,10:09:56,3449,Fudge
19/12/2016,10:13:51,3450,Hot chocolate
19/12/2016,10:13:51,3450,Smoothies
19/12/2016,10:13:51,3450,Bread
19/12/2016,10:13:51,3450,Cookies
19/12/2016,10:13:51,3450,Cookies
19/12/2016,10:19:20,3451,Coffee
19/12/2016,10:19:20,3451,Tea
19/12/2016,10:19:20,3451,Toast
19/12/2016,10:19:20,3451,Brownie
19/12/2016,10:24:20,3452,Coffee
19/12/2016,10:24:20,3452,Coffee
19/12/2016,10:39:13,3453,Coffee
19/12/2016,10:44:25,3454,Farm House
19/12/2016,11:15:29,3455,Tea
19/12/2016,11:16:14,3456,Bread
19/12/2016,11:19:43,3457,Bread
19/12/2016,11:19:43,3457,Coffee
19/12/2016,11:19:43,3457,Coffee
19/12/2016,11:19:43,3457,Bread
19/12/2016,11:35:50,3458,Tea
19/12/2016,11:51:27,3459,Coffee
19/12/2016,12:02:06,3460,Coffee
19/12/2016,12:02:06,3460,Fudge
19/12/2016,12:02:06,3460,Brownie
19/12/2016,12:11:02,3461,Coffee
19/12/2016,12:12:54,3462,Coffee
19/12/2016,12:12:54,3462,Bread
19/12/2016,12:14:11,3463,Coffee
19/12/2016,12:14:11,3463,Medialuna
19/12/2016,12:15:15,3464,Farm House
19/12/2016,12:17:18,3465,Fudge
19/12/2016,12:17:18,3465,Coffee
19/12/2016,12:17:18,3465,Sandwich
19/12/2016,12:19:16,3466,Toast
19/12/2016,12:19:16,3466,Cookies
19/12/2016,12:25:23,3467,Sandwich
19/12/2016,12:25:23,3467,Coffee
19/12/2016,12:25:23,3467,Bread
19/12/2016,12:26:34,3468,Focaccia
19/12/2016,12:26:34,3468,Scandinavian
19/12/2016,12:29:33,3469,Truffles
19/12/2016,12:29:33,3469,Hearty & Seasonal
19/12/2016,12:32:35,3470,Coffee
19/12/2016,12:32:35,3470,Coffee
19/12/2016,12:37:35,3471,Sandwich
19/12/2016,12:37:35,3471,Sandwich
19/12/2016,12:41:03,3472,Hearty & Seasonal
19/12/2016,12:41:03,3472,Coffee
19/12/2016,12:41:03,3472,Bread
19/12/2016,12:45:48,3473,Bread
19/12/2016,12:45:48,3473,Cake
19/12/2016,12:55:47,3474,Tea
19/12/2016,12:55:47,3474,Bread
19/12/2016,12:58:32,3475,Bread
19/12/2016,13:00:53,3476,Cookies
19/12/2016,13:00:53,3476,Bread
19/12/2016,13:15:59,3477,Coffee
19/12/2016,13:31:23,3478,Coffee
19/12/2016,13:37:24,3479,Tea
19/12/2016,13:37:24,3479,Sandwich
19/12/2016,13:38:56,3480,Bread
19/12/2016,13:38:56,3480,Brownie
19/12/2016,13:44:59,3481,Tea
19/12/2016,13:44:59,3481,Coffee
19/12/2016,13:46:01,3482,Coffee
19/12/2016,13:46:29,3483,Coffee
19/12/2016,13:46:29,3483,Cookies
19/12/2016,13:51:14,3484,Cake
19/12/2016,13:51:14,3484,Bread
19/12/2016,13:52:55,3485,Coffee
19/12/2016,14:14:17,3486,Mineral water
19/12/2016,14:14:17,3486,Coke
19/12/2016,14:14:17,3486,Bread
19/12/2016,14:14:17,3486,Sandwich
19/12/2016,14:20:10,3487,Juice
19/12/2016,14:20:10,3487,Bread
19/12/2016,14:21:25,3488,Coffee
19/12/2016,14:33:54,3489,Truffles
19/12/2016,14:33:54,3489,Tea
19/12/2016,14:33:54,3489,Cake
19/12/2016,14:39:57,3490,Coffee
19/12/2016,14:39:57,3490,Scone
19/12/2016,14:39:57,3490,Brownie
19/12/2016,14:45:49,3491,Tea
19/12/2016,14:46:31,3492,Sandwich
19/12/2016,14:46:31,3492,Juice
19/12/2016,14:46:31,3492,Tea
19/12/2016,14:47:22,3493,Coffee
19/12/2016,14:56:31,3494,Cake
19/12/2016,14:56:31,3494,Sandwich
19/12/2016,14:56:31,3494,Sandwich
19/12/2016,14:56:31,3494,Bread
19/12/2016,15:03:36,3495,Coffee
19/12/2016,15:03:36,3495,Coffee
19/12/2016,15:05:26,3496,Sandwich
19/12/2016,15:05:26,3496,Coffee
19/12/2016,15:16:39,3497,Juice
19/12/2016,15:16:39,3497,Tea
19/12/2016,15:16:39,3497,Bread
19/12/2016,15:18:57,3498,Brownie
19/12/2016,15:19:53,3499,Fudge
19/12/2016,15:24:54,3500,Tea
19/12/2016,15:31:34,3501,Tea
19/12/2016,15:35:28,3502,Truffles
19/12/2016,15:35:28,3502,Sandwich
19/12/2016,15:39:26,3503,Medialuna
19/12/2016,15:39:26,3503,Hot chocolate
19/12/2016,15:39:26,3503,Bread
19/12/2016,15:39:26,3503,Coffee
19/12/2016,15:41:04,3504,Medialuna
19/12/2016,15:47:26,3505,Coffee
19/12/2016,15:47:26,3505,Coffee
19/12/2016,15:53:52,3506,Coffee
19/12/2016,15:54:05,3507,Tea
19/12/2016,16:10:17,3508,Bread
19/12/2016,16:21:15,3509,Bread
19/12/2016,16:26:14,3510,Tea
19/12/2016,16:26:14,3510,Coke
19/12/2016,16:26:14,3510,Cake
19/12/2016,16:26:14,3510,Brownie
19/12/2016,16:26:14,3510,Bread
20/12/2016,8:42:05,3512,Bread
20/12/2016,8:53:00,3513,Tea
20/12/2016,8:53:00,3513,Tea
20/12/2016,8:53:00,3513,Medialuna
20/12/2016,8:53:00,3513,Cookies
20/12/2016,8:53:00,3513,Bread
20/12/2016,8:58:05,3514,Coffee
20/12/2016,9:11:04,3515,Sandwich
20/12/2016,9:11:04,3515,Bread
20/12/2016,9:11:04,3515,Tea
20/12/2016,9:26:17,3516,Bread
20/12/2016,9:26:17,3516,Toast
20/12/2016,9:26:17,3516,Medialuna
20/12/2016,9:32:46,3517,Pastry
20/12/2016,9:32:46,3517,Medialuna
20/12/2016,10:16:37,3518,Coffee
20/12/2016,10:20:30,3519,Coffee
20/12/2016,10:23:12,3520,Coffee
20/12/2016,10:23:12,3520,Coffee
20/12/2016,10:23:12,3520,Pastry
20/12/2016,10:27:45,3521,Cookies
20/12/2016,10:28:49,3522,Cookies
20/12/2016,10:29:57,3523,Bread
20/12/2016,10:36:37,3524,Coffee
20/12/2016,10:49:36,3525,Coffee
20/12/2016,10:49:36,3525,Coffee
20/12/2016,10:49:36,3525,Pastry
20/12/2016,11:12:32,3526,Bread
20/12/2016,11:21:50,3527,Cookies
20/12/2016,11:21:50,3527,Cake
20/12/2016,11:21:50,3527,Coffee
20/12/2016,11:21:50,3527,Hot chocolate
20/12/2016,11:32:52,3529,Pastry
20/12/2016,11:32:52,3529,Medialuna
20/12/2016,11:32:52,3529,Pastry
20/12/2016,11:32:52,3529,Coffee
20/12/2016,11:32:52,3529,Coffee
20/12/2016,11:32:52,3529,Hot chocolate
20/12/2016,11:32:52,3529,The Nomad
20/12/2016,11:32:52,3529,Toast
20/12/2016,11:43:24,3530,Coffee
20/12/2016,11:43:24,3530,Cake
20/12/2016,11:43:24,3530,Bread
20/12/2016,11:44:59,3531,Tea
20/12/2016,12:01:29,3532,Coffee
20/12/2016,12:01:29,3532,Cake
20/12/2016,12:08:22,3533,Coffee
20/12/2016,12:10:52,3534,Coffee
20/12/2016,12:10:52,3534,Cake
20/12/2016,12:18:32,3535,Toast
20/12/2016,12:18:32,3535,Coffee
20/12/2016,12:19:25,3536,Coffee
20/12/2016,12:28:12,3537,Hot chocolate
20/12/2016,12:28:12,3537,Cake
20/12/2016,12:46:12,3538,Hearty & Seasonal
20/12/2016,12:46:12,3538,Juice
20/12/2016,12:47:38,3539,Coffee
20/12/2016,12:52:18,3540,Hearty & Seasonal
20/12/2016,12:52:18,3540,Coffee
20/12/2016,12:54:50,3541,Farm House
20/12/2016,12:54:50,3541,Cake
20/12/2016,12:59:23,3542,Coffee
20/12/2016,12:59:23,3542,Bread
20/12/2016,12:59:23,3542,Farm House
20/12/2016,13:04:13,3543,Sandwich
20/12/2016,13:39:45,3545,Bread
20/12/2016,13:41:50,3546,Coffee
20/12/2016,13:41:50,3546,Brownie
20/12/2016,13:46:41,3547,Sandwich
20/12/2016,13:46:41,3547,Juice
20/12/2016,13:46:41,3547,Juice
20/12/2016,13:56:53,3548,Coffee
20/12/2016,14:02:09,3549,Coffee
20/12/2016,14:13:01,3550,Tea
20/12/2016,14:19:21,3551,Coffee
20/12/2016,14:28:14,3552,Hot chocolate
20/12/2016,14:51:08,3554,Cake
20/12/2016,14:51:08,3554,Coffee
20/12/2016,14:52:12,3555,Bread
20/12/2016,15:04:13,3556,Bread
20/12/2016,15:08:36,3557,Coffee
20/12/2016,15:08:36,3557,Hot chocolate
20/12/2016,15:14:08,3558,Coffee
20/12/2016,15:31:46,3559,Coffee
20/12/2016,15:31:46,3559,Bread
20/12/2016,15:45:17,3560,Coffee
20/12/2016,15:45:17,3560,Cake
20/12/2016,15:46:12,3561,Coffee
20/12/2016,16:17:46,3562,Farm House
20/12/2016,16:43:09,3563,Coffee
20/12/2016,17:09:59,3564,Bread
20/12/2016,17:27:13,3565,Coffee
20/12/2016,17:28:44,3566,Farm House
20/12/2016,18:10:25,3567,Scandinavian
20/12/2016,19:34:41,3568,Bread
21/12/2016,8:29:11,3570,Bread
21/12/2016,8:29:11,3570,Pastry
21/12/2016,8:33:12,3571,Coffee
21/12/2016,8:44:49,3572,Coffee
21/12/2016,8:47:09,3573,Coffee
21/12/2016,8:47:09,3573,Bread
21/12/2016,8:47:09,3573,Pastry
21/12/2016,8:58:01,3574,Coffee
21/12/2016,8:58:01,3574,Bread
21/12/2016,8:59:11,3575,Coffee
21/12/2016,8:59:11,3575,Coffee
21/12/2016,8:59:11,3575,Medialuna
21/12/2016,9:11:47,3576,Jam
21/12/2016,9:11:47,3576,Fudge
21/12/2016,9:11:47,3576,Medialuna
21/12/2016,9:12:52,3577,Tea
21/12/2016,9:16:27,3578,Bread
21/12/2016,9:16:27,3578,Bread
21/12/2016,9:30:42,3579,Bread
21/12/2016,10:00:59,3580,Pastry
21/12/2016,10:00:59,3580,Coffee
21/12/2016,10:00:59,3580,Coffee
21/12/2016,10:00:59,3580,Coffee
21/12/2016,10:08:38,3581,Coffee
21/12/2016,10:12:45,3582,Bread
21/12/2016,10:15:22,3583,Coffee
21/12/2016,10:15:22,3583,Coffee
21/12/2016,10:21:41,3584,Coffee
21/12/2016,10:21:41,3584,Cookies
21/12/2016,10:22:43,3585,Coffee
21/12/2016,10:32:00,3586,Coffee
21/12/2016,10:39:01,3587,Pastry
21/12/2016,10:39:01,3587,Coffee
21/12/2016,10:39:01,3587,Coffee
21/12/2016,10:47:06,3588,Bread
21/12/2016,10:54:09,3589,Fudge
21/12/2016,10:54:09,3589,Coffee
21/12/2016,10:56:53,3590,Hot chocolate
21/12/2016,10:56:53,3590,Cake
21/12/2016,11:01:10,3591,Muffin
21/12/2016,11:01:10,3591,Coffee
21/12/2016,11:22:56,3592,Coffee
21/12/2016,11:22:56,3592,Coffee
21/12/2016,11:22:56,3592,Medialuna
21/12/2016,11:23:35,3593,Gingerbread syrup
21/12/2016,11:39:23,3594,Coffee
21/12/2016,11:39:23,3594,Coffee
21/12/2016,11:46:25,3595,Sandwich
21/12/2016,11:46:25,3595,Coffee
21/12/2016,11:48:17,3596,Bread
21/12/2016,11:50:17,3597,Coffee
21/12/2016,11:54:03,3598,Coke
21/12/2016,11:54:03,3598,Coffee
21/12/2016,11:54:03,3598,Juice
21/12/2016,11:56:31,3599,Medialuna
21/12/2016,11:56:45,3600,Bread
21/12/2016,12:01:45,3601,Coffee
21/12/2016,12:01:45,3601,Pastry
21/12/2016,12:05:48,3602,Coffee
21/12/2016,12:05:48,3602,Cake
21/12/2016,12:05:48,3602,Bread
21/12/2016,12:13:41,3603,Coffee
21/12/2016,12:32:37,3605,Bread
21/12/2016,12:35:20,3606,Bread
21/12/2016,12:53:00,3608,Tea
21/12/2016,12:53:00,3608,Coffee
21/12/2016,12:53:00,3608,Toast
21/12/2016,12:58:20,3609,Sandwich
21/12/2016,12:58:20,3609,Smoothies
21/12/2016,13:13:09,3610,Fudge
21/12/2016,13:16:36,3611,Coffee
21/12/2016,13:16:36,3611,Hot chocolate
21/12/2016,13:23:11,3612,Coffee
21/12/2016,13:23:11,3612,Hot chocolate
21/12/2016,13:23:11,3612,Cake
21/12/2016,13:23:11,3612,Cake
21/12/2016,13:25:16,3613,Hot chocolate
21/12/2016,13:25:16,3613,Sandwich
21/12/2016,14:07:34,3614,Sandwich
21/12/2016,14:07:34,3614,Mineral water
21/12/2016,14:07:34,3614,Truffles
21/12/2016,14:13:25,3615,Cake
21/12/2016,14:16:09,3616,Scandinavian
21/12/2016,14:23:02,3617,Coffee
21/12/2016,14:24:46,3618,Cake
21/12/2016,14:24:46,3618,Bread
21/12/2016,14:36:59,3619,Cake
21/12/2016,14:43:08,3620,Coffee
21/12/2016,14:49:14,3621,Bread
21/12/2016,14:49:14,3621,Coffee
21/12/2016,14:49:14,3621,Cake
21/12/2016,14:59:07,3622,Coffee
21/12/2016,14:59:07,3622,Bread
21/12/2016,15:04:30,3623,Cookies
21/12/2016,15:04:30,3623,Cookies
21/12/2016,15:04:30,3623,Coffee
21/12/2016,15:04:30,3623,Coke
21/12/2016,15:09:56,3624,Bread
21/12/2016,15:31:03,3625,Hot chocolate
21/12/2016,15:31:03,3625,Tea
21/12/2016,15:31:03,3625,Cake
21/12/2016,15:31:03,3625,Brownie
21/12/2016,15:33:14,3626,Coke
21/12/2016,15:35:50,3627,Tea
21/12/2016,15:35:50,3627,Coffee
21/12/2016,15:40:13,3628,Coffee
21/12/2016,15:40:13,3628,Bread
21/12/2016,15:42:17,3629,Pastry
21/12/2016,15:42:17,3629,Bread
21/12/2016,15:45:48,3630,Bread
21/12/2016,16:07:55,3631,Tea
21/12/2016,16:07:55,3631,Cookies
21/12/2016,16:09:04,3632,Brownie
21/12/2016,16:11:59,3633,Coffee
21/12/2016,16:15:56,3634,Tea
21/12/2016,16:38:18,3635,Coffee
21/12/2016,16:38:18,3635,Bread
21/12/2016,16:38:18,3635,Sandwich
21/12/2016,16:42:20,3636,Scandinavian
22/12/2016,8:31:51,3637,Coffee
22/12/2016,8:41:21,3638,Bread
22/12/2016,9:23:47,3639,Coffee
22/12/2016,9:23:47,3639,Coffee
22/12/2016,9:23:47,3639,Pastry
22/12/2016,9:27:00,3640,Coffee
22/12/2016,10:00:45,3641,Medialuna
22/12/2016,10:03:22,3642,Coffee
22/12/2016,10:03:22,3642,Muffin
22/12/2016,10:09:34,3643,Bread
22/12/2016,10:09:34,3643,Pastry
22/12/2016,10:09:34,3643,The Nomad
22/12/2016,10:09:34,3643,Bread
22/12/2016,10:09:34,3643,Bread
22/12/2016,10:10:21,3644,Coffee
22/12/2016,10:31:51,3645,Coffee
22/12/2016,10:31:51,3645,Hot chocolate
22/12/2016,10:31:51,3645,Cake
22/12/2016,10:38:35,3646,Bread
22/12/2016,10:38:35,3646,Coffee
22/12/2016,10:38:35,3646,Coffee
22/12/2016,10:38:35,3646,Pastry
22/12/2016,10:40:48,3647,Bread
22/12/2016,10:40:48,3647,Coffee
22/12/2016,10:40:48,3647,Pastry
22/12/2016,10:40:48,3647,Brownie
22/12/2016,10:41:44,3648,Coffee
22/12/2016,10:56:38,3649,Tea
22/12/2016,10:58:59,3650,Pastry
22/12/2016,10:58:59,3650,Bread
22/12/2016,11:00:47,3651,Tea
22/12/2016,11:02:23,3652,Coffee
22/12/2016,11:02:23,3652,Medialuna
22/12/2016,11:06:28,3653,Coffee
22/12/2016,11:09:05,3654,Hot chocolate
22/12/2016,11:09:05,3654,Tea
22/12/2016,11:09:05,3654,Bread
22/12/2016,11:10:57,3655,Tea
22/12/2016,11:10:57,3655,Toast
22/12/2016,11:14:05,3656,Coffee
22/12/2016,11:14:05,3656,Cake
22/12/2016,11:34:29,3657,Coffee
22/12/2016,11:42:27,3658,Panatone
22/12/2016,11:50:00,3659,Coffee
22/12/2016,11:50:00,3659,Bread
22/12/2016,11:50:00,3659,Cake
22/12/2016,11:58:06,3660,Bread
22/12/2016,12:06:10,3661,Bread
22/12/2016,12:06:37,3662,Truffles
22/12/2016,12:10:57,3663,Coffee
22/12/2016,12:11:28,3664,Tea
22/12/2016,12:35:43,3665,Bread
22/12/2016,12:35:43,3665,Sandwich
22/12/2016,12:39:00,3666,Cookies
22/12/2016,12:48:03,3667,Bread
22/12/2016,12:50:49,3668,Tea
22/12/2016,12:50:49,3668,Cake
22/12/2016,12:52:37,3669,Bread
22/12/2016,13:07:02,3670,Coffee
22/12/2016,13:13:12,3672,Bread
22/12/2016,13:13:12,3672,Brownie
22/12/2016,13:32:59,3673,Art Tray
22/12/2016,13:32:59,3673,Bare Popcorn
22/12/2016,13:32:59,3673,Juice
22/12/2016,13:32:59,3673,Coffee
22/12/2016,13:32:59,3673,Brownie
22/12/2016,13:32:59,3673,Muffin
22/12/2016,13:32:59,3673,Cake
22/12/2016,13:32:59,3673,Cookies
22/12/2016,13:32:59,3673,Panatone
22/12/2016,13:35:13,3674,Coke
22/12/2016,13:36:10,3675,Tea
22/12/2016,14:02:16,3676,Bread
22/12/2016,14:15:29,3677,Tea
22/12/2016,14:15:29,3677,Brownie
22/12/2016,14:35:56,3678,Tea
22/12/2016,14:35:56,3678,Sandwich
22/12/2016,14:35:56,3678,Medialuna
22/12/2016,14:42:03,3679,Tea
22/12/2016,14:42:03,3679,Hot chocolate
22/12/2016,14:46:52,3680,Tea
22/12/2016,14:46:52,3680,Muffin
22/12/2016,14:46:52,3680,Cake
22/12/2016,14:53:26,3681,Sandwich
22/12/2016,14:53:26,3681,Mineral water
22/12/2016,14:54:24,3682,Pastry
22/12/2016,14:54:24,3682,Tea
22/12/2016,14:54:24,3682,Coffee
22/12/2016,14:55:38,3683,Coffee
22/12/2016,14:55:38,3683,Hot chocolate
22/12/2016,14:57:42,3684,Medialuna
22/12/2016,15:08:10,3685,Bread
22/12/2016,15:08:10,3685,Muffin
22/12/2016,15:08:10,3685,Bread
22/12/2016,15:08:10,3685,Tea
22/12/2016,15:26:07,3686,Jam
22/12/2016,15:29:10,3687,Bread
22/12/2016,15:29:10,3687,Tea
22/12/2016,15:45:32,3688,Farm House
22/12/2016,15:51:43,3689,Bread
22/12/2016,15:51:43,3689,Brownie
22/12/2016,15:51:43,3689,Juice
22/12/2016,15:51:43,3689,Cake
22/12/2016,16:30:49,3690,Coffee
22/12/2016,16:30:49,3690,Hot chocolate
22/12/2016,16:30:49,3690,Coffee
22/12/2016,16:30:49,3690,Cake
22/12/2016,16:48:36,3691,Fudge
22/12/2016,16:48:36,3691,Fudge
22/12/2016,16:51:21,3692,Cake
22/12/2016,16:51:21,3692,Cake
22/12/2016,16:51:21,3692,Juice
22/12/2016,17:04:27,3693,Bread
22/12/2016,17:04:27,3693,Jam
22/12/2016,17:04:27,3693,Jam
22/12/2016,17:04:27,3693,Fudge
22/12/2016,17:04:27,3693,Fudge
23/12/2016,8:17:03,3694,Bread
23/12/2016,8:17:21,3695,Bread
23/12/2016,8:40:10,3696,Pastry
23/12/2016,8:40:10,3696,Coffee
23/12/2016,8:43:23,3697,Bread
23/12/2016,8:55:41,3698,Coffee
23/12/2016,8:55:41,3698,Coffee
23/12/2016,8:55:41,3698,Medialuna
23/12/2016,9:06:11,3699,Pastry
23/12/2016,9:07:33,3700,Medialuna
23/12/2016,9:07:33,3700,Coffee
23/12/2016,9:18:51,3701,Bread
23/12/2016,9:18:51,3701,Farm House
23/12/2016,9:20:32,3702,Fudge
23/12/2016,9:21:14,3703,Bread
23/12/2016,9:37:09,3704,Farm House
23/12/2016,9:38:59,3705,Medialuna
23/12/2016,9:38:59,3705,Medialuna
23/12/2016,9:38:59,3705,Pastry
23/12/2016,9:41:17,3706,Coffee
23/12/2016,9:48:27,3707,Muffin
23/12/2016,9:48:27,3707,Cake
23/12/2016,9:56:33,3708,Bread
23/12/2016,9:56:33,3708,Pastry
23/12/2016,9:56:33,3708,The Nomad
23/12/2016,10:24:11,3709,Pastry
23/12/2016,10:24:11,3709,Scone
23/12/2016,10:27:24,3710,Coffee
23/12/2016,10:27:24,3710,Coffee
23/12/2016,10:27:48,3711,Coffee
23/12/2016,10:34:16,3712,Medialuna
23/12/2016,10:34:16,3712,Coffee
23/12/2016,10:34:16,3712,Hot chocolate
23/12/2016,10:34:16,3712,Bread
23/12/2016,10:34:16,3712,Scandinavian
23/12/2016,10:35:13,3713,Brownie
23/12/2016,10:35:13,3713,Cake
23/12/2016,10:35:13,3713,Hot chocolate
23/12/2016,10:42:14,3714,Coffee
23/12/2016,10:42:14,3714,Coffee
23/12/2016,10:42:14,3714,Cake
23/12/2016,10:42:14,3714,Brownie
23/12/2016,10:47:34,3715,Hot chocolate
23/12/2016,10:47:34,3715,Coffee
23/12/2016,10:51:08,3716,Coffee
23/12/2016,10:51:08,3716,Bread
23/12/2016,10:52:10,3717,Bread
23/12/2016,10:55:19,3718,Sandwich
23/12/2016,10:55:19,3718,Sandwich
23/12/2016,10:55:19,3718,Bread
23/12/2016,10:55:19,3718,Fudge
23/12/2016,11:01:05,3719,Tea
23/12/2016,11:01:05,3719,Juice
23/12/2016,11:01:05,3719,Muffin
23/12/2016,11:01:05,3719,Gingerbread syrup
23/12/2016,11:07:50,3720,Tea
23/12/2016,11:07:50,3720,Coffee
23/12/2016,11:10:36,3721,Coffee
23/12/2016,11:15:31,3722,Coffee
23/12/2016,11:15:31,3722,Brownie
23/12/2016,11:24:10,3723,Bread
23/12/2016,11:32:33,3724,Bread
23/12/2016,11:32:33,3724,Hot chocolate
23/12/2016,11:32:33,3724,Muffin
23/12/2016,11:32:33,3724,Smoothies
23/12/2016,11:33:49,3725,Coffee
23/12/2016,11:33:49,3725,Hot chocolate
23/12/2016,11:36:31,3726,Coffee
23/12/2016,11:36:31,3726,Scone
23/12/2016,11:36:31,3726,Juice
23/12/2016,11:36:31,3726,Cake
23/12/2016,11:36:31,3726,Brownie
23/12/2016,11:50:05,3727,Bread
23/12/2016,11:55:46,3728,Cake
23/12/2016,11:55:46,3728,Coffee
23/12/2016,11:57:59,3729,Gingerbread syrup
23/12/2016,11:57:59,3729,Jam
23/12/2016,11:57:59,3729,Fudge
23/12/2016,11:57:59,3729,Fudge
23/12/2016,12:04:18,3730,Fudge
23/12/2016,12:10:29,3731,Bread
23/12/2016,12:26:05,3732,Coffee
23/12/2016,12:28:49,3733,Cake
23/12/2016,12:28:49,3733,Scone
23/12/2016,12:28:49,3733,Coffee
23/12/2016,12:28:49,3733,Tea
23/12/2016,12:28:49,3733,Tea
23/12/2016,12:28:49,3733,Brioche and salami
23/12/2016,12:32:45,3734,Bread
23/12/2016,12:32:45,3734,Truffles
23/12/2016,12:33:43,3735,Bread
23/12/2016,12:33:43,3735,Coffee
23/12/2016,12:42:09,3736,Bread
23/12/2016,12:45:06,3737,Frittata
23/12/2016,12:45:06,3737,Coffee
23/12/2016,12:54:13,3738,Muffin
23/12/2016,12:54:13,3738,Cake
23/12/2016,13:00:18,3739,Hot chocolate
23/12/2016,13:01:39,3740,Coffee
23/12/2016,13:01:39,3740,Scone
23/12/2016,13:09:12,3741,Bread
23/12/2016,13:12:33,3742,Bread
23/12/2016,13:17:32,3743,Tea
23/12/2016,13:48:41,3744,Bread
23/12/2016,13:48:41,3744,Scone
23/12/2016,13:52:45,3746,Panatone
23/12/2016,13:54:19,3747,Sandwich
23/12/2016,13:54:19,3747,Bread
23/12/2016,13:54:19,3747,Coffee
23/12/2016,13:54:19,3747,Coke
23/12/2016,13:54:59,3748,Gingerbread syrup
23/12/2016,14:03:32,3749,Bread
23/12/2016,14:03:32,3749,Brownie
23/12/2016,14:03:32,3749,Bread
23/12/2016,14:04:34,3750,Frittata
23/12/2016,14:06:25,3751,Farm House
23/12/2016,14:06:25,3751,Cookies
23/12/2016,14:07:49,3752,Tea
23/12/2016,14:07:49,3752,Scone
23/12/2016,14:11:00,3753,Bread
23/12/2016,14:16:28,3754,Jam
23/12/2016,14:17:03,3755,Tea
23/12/2016,14:27:33,3756,Tea
23/12/2016,14:27:33,3756,Bread
23/12/2016,14:29:58,3757,Sandwich
23/12/2016,14:29:58,3757,Coffee
23/12/2016,14:33:13,3758,Coffee
23/12/2016,14:33:13,3758,Scone
23/12/2016,14:48:42,3759,Cake
23/12/2016,14:54:42,3760,Cake
23/12/2016,14:54:42,3760,Scone
23/12/2016,14:54:42,3760,Cookies
23/12/2016,14:54:42,3760,Juice
23/12/2016,14:54:42,3760,Coffee
23/12/2016,14:54:42,3760,Coffee
23/12/2016,15:00:47,3761,Coffee
23/12/2016,15:00:47,3761,Coffee
23/12/2016,15:07:05,3762,Coffee
23/12/2016,15:07:05,3762,Hot chocolate
23/12/2016,15:16:10,3763,Toast
23/12/2016,15:16:10,3763,Sandwich
23/12/2016,15:16:10,3763,Hot chocolate
23/12/2016,15:16:10,3763,Cookies
23/12/2016,15:34:53,3764,Bread
23/12/2016,15:34:53,3764,Coffee
23/12/2016,15:34:53,3764,Tea
23/12/2016,15:55:26,3765,Hot chocolate
23/12/2016,15:55:26,3765,Cake
24/12/2016,8:05:04,3766,Bread
24/12/2016,8:05:04,3766,Panatone
24/12/2016,8:06:41,3767,Bread
24/12/2016,8:25:36,3768,Coffee
24/12/2016,8:25:36,3768,Gingerbread syrup
24/12/2016,8:28:51,3769,Bread
24/12/2016,8:40:06,3770,Coffee
24/12/2016,8:40:06,3770,Medialuna
24/12/2016,8:51:50,3771,Bread
24/12/2016,8:57:36,3772,Bread
24/12/2016,9:16:06,3773,Coffee
24/12/2016,9:16:06,3773,Coffee
24/12/2016,9:16:06,3773,Toast
24/12/2016,9:17:25,3774,Cake
24/12/2016,9:17:25,3774,Pastry
24/12/2016,9:17:25,3774,Bread
24/12/2016,9:17:25,3774,Bread
24/12/2016,9:38:29,3775,Coffee
24/12/2016,9:38:29,3775,Juice
24/12/2016,9:38:29,3775,Cookies
24/12/2016,9:47:45,3776,Coffee
24/12/2016,9:47:45,3776,Pastry
24/12/2016,9:47:45,3776,Medialuna
24/12/2016,9:58:40,3777,Bread
24/12/2016,10:01:09,3778,Bread
24/12/2016,10:09:00,3779,Bread
24/12/2016,10:09:00,3779,Focaccia
24/12/2016,10:09:00,3779,Farm House
24/12/2016,10:10:11,3780,Bread
24/12/2016,10:17:01,3781,Bread
24/12/2016,10:17:01,3781,Medialuna
24/12/2016,10:17:01,3781,Pastry
24/12/2016,10:20:23,3782,Coffee
24/12/2016,10:20:23,3782,Coffee
24/12/2016,10:20:23,3782,Scone
24/12/2016,10:20:23,3782,Coffee
24/12/2016,10:22:32,3783,Hot chocolate
24/12/2016,10:22:32,3783,Tea
24/12/2016,10:22:32,3783,Pastry
24/12/2016,10:22:32,3783,Scone
24/12/2016,10:26:36,3784,Cake
24/12/2016,10:27:54,3785,Coffee
24/12/2016,10:27:54,3785,Hot chocolate
24/12/2016,10:27:54,3785,Crisps
24/12/2016,10:36:24,3786,Coffee
24/12/2016,10:36:24,3786,Hot chocolate
24/12/2016,10:45:30,3787,Bread
24/12/2016,10:45:30,3787,Hot chocolate
24/12/2016,10:45:30,3787,Pastry
24/12/2016,10:48:08,3788,Scone
24/12/2016,10:48:08,3788,Frittata
24/12/2016,10:52:59,3789,Bread
24/12/2016,10:54:27,3790,Pastry
24/12/2016,10:58:18,3791,Hot chocolate
24/12/2016,11:02:16,3792,Bread
24/12/2016,11:02:40,3793,Coffee
24/12/2016,11:06:16,3794,Bread
24/12/2016,11:10:16,3795,Bread
24/12/2016,11:10:16,3795,Toast
24/12/2016,11:21:11,3796,Tea
24/12/2016,11:21:11,3796,Coke
24/12/2016,11:21:11,3796,Juice
24/12/2016,11:22:47,3797,Coffee
24/12/2016,11:22:47,3797,Hot chocolate
24/12/2016,11:22:47,3797,Sandwich
24/12/2016,11:23:52,3798,Farm House
24/12/2016,11:26:54,3799,Hot chocolate
24/12/2016,11:26:54,3799,Coffee
24/12/2016,11:26:54,3799,Coffee
24/12/2016,11:26:54,3799,Tea
24/12/2016,11:26:54,3799,Cake
24/12/2016,11:26:54,3799,Cake
24/12/2016,11:26:54,3799,Medialuna
24/12/2016,11:26:54,3799,Pastry
24/12/2016,11:26:54,3799,Farm House
24/12/2016,11:31:29,3800,Coffee
24/12/2016,11:38:33,3801,Pastry
24/12/2016,11:38:33,3801,Fudge
24/12/2016,11:38:33,3801,Jam
24/12/2016,11:38:33,3801,Jam
24/12/2016,11:41:15,3802,Bread
24/12/2016,11:41:15,3802,Farm House
24/12/2016,11:41:15,3802,Coke
24/12/2016,11:42:15,3803,Hot chocolate
24/12/2016,11:42:15,3803,Coffee
24/12/2016,11:42:15,3803,Pastry
24/12/2016,11:43:51,3804,Focaccia
24/12/2016,11:43:51,3804,Medialuna
24/12/2016,11:44:16,3805,Coffee
24/12/2016,11:47:47,3806,Coffee
24/12/2016,11:47:47,3806,Coffee
24/12/2016,11:47:47,3806,Cake
24/12/2016,11:52:59,3807,Art Tray
24/12/2016,11:52:59,3807,Toast
24/12/2016,11:52:59,3807,Sandwich
24/12/2016,11:52:59,3807,Hot chocolate
24/12/2016,11:52:59,3807,Hot chocolate
24/12/2016,11:52:59,3807,Juice
24/12/2016,11:57:06,3808,Scone
24/12/2016,11:59:44,3809,Bread
24/12/2016,12:02:49,3810,Scandinavian
24/12/2016,12:08:17,3811,Bread
24/12/2016,12:10:42,3812,Scone
24/12/2016,12:19:45,3813,Medialuna
24/12/2016,12:19:45,3813,Tea
24/12/2016,12:19:45,3813,Coffee
24/12/2016,12:19:45,3813,Coffee
24/12/2016,12:37:30,3814,Hot chocolate
24/12/2016,12:37:30,3814,Hot chocolate
24/12/2016,12:37:30,3814,Coffee
24/12/2016,12:37:30,3814,Cookies
24/12/2016,12:37:30,3814,Medialuna
24/12/2016,12:38:01,3815,Cookies
24/12/2016,12:39:21,3816,Tea
24/12/2016,12:39:21,3816,Coke
24/12/2016,12:39:21,3816,Frittata
24/12/2016,12:39:21,3816,Sandwich
24/12/2016,12:42:32,3817,Coffee
24/12/2016,12:46:05,3818,Cookies
24/12/2016,12:49:06,3819,Medialuna
24/12/2016,12:53:59,3820,Bread
24/12/2016,12:56:35,3821,Coffee
24/12/2016,12:56:35,3821,Sandwich
24/12/2016,12:57:39,3822,Bread
24/12/2016,12:57:39,3822,Coffee
24/12/2016,12:57:39,3822,Sandwich
24/12/2016,13:04:18,3823,Cake
24/12/2016,13:07:43,3824,Coffee
24/12/2016,13:12:07,3825,Coffee
24/12/2016,13:12:58,3826,Coffee
24/12/2016,13:12:58,3826,Sandwich
24/12/2016,13:17:21,3827,Fudge
24/12/2016,13:17:21,3827,Jam
24/12/2016,13:17:21,3827,Focaccia
24/12/2016,13:46:12,3828,Bread
24/12/2016,13:46:12,3828,Medialuna
24/12/2016,13:47:32,3829,Coffee
24/12/2016,13:47:32,3829,Tea
24/12/2016,13:47:32,3829,Coffee
24/12/2016,13:47:32,3829,Coffee
24/12/2016,13:49:17,3830,Coffee
24/12/2016,13:55:16,3831,Focaccia
24/12/2016,13:55:16,3831,Panatone
24/12/2016,13:55:16,3831,Fudge
24/12/2016,14:06:38,3832,Coffee
24/12/2016,14:06:38,3832,Coke
24/12/2016,14:09:48,3833,Scandinavian
24/12/2016,14:09:48,3833,Farm House
24/12/2016,14:11:19,3834,Cookies
24/12/2016,14:13:58,3835,Bread
24/12/2016,14:13:58,3835,Cake
24/12/2016,14:14:46,3836,Scone
24/12/2016,14:14:46,3836,Coffee
24/12/2016,14:14:46,3836,Tea
24/12/2016,14:17:57,3837,Sandwich
24/12/2016,14:21:24,3838,Bread
24/12/2016,14:25:54,3839,Coffee
24/12/2016,14:35:02,3840,Tea
24/12/2016,14:41:44,3841,Bread
24/12/2016,14:49:56,3842,Coffee
24/12/2016,14:49:56,3842,Coffee
24/12/2016,15:16:20,3843,Scone
24/12/2016,15:16:20,3843,Cake
24/12/2016,15:16:20,3843,Tea
24/12/2016,15:22:37,3844,Hot chocolate
24/12/2016,16:03:53,3845,Hot chocolate
24/12/2016,16:19:40,3846,Bread
24/12/2016,16:19:40,3846,Focaccia
24/12/2016,16:19:40,3846,Scandinavian
27/12/2016,9:56:35,3847,Hot chocolate
27/12/2016,10:31:04,3848,Coffee
27/12/2016,10:59:38,3849,Bread
27/12/2016,11:03:39,3850,Coffee
27/12/2016,11:03:39,3850,Medialuna
27/12/2016,11:03:39,3850,Pastry
27/12/2016,11:09:34,3851,Coffee
27/12/2016,11:13:12,3852,Coffee
27/12/2016,11:13:12,3852,Coffee
27/12/2016,11:13:12,3852,Pastry
27/12/2016,11:17:05,3853,Coffee
27/12/2016,11:17:05,3853,Medialuna
27/12/2016,11:25:23,3854,Coffee
27/12/2016,11:32:05,3855,Coffee
27/12/2016,11:32:05,3855,Hot chocolate
27/12/2016,11:39:50,3856,Coffee
27/12/2016,11:39:50,3856,Tea
27/12/2016,11:41:24,3857,Coffee
27/12/2016,11:41:24,3857,Coffee
27/12/2016,11:46:49,3858,Coffee
27/12/2016,11:52:30,3859,Coffee
27/12/2016,11:52:30,3859,Coffee
27/12/2016,11:52:30,3859,Cake
27/12/2016,12:13:04,3860,Coffee
27/12/2016,12:13:04,3860,Coffee
27/12/2016,12:13:04,3860,Coffee
27/12/2016,12:13:04,3860,Toast
27/12/2016,13:15:36,3861,Hot chocolate
27/12/2016,13:15:36,3861,Tea
27/12/2016,13:55:40,3864,Pastry
27/12/2016,13:55:40,3864,Medialuna
27/12/2016,13:55:40,3864,Gingerbread syrup
27/12/2016,13:57:15,3865,Coffee
27/12/2016,13:57:15,3865,Coffee
27/12/2016,13:57:15,3865,Sandwich
27/12/2016,14:03:17,3866,Sandwich
27/12/2016,14:03:17,3866,Coffee
27/12/2016,14:03:17,3866,Hot chocolate
27/12/2016,14:25:42,3867,Coffee
27/12/2016,14:38:42,3868,Coffee
27/12/2016,14:38:42,3868,Cake
27/12/2016,14:43:53,3869,Cookies
27/12/2016,14:43:53,3869,Coffee
27/12/2016,15:03:14,3870,Bread
27/12/2016,15:03:14,3870,Farm House
27/12/2016,15:13:33,3871,Coffee
27/12/2016,15:13:33,3871,Coffee
28/12/2016,9:26:09,3872,Coffee
28/12/2016,9:32:12,3873,Medialuna
28/12/2016,9:32:12,3873,Pastry
28/12/2016,10:20:37,3874,Coffee
28/12/2016,10:20:37,3874,Coffee
28/12/2016,10:30:54,3875,Coffee
28/12/2016,10:46:05,3876,Coffee
28/12/2016,10:46:05,3876,Medialuna
28/12/2016,10:46:05,3876,Pastry
28/12/2016,10:46:05,3876,Medialuna
28/12/2016,10:51:24,3877,Toast
28/12/2016,10:51:24,3877,Tea
28/12/2016,10:51:24,3877,Coffee
28/12/2016,10:52:46,3878,Bread
28/12/2016,10:55:56,3879,Farm House
28/12/2016,10:57:00,3880,Bread
28/12/2016,10:57:44,3881,Bread
28/12/2016,10:59:54,3882,Bread
28/12/2016,10:59:54,3882,Medialuna
28/12/2016,10:59:54,3882,Toast
28/12/2016,10:59:54,3882,Bread
28/12/2016,11:03:27,3883,Coffee
28/12/2016,11:03:27,3883,Coffee
28/12/2016,11:03:27,3883,Tea
28/12/2016,11:03:27,3883,Bread
28/12/2016,11:06:32,3884,Bread
28/12/2016,11:06:32,3884,Farm House
28/12/2016,11:06:32,3884,Bread
28/12/2016,11:06:32,3884,Coffee
28/12/2016,11:06:32,3884,Sandwich
28/12/2016,11:06:32,3884,Truffles
28/12/2016,11:07:28,3885,Coffee
28/12/2016,11:28:33,3886,Coffee
28/12/2016,11:35:15,3887,Coffee
28/12/2016,11:35:15,3887,Cake
28/12/2016,11:36:53,3888,Coffee
28/12/2016,11:38:30,3889,Coffee
28/12/2016,11:38:30,3889,Hot chocolate
28/12/2016,11:38:30,3889,Bread
28/12/2016,11:38:30,3889,Cookies
28/12/2016,11:38:30,3889,Bread
28/12/2016,11:43:16,3890,Hot chocolate
28/12/2016,11:44:24,3891,Medialuna
28/12/2016,11:44:24,3891,Bread
28/12/2016,11:45:43,3892,Bread
28/12/2016,11:46:53,3893,Bread
28/12/2016,11:53:26,3894,Coffee
28/12/2016,11:57:19,3895,Coffee
28/12/2016,11:57:19,3895,Bread
28/12/2016,11:57:19,3895,Cake
28/12/2016,11:57:19,3895,Bread
28/12/2016,12:00:13,3896,Bread
28/12/2016,12:01:45,3897,Muesli
28/12/2016,12:01:45,3897,Bread
28/12/2016,12:03:29,3898,Coffee
28/12/2016,12:03:29,3898,Coffee
28/12/2016,12:03:29,3898,Bread
28/12/2016,12:17:25,3899,Coffee
28/12/2016,12:26:20,3900,Coffee
28/12/2016,13:22:29,3901,Bread
28/12/2016,13:22:29,3901,Coffee
28/12/2016,13:22:58,3902,Coffee
28/12/2016,13:40:02,3903,Tea
28/12/2016,13:40:47,3904,Tea
28/12/2016,13:46:28,3905,Bread
28/12/2016,13:46:28,3905,Crisps
28/12/2016,13:46:28,3905,Juice
28/12/2016,13:46:28,3905,Coffee
28/12/2016,13:46:28,3905,Hot chocolate
28/12/2016,13:46:28,3905,Truffles
28/12/2016,13:53:23,3906,Cake
28/12/2016,14:03:24,3907,Fudge
28/12/2016,14:07:30,3908,Coffee
28/12/2016,14:07:30,3908,Tea
28/12/2016,14:34:13,3909,Coffee
28/12/2016,14:34:13,3909,Juice
28/12/2016,14:34:13,3909,Coffee
28/12/2016,14:34:13,3909,Coke
28/12/2016,14:34:13,3909,Sandwich
28/12/2016,14:34:13,3909,Sandwich
28/12/2016,14:42:55,3910,Sandwich
28/12/2016,14:42:55,3910,Sandwich
28/12/2016,15:04:17,3911,Bread
28/12/2016,15:07:17,3912,Coffee
28/12/2016,15:07:17,3912,Bread
28/12/2016,15:13:13,3913,Bread
28/12/2016,15:13:13,3913,Coffee
28/12/2016,15:15:46,3914,Bread
28/12/2016,15:23:35,3915,Coffee
28/12/2016,16:00:35,3916,Coffee
28/12/2016,16:00:35,3916,Coffee
28/12/2016,16:00:35,3916,Hot chocolate
28/12/2016,16:00:35,3916,Cake
28/12/2016,16:00:35,3916,Cake
28/12/2016,16:19:56,3917,Sandwich
28/12/2016,16:19:56,3917,Coffee
28/12/2016,16:19:56,3917,Hot chocolate
28/12/2016,16:19:56,3917,Cookies
28/12/2016,16:19:56,3917,Crisps
28/12/2016,16:19:56,3917,Bare Popcorn
28/12/2016,16:19:56,3917,Coffee
28/12/2016,16:20:47,3918,Coffee
28/12/2016,16:24:53,3919,Hot chocolate
28/12/2016,16:24:53,3919,Hot chocolate
29/12/2016,8:53:35,3920,Coffee
29/12/2016,9:20:44,3921,Bread
29/12/2016,9:53:18,3922,Coffee
29/12/2016,9:53:41,3923,Coffee
29/12/2016,10:19:51,3924,Tea
29/12/2016,10:19:51,3924,Bread
29/12/2016,10:20:20,3925,Bread
29/12/2016,10:39:20,3926,Coffee
29/12/2016,10:39:20,3926,Hot chocolate
29/12/2016,10:39:20,3926,Bread
29/12/2016,10:45:50,3927,Bread
29/12/2016,10:47:44,3928,Bread
29/12/2016,10:47:44,3928,Bread
29/12/2016,10:49:12,3929,Tea
29/12/2016,10:49:12,3929,Medialuna
29/12/2016,10:49:12,3929,Bread
29/12/2016,10:52:39,3930,Medialuna
29/12/2016,10:52:39,3930,Pastry
29/12/2016,10:52:39,3930,Coffee
29/12/2016,10:52:39,3930,Coffee
29/12/2016,10:52:39,3930,Toast
29/12/2016,10:55:08,3931,Medialuna
29/12/2016,11:00:53,3932,Bread
29/12/2016,11:15:51,3933,Farm House
29/12/2016,11:35:40,3934,Coffee
29/12/2016,11:35:40,3934,Coffee
29/12/2016,11:35:40,3934,Pastry
29/12/2016,11:35:40,3934,Toast
29/12/2016,11:45:42,3935,Coffee
29/12/2016,11:45:42,3935,Cookies
29/12/2016,11:45:42,3935,Bread
29/12/2016,11:48:34,3936,Cake
29/12/2016,11:48:34,3936,Bread
29/12/2016,11:48:34,3936,Jammie Dodgers
29/12/2016,11:48:34,3936,Coffee
29/12/2016,11:48:34,3936,Tea
29/12/2016,11:48:34,3936,Coffee
29/12/2016,11:59:07,3937,Coffee
29/12/2016,11:59:07,3937,Coffee
29/12/2016,11:59:07,3937,Smoothies
29/12/2016,11:59:07,3937,Toast
29/12/2016,11:59:49,3938,Coffee
29/12/2016,11:59:49,3938,Coffee
29/12/2016,11:59:49,3938,Smoothies
29/12/2016,11:59:49,3938,Toast
29/12/2016,12:00:37,3939,Toast
29/12/2016,12:00:37,3939,Coffee
29/12/2016,12:00:37,3939,Smoothies
29/12/2016,12:03:16,3940,Bread
29/12/2016,12:06:04,3941,Bread
29/12/2016,12:06:04,3941,Bread
29/12/2016,12:10:10,3942,Bread
29/12/2016,12:10:10,3942,Coffee
29/12/2016,12:28:36,3943,Fudge
29/12/2016,12:28:36,3943,Bread
29/12/2016,12:28:36,3943,Coffee
29/12/2016,12:28:36,3943,Bread
29/12/2016,12:28:36,3943,Cake
29/12/2016,12:33:09,3944,Bread
29/12/2016,12:33:09,3944,Pastry
29/12/2016,12:45:20,3945,Tea
29/12/2016,12:45:20,3945,Frittata
29/12/2016,12:53:10,3946,Sandwich
29/12/2016,12:53:10,3946,Coffee
29/12/2016,12:53:10,3946,Bread
29/12/2016,12:58:17,3947,Bread
29/12/2016,13:04:23,3948,Coffee
29/12/2016,13:04:23,3948,Hot chocolate
29/12/2016,13:04:23,3948,Bread
29/12/2016,13:16:31,3949,Bread
29/12/2016,13:16:31,3949,Bread
29/12/2016,13:16:31,3949,Juice
29/12/2016,13:16:31,3949,Juice
29/12/2016,13:20:45,3950,Coffee
29/12/2016,13:30:36,3951,Hot chocolate
29/12/2016,13:30:36,3951,Bread
29/12/2016,13:35:07,3952,Coffee
29/12/2016,13:35:07,3952,Coffee
29/12/2016,13:35:07,3952,Juice
29/12/2016,13:35:07,3952,Sandwich
29/12/2016,13:35:07,3952,Cake
29/12/2016,13:35:07,3952,Bread
29/12/2016,13:35:07,3952,Lemon and coconut
29/12/2016,13:37:50,3953,Bread
29/12/2016,13:39:08,3954,Hearty & Seasonal
29/12/2016,13:39:08,3954,Coffee
29/12/2016,13:39:08,3954,Coffee
29/12/2016,13:39:57,3955,Medialuna
29/12/2016,13:40:46,3956,Coffee
29/12/2016,13:40:46,3956,Coffee
29/12/2016,13:41:16,3957,Bread
29/12/2016,13:41:16,3957,Pastry
29/12/2016,13:54:10,3958,Pastry
29/12/2016,13:54:10,3958,Bread
29/12/2016,13:54:10,3958,Cake
29/12/2016,14:13:26,3959,Scandinavian
29/12/2016,14:14:57,3960,Coke
29/12/2016,14:14:57,3960,Tea
29/12/2016,14:14:57,3960,Hot chocolate
29/12/2016,14:14:57,3960,Medialuna
29/12/2016,14:24:06,3961,Coffee
29/12/2016,14:24:55,3962,Jammie Dodgers
29/12/2016,14:24:55,3962,Bread
29/12/2016,14:27:33,3964,Medialuna
29/12/2016,14:27:33,3964,Coffee
29/12/2016,14:27:33,3964,Coffee
29/12/2016,14:28:46,3965,Coffee
29/12/2016,14:28:46,3965,Bread
29/12/2016,14:30:43,3966,Hot chocolate
29/12/2016,14:30:43,3966,Coffee
29/12/2016,14:35:10,3967,Coffee
29/12/2016,14:35:10,3967,Bread
29/12/2016,14:35:10,3967,Juice
29/12/2016,14:35:10,3967,Truffles
29/12/2016,14:35:10,3967,Frittata
29/12/2016,14:35:10,3967,Cookies
29/12/2016,14:35:10,3967,Crisps
29/12/2016,14:35:50,3968,Bread
29/12/2016,14:43:45,3969,Coffee
29/12/2016,14:43:45,3969,Coffee
29/12/2016,14:43:45,3969,Cake
29/12/2016,14:43:45,3969,Frittata
29/12/2016,14:44:15,3970,Jammie Dodgers
29/12/2016,14:46:12,3971,Bread
29/12/2016,14:46:12,3971,Coffee
29/12/2016,14:46:12,3971,Cake
29/12/2016,14:50:47,3972,Bread
29/12/2016,14:50:47,3972,Coffee
29/12/2016,14:50:47,3972,Cake
29/12/2016,15:12:53,3974,Jam
29/12/2016,15:35:06,3975,Bread
29/12/2016,15:35:06,3975,Coffee
29/12/2016,15:36:06,3976,Coffee
29/12/2016,15:36:06,3976,Hot chocolate
29/12/2016,15:36:06,3976,Toast
29/12/2016,15:52:19,3977,Coffee
29/12/2016,16:06:52,3978,Coffee
29/12/2016,16:10:30,3979,Hot chocolate
29/12/2016,16:10:30,3979,Bread
29/12/2016,16:18:16,3980,Bread
29/12/2016,16:18:16,3980,Coffee
29/12/2016,16:51:51,3981,Bread
29/12/2016,16:51:51,3981,Hot chocolate
29/12/2016,16:51:51,3981,Cake
29/12/2016,17:13:37,3982,Hot chocolate
29/12/2016,17:13:37,3982,Coffee
29/12/2016,17:13:37,3982,Cookies
29/12/2016,17:13:37,3982,Medialuna
29/12/2016,17:13:37,3982,Cookies
30/12/2016,9:26:49,3983,Hot chocolate
30/12/2016,9:26:49,3983,Medialuna
30/12/2016,9:26:49,3983,Pastry
30/12/2016,10:14:27,3984,Bread
30/12/2016,10:14:27,3984,Bread
30/12/2016,10:17:19,3985,Coffee
30/12/2016,10:17:19,3985,Juice
30/12/2016,10:17:19,3985,Cake
30/12/2016,10:17:19,3985,Vegan mincepie
30/12/2016,10:23:25,3986,Medialuna
30/12/2016,10:23:25,3986,Coffee
30/12/2016,10:45:12,3987,Muesli
30/12/2016,11:03:13,3988,Bread
30/12/2016,11:03:13,3988,Coffee
30/12/2016,11:03:13,3988,Frittata
30/12/2016,11:03:13,3988,Farm House
30/12/2016,11:04:59,3989,Bread
30/12/2016,11:07:37,3990,Coffee
30/12/2016,11:07:37,3990,Muesli
30/12/2016,11:08:40,3991,Tea
30/12/2016,11:33:31,3992,Bread
30/12/2016,11:33:31,3992,Sandwich
30/12/2016,11:33:31,3992,Pastry
30/12/2016,11:33:31,3992,Bread
30/12/2016,11:44:23,3993,Sandwich
30/12/2016,11:44:23,3993,Hot chocolate
30/12/2016,11:45:21,3994,Coffee
30/12/2016,11:45:21,3994,Tea
30/12/2016,11:45:21,3994,Toast
30/12/2016,11:48:40,3995,Sandwich
30/12/2016,11:48:40,3995,Tea
30/12/2016,11:48:40,3995,Coffee
30/12/2016,12:01:24,3996,Hot chocolate
30/12/2016,12:01:24,3996,Coffee
30/12/2016,12:01:24,3996,Lemon and coconut
30/12/2016,12:05:27,3997,Bread
30/12/2016,12:05:27,3997,Coffee
30/12/2016,12:14:34,3998,Coffee
30/12/2016,12:14:34,3998,Cake
30/12/2016,12:28:45,3999,Medialuna
30/12/2016,12:28:45,3999,The Nomad
30/12/2016,12:28:45,3999,Bread
30/12/2016,12:31:02,4000,Coffee
30/12/2016,12:31:19,4001,Coffee
30/12/2016,12:32:21,4002,Hot chocolate
30/12/2016,12:32:21,4002,Hot chocolate
30/12/2016,13:08:08,4003,Farm House
30/12/2016,13:12:02,4004,Sandwich
30/12/2016,13:12:02,4004,Tea
30/12/2016,13:18:40,4005,Bread
30/12/2016,13:24:23,4006,Coffee
30/12/2016,13:24:23,4006,Smoothies
30/12/2016,13:24:23,4006,Frittata
30/12/2016,13:27:46,4007,Coffee
30/12/2016,13:28:58,4008,Bread
30/12/2016,13:28:58,4008,Pastry
30/12/2016,13:28:58,4008,Bread
30/12/2016,13:34:04,4009,Coffee
30/12/2016,13:34:04,4009,Toast
30/12/2016,13:34:04,4009,Bread
30/12/2016,13:41:31,4010,Coffee
30/12/2016,13:43:23,4011,Coffee
30/12/2016,13:43:23,4011,Jammie Dodgers
30/12/2016,13:43:23,4011,Bread
30/12/2016,13:45:32,4012,Coke
30/12/2016,13:45:32,4012,Sandwich
30/12/2016,13:46:43,4013,Medialuna
30/12/2016,13:57:54,4014,Coffee
30/12/2016,13:59:58,4015,Medialuna
30/12/2016,14:09:39,4016,Sandwich
30/12/2016,14:09:39,4016,Bread
30/12/2016,14:09:39,4016,Tea
30/12/2016,14:09:39,4016,Cake
30/12/2016,14:17:42,4017,Hot chocolate
30/12/2016,14:19:57,4018,Coffee
30/12/2016,14:19:57,4018,Frittata
30/12/2016,14:25:36,4019,Tea
30/12/2016,14:31:28,4020,Bread
30/12/2016,14:31:28,4020,Tea
30/12/2016,14:59:17,4022,Coffee
30/12/2016,14:59:17,4022,Jammie Dodgers
30/12/2016,15:07:17,4023,Bread
30/12/2016,15:07:17,4023,Coffee
30/12/2016,15:07:17,4023,Coffee
30/12/2016,15:09:05,4024,Coffee
30/12/2016,15:09:05,4024,Coffee
30/12/2016,15:09:05,4024,Jammie Dodgers
30/12/2016,15:09:05,4024,Bread
30/12/2016,15:16:55,4025,Coffee
30/12/2016,15:16:55,4025,Coffee
30/12/2016,15:16:55,4025,Bread
30/12/2016,15:19:59,4026,Coffee
30/12/2016,15:19:59,4026,Hot chocolate
30/12/2016,15:19:59,4026,Jammie Dodgers
30/12/2016,15:19:59,4026,Vegan mincepie
30/12/2016,15:19:59,4026,Cake
30/12/2016,15:37:47,4027,Coffee
30/12/2016,15:37:47,4027,Cookies
30/12/2016,15:44:10,4028,Coffee
30/12/2016,15:44:10,4028,Tea
30/12/2016,15:44:10,4028,Bread
30/12/2016,15:57:24,4029,Coffee
30/12/2016,16:25:46,4030,Bread
30/12/2016,16:33:33,4031,Bread
30/12/2016,16:33:33,4031,Bread
30/12/2016,16:37:34,4032,Tea
31/12/2016,8:54:35,4033,Bread
31/12/2016,9:58:08,4034,Bread
31/12/2016,9:58:08,4034,Coffee
31/12/2016,10:00:05,4035,Bread
31/12/2016,10:00:05,4035,Jammie Dodgers
31/12/2016,10:00:05,4035,Hot chocolate
31/12/2016,10:00:05,4035,Bread
31/12/2016,10:00:05,4035,Bread
31/12/2016,10:15:45,4036,Bread
31/12/2016,10:15:45,4036,Bread
31/12/2016,10:17:20,4037,Coffee
31/12/2016,10:21:34,4038,Pastry
31/12/2016,10:26:37,4039,Tea
31/12/2016,10:27:52,4040,Bread
31/12/2016,10:27:52,4040,Coffee
31/12/2016,10:27:52,4040,Coffee
31/12/2016,10:27:52,4040,Cookies
31/12/2016,10:41:29,4041,Bread
31/12/2016,10:45:03,4042,Coffee
31/12/2016,10:45:03,4042,Vegan mincepie
31/12/2016,11:11:27,4043,Tea
31/12/2016,11:13:00,4044,Coffee
31/12/2016,11:20:57,4045,Bread
31/12/2016,11:20:57,4045,Medialuna
31/12/2016,11:23:44,4046,Farm House
31/12/2016,11:29:31,4047,Coffee
31/12/2016,11:29:31,4047,Hot chocolate
31/12/2016,11:29:31,4047,Vegan mincepie
31/12/2016,11:29:31,4047,Jammie Dodgers
31/12/2016,11:38:58,4048,Coffee
31/12/2016,11:38:58,4048,Coffee
31/12/2016,11:43:54,4049,Coffee
31/12/2016,11:53:18,4050,Bread
31/12/2016,11:53:18,4050,Medialuna
31/12/2016,11:54:43,4051,Bread
31/12/2016,12:03:41,4052,Bread
31/12/2016,12:05:39,4053,Bread
31/12/2016,12:05:39,4053,Coffee
31/12/2016,12:07:18,4054,Bread
31/12/2016,12:07:18,4054,Farm House
31/12/2016,12:12:32,4055,Coffee
31/12/2016,12:14:49,4056,Coffee
31/12/2016,12:24:30,4057,Bread
31/12/2016,12:24:30,4057,Tea
31/12/2016,12:24:30,4057,Frittata
31/12/2016,12:25:40,4058,Farm House
31/12/2016,12:32:38,4059,Farm House
31/12/2016,12:32:38,4059,Pastry
31/12/2016,12:36:16,4060,Coffee
31/12/2016,12:41:00,4061,Bread
31/12/2016,13:06:39,4062,Coffee
31/12/2016,13:06:39,4062,Hot chocolate
31/12/2016,13:06:39,4062,Cake
31/12/2016,13:07:12,4063,Scandinavian
31/12/2016,13:13:33,4064,Coffee
31/12/2016,13:13:33,4064,Hot chocolate
31/12/2016,13:13:33,4064,Cake
31/12/2016,13:13:33,4064,Jammie Dodgers
31/12/2016,13:13:33,4064,Bread
31/12/2016,13:13:33,4064,Pastry
31/12/2016,13:15:38,4065,Coffee
31/12/2016,13:15:38,4065,Coffee
31/12/2016,13:15:38,4065,Bread
31/12/2016,13:20:38,4066,Scandinavian
31/12/2016,13:23:47,4067,Coffee
31/12/2016,13:23:47,4067,Coffee
31/12/2016,13:23:47,4067,Coffee
31/12/2016,13:23:47,4067,Sandwich
31/12/2016,13:29:21,4068,Tea
31/12/2016,13:29:21,4068,Tea
31/12/2016,13:29:21,4068,Hot chocolate
31/12/2016,13:29:21,4068,Toast
31/12/2016,13:29:21,4068,Sandwich
31/12/2016,13:37:51,4069,Sandwich
31/12/2016,13:37:51,4069,Tea
31/12/2016,13:49:13,4070,Farm House
31/12/2016,13:50:11,4071,Bread
31/12/2016,13:59:46,4072,Coffee
31/12/2016,13:59:46,4072,Jammie Dodgers
31/12/2016,14:01:08,4073,Coffee
31/12/2016,14:02:48,4074,Bread
31/12/2016,14:10:58,4075,Farm House
31/12/2016,14:10:58,4075,Medialuna
31/12/2016,14:13:50,4076,Coffee
31/12/2016,14:15:41,4077,Tea
31/12/2016,14:15:41,4077,Sandwich
31/12/2016,14:32:55,4078,Cookies
31/12/2016,14:32:55,4078,Tea
31/12/2016,14:32:55,4078,Bread
31/12/2016,14:40:58,4079,Coffee
31/12/2016,14:45:01,4080,Bread
31/12/2016,14:46:28,4081,Coffee
31/12/2016,14:46:28,4081,Bread
31/12/2016,14:48:02,4082,Tea
31/12/2016,14:48:02,4082,Hot chocolate
31/12/2016,14:48:02,4082,Sandwich
31/12/2016,14:58:02,4083,Tea
31/12/2016,15:06:58,4085,Sandwich
31/12/2016,15:20:16,4086,Coffee
31/12/2016,15:20:16,4086,Bread
31/12/2016,15:53:59,4087,Bread
31/12/2016,15:54:56,4088,Tea
31/12/2016,15:54:56,4088,Coke
31/12/2016,17:36:21,4089,Cake
31/12/2016,17:36:21,4089,Tea
1/1/2017,1:21:05,4090,Bread
3/1/2017,9:08:01,4094,Coffee
3/1/2017,9:14:31,4095,Coffee
3/1/2017,9:14:31,4095,Toast
3/1/2017,9:17:54,4096,Farm House
3/1/2017,9:41:16,4097,Bread
3/1/2017,9:41:16,4097,Bread
3/1/2017,10:06:06,4098,Coffee
3/1/2017,10:06:06,4098,Coffee
3/1/2017,10:10:49,4099,Coffee
3/1/2017,10:20:28,4100,Coffee
3/1/2017,10:20:28,4100,Coffee
3/1/2017,10:20:28,4100,Toast
3/1/2017,10:25:02,4101,Coffee
3/1/2017,10:25:02,4101,Coffee
3/1/2017,10:25:02,4101,Coffee
3/1/2017,10:28:23,4102,Toast
3/1/2017,10:28:23,4102,Bread
3/1/2017,10:29:12,4103,Bread
3/1/2017,10:33:28,4104,Coffee
3/1/2017,10:45:21,4105,Coffee
3/1/2017,10:45:21,4105,Coffee
3/1/2017,10:45:21,4105,Vegan mincepie
3/1/2017,10:45:21,4105,Vegan mincepie
3/1/2017,10:55:00,4106,Bread
3/1/2017,10:55:47,4107,Coffee
3/1/2017,10:57:13,4108,Coffee
3/1/2017,10:57:13,4108,Toast
3/1/2017,11:02:15,4109,Coffee
3/1/2017,11:19:36,4110,Cookies
3/1/2017,11:19:36,4110,Cake
3/1/2017,11:19:36,4110,Bread
3/1/2017,11:19:36,4110,Coffee
3/1/2017,11:41:13,4111,Tea
3/1/2017,11:41:13,4111,Cake
3/1/2017,11:49:24,4112,Bread
3/1/2017,12:08:56,4113,Coffee
3/1/2017,12:08:56,4113,Hot chocolate
3/1/2017,12:08:56,4113,Cookies
3/1/2017,12:10:03,4114,Coffee
3/1/2017,12:27:50,4115,Cake
3/1/2017,12:31:27,4116,Bread
3/1/2017,12:53:59,4117,Juice
3/1/2017,12:53:59,4117,Coffee
3/1/2017,12:53:59,4117,Sandwich
3/1/2017,12:53:59,4117,Sandwich
3/1/2017,13:11:46,4118,Coffee
3/1/2017,13:22:25,4119,Bread
3/1/2017,13:22:25,4119,Coffee
3/1/2017,13:22:25,4119,Frittata
3/1/2017,13:22:25,4119,Cookies
3/1/2017,13:22:25,4119,Mineral water
3/1/2017,13:28:08,4120,Coffee
3/1/2017,13:28:08,4120,Muffin
3/1/2017,13:30:49,4121,Sandwich
3/1/2017,13:30:49,4121,Coffee
3/1/2017,13:30:49,4121,Cake
3/1/2017,13:34:53,4123,Coffee
3/1/2017,13:42:32,4124,Coffee
3/1/2017,13:42:32,4124,Coffee
3/1/2017,13:42:32,4124,Vegan mincepie
3/1/2017,13:42:32,4124,Cake
3/1/2017,13:48:01,4125,Cake
3/1/2017,13:48:01,4125,Cake
3/1/2017,13:48:01,4125,Coffee
3/1/2017,13:58:08,4126,Coffee
3/1/2017,14:01:10,4127,Frittata
3/1/2017,14:01:10,4127,Coffee
3/1/2017,14:12:55,4128,Sandwich
3/1/2017,14:12:55,4128,Cookies
3/1/2017,14:37:57,4129,Tea
3/1/2017,14:56:31,4130,Tea
3/1/2017,15:20:50,4131,Tea
3/1/2017,15:22:46,4132,Bread
3/1/2017,15:22:46,4132,Vegan mincepie
3/1/2017,15:31:52,4133,Muffin
3/1/2017,15:31:52,4133,Coffee
3/1/2017,15:31:52,4133,Hot chocolate
3/1/2017,15:53:33,4134,Bread
3/1/2017,16:06:43,4135,Hot chocolate
3/1/2017,16:06:43,4135,Coffee
3/1/2017,16:06:43,4135,Cake
3/1/2017,16:16:13,4136,Coffee
3/1/2017,16:54:10,4138,Hot chocolate
3/1/2017,16:54:10,4138,Sandwich
3/1/2017,17:19:42,4139,Cake
3/1/2017,17:19:42,4139,Muffin
3/1/2017,17:19:42,4139,Coffee
4/1/2017,9:23:25,4140,Coffee
4/1/2017,9:51:00,4141,Coffee
4/1/2017,9:51:00,4141,Hot chocolate
4/1/2017,9:51:00,4141,Medialuna
4/1/2017,10:14:41,4142,Medialuna
4/1/2017,10:14:41,4142,Cake
4/1/2017,10:14:41,4142,Coffee
4/1/2017,10:14:41,4142,Coffee
4/1/2017,10:16:03,4143,Bread
4/1/2017,10:17:00,4144,Coffee
4/1/2017,10:17:00,4144,Coffee
4/1/2017,10:17:00,4144,Toast
4/1/2017,10:33:20,4145,Bread
4/1/2017,10:56:18,4146,Coffee
4/1/2017,10:59:23,4147,Bread
4/1/2017,11:13:07,4148,Coffee
4/1/2017,11:13:07,4148,Coffee
4/1/2017,11:23:45,4149,Coffee
4/1/2017,11:23:45,4149,Bread
4/1/2017,11:28:36,4150,Coffee
4/1/2017,11:38:55,4151,Coffee
4/1/2017,11:54:02,4152,Coffee
4/1/2017,11:54:02,4152,Cake
4/1/2017,11:56:17,4153,Coffee
4/1/2017,11:56:17,4153,Bread
4/1/2017,12:11:01,4154,Bread
4/1/2017,12:11:01,4154,Cake
4/1/2017,12:13:39,4155,Muesli
4/1/2017,12:13:39,4155,Cookies
4/1/2017,12:13:39,4155,Tea
4/1/2017,12:13:39,4155,Coffee
4/1/2017,12:33:39,4156,Coke
4/1/2017,12:33:39,4156,Pastry
4/1/2017,12:33:39,4156,Cake
4/1/2017,13:01:35,4157,Sandwich
4/1/2017,13:01:35,4157,Sandwich
4/1/2017,13:01:35,4157,Coffee
4/1/2017,13:05:52,4158,Juice
4/1/2017,13:31:56,4159,Coffee
4/1/2017,13:31:56,4159,Juice
4/1/2017,13:31:56,4159,Tea
4/1/2017,13:31:56,4159,Muffin
4/1/2017,13:31:56,4159,Sandwich
4/1/2017,13:47:36,4160,Medialuna
4/1/2017,14:11:02,4161,Pastry
4/1/2017,14:11:02,4161,Hot chocolate
4/1/2017,14:11:02,4161,Coffee
4/1/2017,14:11:02,4161,Bread
4/1/2017,14:31:43,4162,Farm House
4/1/2017,14:31:43,4162,Tea
4/1/2017,14:42:12,4163,Bread
4/1/2017,14:42:12,4163,Brownie
4/1/2017,14:43:08,4164,Coffee
4/1/2017,14:43:08,4164,Brownie
4/1/2017,14:56:40,4165,Coffee
4/1/2017,14:56:40,4165,Cookies
4/1/2017,14:57:41,4166,Coffee
4/1/2017,14:57:41,4166,Brownie
4/1/2017,15:28:04,4167,Bread
4/1/2017,15:28:04,4167,Cookies
4/1/2017,15:28:45,4168,Hot chocolate
4/1/2017,15:44:04,4169,Hot chocolate
4/1/2017,15:44:04,4169,Coffee
4/1/2017,15:44:04,4169,Pastry
4/1/2017,15:56:13,4170,Bread
4/1/2017,15:56:13,4170,Brownie
4/1/2017,16:35:46,4171,Coffee
4/1/2017,16:35:46,4171,Cake
4/1/2017,16:36:46,4172,Brownie
4/1/2017,16:36:46,4172,Tea
4/1/2017,16:36:46,4172,Coffee
4/1/2017,16:39:39,4173,Coffee
4/1/2017,16:39:39,4173,Coffee
4/1/2017,17:03:31,4174,Farm House
4/1/2017,17:10:47,4175,Bread
4/1/2017,17:14:40,4176,Bread
5/1/2017,8:08:30,4177,Coffee
5/1/2017,8:20:16,4178,Coffee
5/1/2017,8:33:13,4179,Coffee
5/1/2017,8:48:19,4180,Tea
5/1/2017,8:48:19,4180,Toast
5/1/2017,8:57:20,4181,Bread
5/1/2017,8:57:20,4181,Medialuna
5/1/2017,9:06:27,4182,Bread
5/1/2017,9:06:27,4182,Toast
5/1/2017,9:10:50,4183,Bread
5/1/2017,9:10:50,4183,Coffee
5/1/2017,9:10:50,4183,Medialuna
5/1/2017,9:31:06,4184,Coffee
5/1/2017,9:31:06,4184,Bread
5/1/2017,9:38:35,4185,Hot chocolate
5/1/2017,9:38:35,4185,Hot chocolate
5/1/2017,9:38:35,4185,Muffin
5/1/2017,9:47:58,4186,Bread
5/1/2017,9:47:58,4186,Coffee
5/1/2017,9:47:58,4186,Juice
5/1/2017,10:41:30,4187,Hot chocolate
5/1/2017,10:41:30,4187,Hot chocolate
5/1/2017,10:51:47,4188,Bread
5/1/2017,10:51:47,4188,Coffee
5/1/2017,10:53:08,4189,Coffee
5/1/2017,10:53:08,4189,Bread
5/1/2017,10:53:08,4189,Truffles
5/1/2017,11:01:49,4190,Brownie
5/1/2017,11:05:24,4191,Juice
5/1/2017,11:05:24,4191,Bread
5/1/2017,11:05:24,4191,Muffin
5/1/2017,11:20:01,4192,Farm House
5/1/2017,11:20:01,4192,Brownie
5/1/2017,11:24:03,4193,Coffee
5/1/2017,11:24:03,4193,Bread
5/1/2017,11:34:10,4194,Coffee
5/1/2017,11:36:10,4195,Farm House
5/1/2017,11:41:25,4196,Juice
5/1/2017,11:41:25,4196,Coffee
5/1/2017,11:41:25,4196,Sandwich
5/1/2017,11:41:25,4196,Ella's Kitchen Pouches
5/1/2017,11:52:57,4197,Coffee
5/1/2017,11:52:57,4197,Cake
5/1/2017,12:05:44,4198,Tea
5/1/2017,12:05:44,4198,Bread
5/1/2017,12:07:43,4199,Coffee
5/1/2017,12:07:43,4199,Coffee
5/1/2017,12:10:31,4200,Coffee
5/1/2017,12:17:25,4201,Cookies
5/1/2017,12:21:20,4202,Vegan mincepie
5/1/2017,12:21:20,4202,Cookies
5/1/2017,12:21:20,4202,Sandwich
5/1/2017,12:21:20,4202,Toast
5/1/2017,12:39:10,4203,Bread
5/1/2017,12:43:33,4204,Sandwich
5/1/2017,12:44:07,4205,Bread
5/1/2017,12:45:14,4206,Bread
5/1/2017,12:45:14,4206,Cookies
5/1/2017,12:45:14,4206,Frittata
5/1/2017,12:55:02,4208,Sandwich
5/1/2017,13:03:21,4209,Coffee
5/1/2017,13:05:10,4210,Frittata
5/1/2017,13:05:10,4210,Tea
5/1/2017,13:05:10,4210,Truffles
5/1/2017,13:13:37,4211,Coffee
5/1/2017,13:13:37,4211,Truffles
5/1/2017,13:13:37,4211,Frittata
5/1/2017,13:13:37,4211,Pastry
5/1/2017,13:13:37,4211,Fudge
5/1/2017,13:19:16,4212,Juice
5/1/2017,13:19:16,4212,Sandwich
5/1/2017,13:19:16,4212,Sandwich
5/1/2017,13:20:40,4213,Pastry
5/1/2017,13:25:59,4214,Sandwich
5/1/2017,13:25:59,4214,Medialuna
5/1/2017,13:30:19,4215,Coffee
5/1/2017,13:30:19,4215,Juice
5/1/2017,13:37:36,4216,Bread
5/1/2017,13:47:02,4217,Bread
5/1/2017,14:01:47,4218,Brownie
5/1/2017,14:09:21,4219,Bread
5/1/2017,14:35:04,4220,Coffee
5/1/2017,14:36:32,4221,Eggs
5/1/2017,14:41:15,4222,Bread
5/1/2017,15:04:59,4223,Coffee
5/1/2017,15:04:59,4223,Bread
5/1/2017,15:07:26,4224,Truffles
5/1/2017,15:07:26,4224,Bread
5/1/2017,15:32:49,4225,Toast
5/1/2017,15:32:49,4225,Coffee
5/1/2017,15:32:49,4225,Juice
5/1/2017,15:56:35,4226,Coffee
5/1/2017,15:56:35,4226,Coffee
5/1/2017,15:56:35,4226,Bread
5/1/2017,17:01:16,4227,Bread
6/1/2017,8:32:44,4228,Coffee
6/1/2017,8:35:55,4229,Bread
6/1/2017,8:44:47,4230,Tea
6/1/2017,8:44:47,4230,Toast
6/1/2017,8:58:27,4231,Toast
6/1/2017,8:58:27,4231,Coffee
6/1/2017,9:05:09,4232,Bread
6/1/2017,9:10:00,4233,Tea
6/1/2017,9:10:00,4233,Coffee
6/1/2017,9:10:00,4233,Coffee
6/1/2017,9:10:00,4233,Toast
6/1/2017,9:11:17,4234,Coffee
6/1/2017,9:11:17,4234,Cookies
6/1/2017,9:11:17,4234,Toast
6/1/2017,9:29:34,4235,Bread
6/1/2017,9:42:47,4236,Coffee
6/1/2017,9:42:47,4236,Toast
6/1/2017,10:14:52,4237,Coffee
6/1/2017,10:14:52,4237,Coffee
6/1/2017,10:14:52,4237,Coffee
6/1/2017,10:14:52,4237,Cookies
6/1/2017,10:14:52,4237,Cookies
6/1/2017,10:16:16,4238,Coffee
6/1/2017,10:16:16,4238,Medialuna
6/1/2017,10:21:08,4239,Bread
6/1/2017,10:21:08,4239,Cookies
6/1/2017,10:46:13,4240,Coffee
6/1/2017,10:46:13,4240,Toast
6/1/2017,10:54:58,4241,Coffee
6/1/2017,10:54:58,4241,Muffin
6/1/2017,11:01:01,4242,Tea
6/1/2017,11:01:01,4242,Cookies
6/1/2017,11:01:01,4242,Cake
6/1/2017,11:01:01,4242,Medialuna
6/1/2017,11:12:39,4243,Medialuna
6/1/2017,11:12:39,4243,Bread
6/1/2017,11:12:39,4243,Coffee
6/1/2017,11:12:39,4243,Coffee
6/1/2017,11:12:39,4243,Scandinavian
6/1/2017,11:21:34,4244,Medialuna
6/1/2017,11:21:34,4244,Coffee
6/1/2017,12:07:19,4245,Medialuna
6/1/2017,12:07:19,4245,Coffee
6/1/2017,12:07:19,4245,Bread
6/1/2017,12:07:19,4245,Frittata
6/1/2017,12:07:19,4245,Muffin
6/1/2017,12:25:33,4246,Coffee
6/1/2017,12:25:33,4246,Medialuna
6/1/2017,12:26:05,4247,Coffee
6/1/2017,12:32:02,4248,Bread
6/1/2017,12:33:09,4249,Bread
6/1/2017,12:33:33,4250,Coke
6/1/2017,12:46:37,4251,Coffee
6/1/2017,12:46:37,4251,Bread
6/1/2017,12:46:37,4251,Bread
6/1/2017,12:49:59,4252,Coffee
6/1/2017,12:57:00,4253,Sandwich
6/1/2017,13:27:31,4254,Bread
6/1/2017,13:31:50,4256,Coffee
6/1/2017,13:47:44,4257,Coffee
6/1/2017,13:47:44,4257,Coffee
6/1/2017,13:47:44,4257,Sandwich
6/1/2017,14:01:25,4258,Coffee
6/1/2017,14:01:25,4258,Pastry
6/1/2017,14:04:54,4259,Bread
6/1/2017,14:04:54,4259,Cake
6/1/2017,14:07:27,4260,Bread
6/1/2017,14:12:38,4261,Bread
6/1/2017,14:13:16,4262,Sandwich
6/1/2017,14:17:59,4263,Afternoon with the baker
6/1/2017,14:24:07,4264,Juice
6/1/2017,14:33:03,4265,Coffee
6/1/2017,15:03:17,4266,Farm House
6/1/2017,15:03:17,4266,Scone
6/1/2017,15:07:46,4267,Coffee
6/1/2017,15:56:35,4268,Farm House
6/1/2017,16:08:08,4269,Coffee
6/1/2017,16:08:08,4269,Coffee
6/1/2017,16:08:08,4269,Bread
6/1/2017,16:08:08,4269,Pastry
6/1/2017,16:09:40,4270,Coffee
6/1/2017,16:09:40,4270,Frittata
6/1/2017,16:09:40,4270,Bread
6/1/2017,16:09:40,4270,Tea
7/1/2017,8:23:46,4271,Pastry
7/1/2017,8:44:16,4272,Bread
7/1/2017,8:44:16,4272,Medialuna
7/1/2017,8:52:19,4273,Coffee
7/1/2017,8:52:19,4273,Coffee
7/1/2017,9:02:37,4274,Bread
7/1/2017,9:04:00,4275,Coffee
7/1/2017,9:04:00,4275,Hot chocolate
7/1/2017,9:38:40,4276,Bread
7/1/2017,9:38:40,4276,Bread
7/1/2017,9:41:59,4277,Medialuna
7/1/2017,9:41:59,4277,Medialuna
7/1/2017,9:48:16,4278,Coffee
7/1/2017,9:53:27,4279,Bread
7/1/2017,9:55:55,4280,Pastry
7/1/2017,9:55:55,4280,Bread
7/1/2017,9:56:32,4281,Coffee
7/1/2017,9:56:32,4281,Medialuna
7/1/2017,10:09:45,4283,Tea
7/1/2017,10:09:45,4283,Cake
7/1/2017,10:10:33,4284,Coffee
7/1/2017,10:10:33,4284,Bread
7/1/2017,10:12:02,4285,Coffee
7/1/2017,10:12:02,4285,Medialuna
7/1/2017,10:12:02,4285,Bread
7/1/2017,10:22:31,4286,Coffee
7/1/2017,10:31:19,4287,Bread
7/1/2017,10:33:26,4288,Coffee
7/1/2017,10:33:26,4288,Scone
7/1/2017,10:37:18,4289,Pastry
7/1/2017,10:40:30,4290,Coffee
7/1/2017,10:40:30,4290,Pastry
7/1/2017,10:42:41,4291,Coffee
7/1/2017,10:42:41,4291,Coffee
7/1/2017,10:42:41,4291,Toast
7/1/2017,10:42:41,4291,Scone
7/1/2017,10:48:33,4292,Coffee
7/1/2017,10:48:33,4292,Coffee
7/1/2017,11:10:49,4293,Scandinavian
7/1/2017,11:11:51,4294,Coffee
7/1/2017,11:12:26,4295,Coffee
7/1/2017,11:12:26,4295,Coffee
7/1/2017,11:12:26,4295,Pastry
7/1/2017,11:12:26,4295,Bread
7/1/2017,11:22:57,4296,Bread
7/1/2017,11:26:39,4297,Coffee
7/1/2017,11:26:39,4297,Coffee
7/1/2017,11:30:20,4298,Sandwich
7/1/2017,11:30:20,4298,Bread
7/1/2017,11:30:20,4298,Hot chocolate
7/1/2017,11:30:20,4298,Bread
7/1/2017,11:33:57,4299,Coffee
7/1/2017,11:33:57,4299,Coffee
7/1/2017,11:33:57,4299,Pastry
7/1/2017,11:38:37,4300,Bread
7/1/2017,11:41:57,4302,Bread
7/1/2017,11:41:57,4302,Bread
7/1/2017,11:47:32,4303,Coffee
7/1/2017,11:52:56,4304,Scandinavian
7/1/2017,11:53:59,4305,Cake
7/1/2017,11:55:03,4306,Scandinavian
7/1/2017,11:55:03,4306,Bread
7/1/2017,11:57:27,4307,Coffee
7/1/2017,11:57:27,4307,Bread
7/1/2017,12:02:28,4308,Medialuna
7/1/2017,12:02:28,4308,Coffee
7/1/2017,12:05:50,4309,Frittata
7/1/2017,12:05:50,4309,Tea
7/1/2017,12:23:14,4310,Coffee
7/1/2017,12:23:14,4310,Coffee
7/1/2017,12:23:14,4310,Jammie Dodgers
7/1/2017,12:23:14,4310,Scone
7/1/2017,12:42:19,4311,Coffee
7/1/2017,12:49:55,4312,Bread
7/1/2017,12:49:55,4312,Jammie Dodgers
7/1/2017,12:49:55,4312,Tea
7/1/2017,12:49:55,4312,Coffee
7/1/2017,12:52:00,4313,Coffee
7/1/2017,12:52:00,4313,Coffee
7/1/2017,12:53:14,4314,Sandwich
7/1/2017,12:53:14,4314,Smoothies
7/1/2017,12:53:14,4314,Truffles
7/1/2017,12:53:14,4314,Mineral water
7/1/2017,12:59:35,4315,Bread
7/1/2017,12:59:35,4315,Coffee
7/1/2017,13:00:19,4316,Sandwich
7/1/2017,13:00:19,4316,Coffee
7/1/2017,13:01:46,4317,Hot chocolate
7/1/2017,13:01:46,4317,Tea
7/1/2017,13:12:27,4319,Sandwich
7/1/2017,13:12:27,4319,Coke
7/1/2017,13:15:15,4320,Farm House
7/1/2017,13:18:26,4321,Coffee
7/1/2017,13:18:26,4321,Jammie Dodgers
7/1/2017,13:19:07,4322,Afternoon with the baker
7/1/2017,13:26:25,4323,Bread
7/1/2017,13:26:25,4323,Scandinavian
7/1/2017,13:29:19,4324,Medialuna
7/1/2017,13:29:19,4324,Scone
7/1/2017,13:29:19,4324,Focaccia
7/1/2017,13:30:34,4325,Bread
7/1/2017,13:34:30,4326,Sandwich
7/1/2017,13:34:30,4326,Coffee
7/1/2017,13:36:18,4327,Medialuna
7/1/2017,13:36:18,4327,Bread
7/1/2017,13:38:33,4328,Bread
7/1/2017,13:38:56,4329,Bread
7/1/2017,13:42:27,4330,Sandwich
7/1/2017,13:42:27,4330,Sandwich
7/1/2017,13:42:27,4330,Truffles
7/1/2017,13:45:11,4331,Scandinavian
7/1/2017,13:51:28,4332,Muffin
7/1/2017,13:53:24,4333,Coffee
7/1/2017,13:53:24,4333,Coffee
7/1/2017,13:53:24,4333,Bread
7/1/2017,13:53:24,4333,Scone
7/1/2017,14:12:39,4334,Tea
7/1/2017,14:12:39,4334,Hot chocolate
7/1/2017,14:12:39,4334,Coffee
7/1/2017,14:12:39,4334,Scone
7/1/2017,14:12:39,4334,Sandwich
7/1/2017,14:22:46,4335,Coffee
7/1/2017,14:22:46,4335,Tea
7/1/2017,14:24:24,4336,Scandinavian
7/1/2017,14:25:32,4337,Tea
7/1/2017,14:25:32,4337,Coffee
7/1/2017,14:25:32,4337,Frittata
7/1/2017,14:27:17,4338,Coffee
7/1/2017,14:27:17,4338,Coffee
7/1/2017,14:27:17,4338,Frittata
7/1/2017,14:27:17,4338,Muffin
7/1/2017,14:27:17,4338,Scandinavian
7/1/2017,14:29:01,4339,Coffee
7/1/2017,14:31:10,4340,Tea
7/1/2017,14:31:10,4340,Bread
7/1/2017,14:38:01,4341,Sandwich
7/1/2017,14:38:01,4341,Coffee
7/1/2017,14:38:01,4341,Coffee
7/1/2017,14:38:01,4341,Muffin
7/1/2017,14:38:01,4341,Jammie Dodgers
7/1/2017,14:38:01,4341,Fudge
7/1/2017,14:38:01,4341,Bread
7/1/2017,14:44:21,4342,Coffee
7/1/2017,14:44:21,4342,Coffee
7/1/2017,14:48:52,4343,Focaccia
7/1/2017,14:50:10,4344,Bread
7/1/2017,14:50:10,4344,Truffles
7/1/2017,14:50:10,4344,Muffin
7/1/2017,14:54:50,4345,Coffee
7/1/2017,15:05:11,4346,Scone
7/1/2017,15:05:11,4346,Frittata
7/1/2017,15:05:11,4346,Tea
7/1/2017,15:05:11,4346,Bread
7/1/2017,15:14:26,4347,Tea
7/1/2017,15:14:26,4347,Truffles
7/1/2017,15:14:26,4347,Sandwich
7/1/2017,15:22:01,4348,Bread
7/1/2017,15:22:01,4348,Tea
7/1/2017,15:23:35,4349,Tea
7/1/2017,15:23:35,4349,Bread
7/1/2017,15:34:23,4350,Coffee
7/1/2017,15:34:23,4350,Hot chocolate
7/1/2017,15:34:23,4350,Bread
7/1/2017,15:34:23,4350,Cake
7/1/2017,15:34:23,4350,Sandwich
7/1/2017,15:38:18,4351,Coffee
7/1/2017,15:44:28,4352,Bread
7/1/2017,15:44:28,4352,Coffee
7/1/2017,15:44:28,4352,Coffee
7/1/2017,15:51:39,4353,Sandwich
7/1/2017,15:54:09,4354,Tea
7/1/2017,15:54:09,4354,Coffee
7/1/2017,15:54:09,4354,Tiffin
7/1/2017,15:54:09,4354,Scone
7/1/2017,16:01:50,4355,Scone
7/1/2017,16:02:44,4356,Scone
7/1/2017,16:02:44,4356,Farm House
7/1/2017,16:03:33,4357,Coffee
7/1/2017,16:03:33,4357,Coffee
7/1/2017,16:03:33,4357,Cake
7/1/2017,16:05:06,4358,Tea
7/1/2017,16:05:06,4358,Bread
7/1/2017,16:15:28,4359,Cake
7/1/2017,16:39:46,4360,Bread
7/1/2017,16:39:46,4360,Coffee
7/1/2017,16:58:26,4361,Truffles
7/1/2017,16:58:26,4361,Toast
7/1/2017,16:58:26,4361,Frittata
8/1/2017,9:00:57,4362,Bread
8/1/2017,9:00:57,4362,Pastry
8/1/2017,9:03:52,4363,Medialuna
8/1/2017,9:03:52,4363,Coffee
8/1/2017,9:26:41,4364,Medialuna
8/1/2017,9:26:41,4364,Pastry
8/1/2017,9:43:18,4365,Bread
8/1/2017,10:15:15,4366,Bread
8/1/2017,10:15:15,4366,Coffee
8/1/2017,10:15:15,4366,Medialuna
8/1/2017,10:49:08,4367,Bread
8/1/2017,11:14:35,4368,Coffee
8/1/2017,11:14:35,4368,Tiffin
8/1/2017,11:22:19,4369,Bread
8/1/2017,11:30:32,4370,Bread
8/1/2017,11:38:39,4371,Bread
8/1/2017,11:38:39,4371,Coffee
8/1/2017,11:38:39,4371,Medialuna
8/1/2017,12:00:54,4372,Tea
8/1/2017,12:00:54,4372,Muesli
8/1/2017,12:00:54,4372,Bread
8/1/2017,12:02:40,4373,Scandinavian
8/1/2017,12:07:41,4374,Coffee
8/1/2017,12:07:41,4374,Hot chocolate
8/1/2017,12:07:41,4374,Tiffin
8/1/2017,12:07:41,4374,Bread
8/1/2017,12:16:42,4375,Coffee
8/1/2017,12:19:31,4376,Tea
8/1/2017,12:19:31,4376,Smoothies
8/1/2017,12:19:31,4376,Sandwich
8/1/2017,12:30:06,4377,Tiffin
8/1/2017,12:30:06,4377,Bread
8/1/2017,12:30:06,4377,Smoothies
8/1/2017,12:30:06,4377,Coffee
8/1/2017,12:30:06,4377,Jammie Dodgers
8/1/2017,12:30:06,4377,Sandwich
8/1/2017,12:31:42,4378,Coffee
8/1/2017,12:31:42,4378,Bread
8/1/2017,12:46:16,4379,Coffee
8/1/2017,12:46:16,4379,Coffee
8/1/2017,12:46:16,4379,Sandwich
8/1/2017,12:46:16,4379,Sandwich
8/1/2017,12:55:40,4380,Bread
8/1/2017,12:56:26,4381,Bread
8/1/2017,12:59:04,4382,Coffee
8/1/2017,13:00:00,4383,Bread
8/1/2017,13:07:02,4384,Coffee
8/1/2017,13:13:07,4385,Vegan mincepie
8/1/2017,13:13:07,4385,Jammie Dodgers
8/1/2017,13:13:07,4385,Cake
8/1/2017,13:13:07,4385,Tiffin
8/1/2017,13:18:22,4386,Farm House
8/1/2017,13:23:39,4387,The Nomad
8/1/2017,13:23:39,4387,Tea
8/1/2017,13:25:10,4388,Bread
8/1/2017,13:30:42,4389,Coffee
8/1/2017,13:30:42,4389,Coffee
8/1/2017,13:30:42,4389,Hot chocolate
8/1/2017,13:30:42,4389,Hot chocolate
8/1/2017,13:30:42,4389,Cookies
8/1/2017,13:30:42,4389,Sandwich
8/1/2017,13:39:04,4390,Coffee
8/1/2017,13:55:05,4391,Coffee
8/1/2017,13:55:05,4391,Cake
8/1/2017,14:03:23,4392,Coffee
8/1/2017,14:03:23,4392,Truffles
8/1/2017,14:03:23,4392,The Nomad
8/1/2017,14:03:23,4392,Muffin
8/1/2017,14:05:58,4393,The Nomad
8/1/2017,14:05:58,4393,Frittata
8/1/2017,14:05:58,4393,Sandwich
8/1/2017,14:05:58,4393,Coffee
8/1/2017,14:05:58,4393,Coffee
8/1/2017,14:05:58,4393,Bread
8/1/2017,14:14:21,4394,Coffee
8/1/2017,14:14:21,4394,Coffee
8/1/2017,14:15:19,4395,Coffee
8/1/2017,14:15:19,4395,Coffee
8/1/2017,14:23:42,4396,Bread
8/1/2017,14:23:42,4396,Sandwich
8/1/2017,14:37:47,4397,Coffee
8/1/2017,14:37:47,4397,Coffee
8/1/2017,14:40:29,4398,Coffee
8/1/2017,14:40:29,4398,Bread
8/1/2017,14:40:29,4398,Cake
8/1/2017,14:40:29,4398,Tiffin
8/1/2017,14:53:28,4399,Tiffin
8/1/2017,14:53:28,4399,Muffin
8/1/2017,14:53:28,4399,The Nomad
8/1/2017,14:53:28,4399,Truffles
8/1/2017,14:53:28,4399,Bread
8/1/2017,14:56:51,4400,Tea
8/1/2017,14:57:23,4401,Juice
8/1/2017,15:02:13,4402,Bread
8/1/2017,15:02:13,4402,Vegan mincepie
8/1/2017,15:11:56,4403,Bread
8/1/2017,15:11:56,4403,Coffee
8/1/2017,15:11:56,4403,Medialuna
8/1/2017,15:11:56,4403,Hearty & Seasonal
8/1/2017,15:11:56,4403,Bread
8/1/2017,15:21:04,4404,Tea
8/1/2017,15:21:04,4404,Hot chocolate
8/1/2017,15:28:34,4405,Afternoon with the baker
9/1/2017,8:35:13,4406,Bread
9/1/2017,8:51:45,4407,Coffee
9/1/2017,9:01:09,4408,Bread
9/1/2017,9:01:36,4409,Bread
9/1/2017,9:18:34,4410,Tea
9/1/2017,9:40:09,4411,Juice
9/1/2017,9:40:09,4411,Pastry
9/1/2017,9:41:42,4412,Coffee
9/1/2017,9:43:35,4413,Coffee
9/1/2017,9:47:34,4414,Bread
9/1/2017,10:04:20,4415,Coffee
9/1/2017,10:04:20,4415,Toast
9/1/2017,10:04:20,4415,Cookies
9/1/2017,10:04:20,4415,Coffee
9/1/2017,10:07:47,4416,Bread
9/1/2017,10:09:31,4417,Coffee
9/1/2017,10:09:31,4417,Coffee
9/1/2017,10:09:31,4417,Pastry
9/1/2017,10:09:31,4417,Medialuna
9/1/2017,10:13:37,4418,Coffee
9/1/2017,10:13:37,4418,Coffee
9/1/2017,10:13:37,4418,Muffin
9/1/2017,10:18:51,4419,Coffee
9/1/2017,10:21:46,4420,Bread
9/1/2017,10:21:46,4420,Scone
9/1/2017,10:28:58,4421,Muffin
9/1/2017,10:28:58,4421,Coffee
9/1/2017,10:28:58,4421,Coffee
9/1/2017,10:58:33,4422,Bread
9/1/2017,11:00:24,4423,Coffee
9/1/2017,11:00:24,4423,Tea
9/1/2017,11:03:07,4424,Juice
9/1/2017,11:03:07,4424,Pastry
9/1/2017,11:03:07,4424,Medialuna
9/1/2017,11:11:56,4425,Pastry
9/1/2017,11:11:56,4425,Coffee
9/1/2017,11:30:18,4426,Coffee
9/1/2017,11:30:18,4426,Coffee
9/1/2017,11:30:18,4426,Cookies
9/1/2017,11:30:18,4426,Scone
9/1/2017,11:36:45,4427,Tea
9/1/2017,11:36:45,4427,Coffee
9/1/2017,11:55:19,4428,Coffee
9/1/2017,11:59:32,4429,Farm House
9/1/2017,11:59:32,4429,Farm House
9/1/2017,12:02:45,4430,Medialuna
9/1/2017,12:02:45,4430,Coke
9/1/2017,12:02:45,4430,Juice
9/1/2017,12:38:55,4431,Coffee
9/1/2017,12:39:06,4432,Coffee
9/1/2017,12:57:18,4433,Coffee
9/1/2017,12:57:18,4433,Tea
9/1/2017,12:57:18,4433,Cake
9/1/2017,13:00:30,4434,Coffee
9/1/2017,13:17:37,4435,Sandwich
9/1/2017,13:17:37,4435,Coffee
9/1/2017,13:17:37,4435,Scone
9/1/2017,13:39:04,4436,Tea
9/1/2017,13:39:04,4436,Toast
9/1/2017,13:40:31,4437,Coffee
9/1/2017,13:44:30,4438,Bread
9/1/2017,13:45:53,4439,Farm House
9/1/2017,14:00:11,4440,Tea
9/1/2017,14:00:11,4440,Jammie Dodgers
9/1/2017,14:00:11,4440,Scone
9/1/2017,14:30:11,4441,Coffee
9/1/2017,14:30:11,4441,Scone
9/1/2017,14:48:23,4442,The Nomad
9/1/2017,14:48:23,4442,Cake
9/1/2017,14:52:01,4443,Coffee
9/1/2017,14:52:01,4443,Coffee
9/1/2017,14:52:01,4443,Medialuna
9/1/2017,14:52:01,4443,Cake
9/1/2017,14:54:10,4444,Jammie Dodgers
9/1/2017,14:54:10,4444,Farm House
9/1/2017,15:13:04,4445,Coffee
9/1/2017,15:13:04,4445,Bread
9/1/2017,15:13:04,4445,Tea
9/1/2017,15:57:35,4446,Bread
9/1/2017,15:57:35,4446,Tea
9/1/2017,16:28:56,4447,Tea
9/1/2017,16:28:56,4447,Cookies
10/1/2017,8:38:53,4448,Bread
10/1/2017,9:02:15,4449,Coffee
10/1/2017,9:40:10,4450,Bread
10/1/2017,9:44:32,4451,Farm House
10/1/2017,9:44:32,4451,Coffee
10/1/2017,9:53:51,4452,Farm House
10/1/2017,9:57:32,4453,Tea
10/1/2017,9:57:32,4453,Cookies
10/1/2017,10:04:39,4454,Coffee
10/1/2017,10:17:08,4455,Bread
10/1/2017,10:52:29,4456,Hot chocolate
10/1/2017,10:52:29,4456,Pastry
10/1/2017,10:52:29,4456,Bread
10/1/2017,10:58:34,4457,Coffee
10/1/2017,10:58:34,4457,Cake
10/1/2017,11:37:18,4458,Tea
10/1/2017,11:40:58,4459,Bread
10/1/2017,11:51:29,4460,Bread
10/1/2017,11:56:59,4461,Coffee
10/1/2017,11:56:59,4461,Scone
10/1/2017,11:57:35,4462,Scone
10/1/2017,11:57:35,4462,Coffee
10/1/2017,11:58:18,4463,Coffee
10/1/2017,12:13:54,4464,Farm House
10/1/2017,12:13:54,4464,Scandinavian
10/1/2017,12:13:54,4464,Coffee
10/1/2017,12:13:54,4464,Toast
10/1/2017,12:13:54,4464,Cake
10/1/2017,12:21:00,4465,Coffee
10/1/2017,12:21:00,4465,Bread
10/1/2017,12:30:51,4468,Coffee
10/1/2017,12:30:51,4468,Farm House
10/1/2017,12:39:26,4471,Sandwich
10/1/2017,12:39:26,4471,Tea
10/1/2017,12:40:22,4472,Muffin
10/1/2017,12:44:54,4475,Sandwich
10/1/2017,12:44:54,4475,Coffee
10/1/2017,12:44:54,4475,Scone
10/1/2017,12:46:41,4476,Farm House
10/1/2017,13:00:15,4477,Sandwich
10/1/2017,13:03:09,4478,Coffee
10/1/2017,13:03:09,4478,Bread
10/1/2017,13:19:39,4479,Tea
10/1/2017,13:19:39,4479,Tea
10/1/2017,13:26:37,4480,Sandwich
10/1/2017,13:30:56,4482,Coke
10/1/2017,13:35:12,4483,Jammie Dodgers
10/1/2017,13:38:29,4484,Scone
10/1/2017,13:38:29,4484,Muffin
10/1/2017,13:38:29,4484,Pastry
10/1/2017,13:38:29,4484,Frittata
10/1/2017,13:44:03,4485,Cake
10/1/2017,13:45:01,4486,Pastry
10/1/2017,13:45:01,4486,Coffee
10/1/2017,13:47:51,4487,Cake
10/1/2017,13:47:51,4487,Cake
10/1/2017,14:07:16,4489,Hearty & Seasonal
10/1/2017,14:07:16,4489,Coffee
10/1/2017,14:07:16,4489,Tea
10/1/2017,14:13:28,4490,Fudge
10/1/2017,14:13:28,4490,Bread
10/1/2017,14:40:57,4491,Coffee
10/1/2017,15:02:19,4492,Bread
10/1/2017,15:05:33,4493,Coffee
10/1/2017,15:05:33,4493,Cake
10/1/2017,15:31:37,4494,Coffee
10/1/2017,15:54:09,4495,Coffee
10/1/2017,15:56:56,4496,Tea
10/1/2017,16:29:16,4497,Bread
10/1/2017,16:31:22,4498,Bread
10/1/2017,16:32:05,4499,Bread
11/1/2017,8:19:48,4500,Toast
11/1/2017,8:19:48,4500,Coffee
11/1/2017,8:19:48,4500,Coffee
11/1/2017,8:19:48,4500,Muffin
11/1/2017,9:09:53,4501,Medialuna
11/1/2017,9:09:53,4501,Medialuna
11/1/2017,9:09:53,4501,Hot chocolate
11/1/2017,9:09:53,4501,Coffee
11/1/2017,9:16:36,4502,Bread
11/1/2017,9:36:10,4503,Bread
11/1/2017,9:36:10,4503,Pastry
11/1/2017,9:38:55,4504,Bread
11/1/2017,9:39:52,4505,Coffee
11/1/2017,9:49:01,4506,Tea
11/1/2017,9:49:01,4506,Sandwich
11/1/2017,9:56:06,4507,Coffee
11/1/2017,10:27:12,4508,Medialuna
11/1/2017,10:27:12,4508,Coffee
11/1/2017,10:27:12,4508,Farm House
11/1/2017,10:40:30,4509,Coffee
11/1/2017,10:40:30,4509,Muffin
11/1/2017,10:41:40,4510,Hot chocolate
11/1/2017,10:41:40,4510,Coffee
11/1/2017,10:42:03,4511,Coffee
11/1/2017,10:43:23,4512,Tea
11/1/2017,10:43:23,4512,Toast
11/1/2017,10:43:23,4512,Tiffin
11/1/2017,10:43:23,4512,Muffin
11/1/2017,10:44:56,4513,Cookies
11/1/2017,10:44:56,4513,Bread
11/1/2017,10:44:56,4513,Farm House
11/1/2017,10:48:04,4514,Bread
11/1/2017,10:50:18,4515,Granola
11/1/2017,10:52:36,4516,Scone
11/1/2017,10:52:36,4516,Coffee
11/1/2017,10:52:36,4516,Coffee
11/1/2017,10:55:23,4517,Bread
11/1/2017,11:02:23,4518,Coffee
11/1/2017,11:02:23,4518,Medialuna
11/1/2017,11:08:02,4519,Coffee
11/1/2017,11:08:02,4519,Coffee
11/1/2017,11:08:02,4519,Pastry
11/1/2017,11:08:02,4519,Muffin
11/1/2017,11:12:05,4520,Hot chocolate
11/1/2017,11:12:05,4520,Coffee
11/1/2017,11:23:39,4521,Bread
11/1/2017,11:25:56,4522,Bread
11/1/2017,11:33:07,4524,Bread
11/1/2017,11:33:07,4524,Coffee
11/1/2017,11:33:54,4525,Bread
11/1/2017,12:12:23,4527,Coffee
11/1/2017,12:12:23,4527,Hearty & Seasonal
11/1/2017,12:13:55,4528,Bread
11/1/2017,12:31:13,4529,Coffee
11/1/2017,12:31:13,4529,Coffee
11/1/2017,12:31:13,4529,Art Tray
11/1/2017,12:31:13,4529,Sandwich
11/1/2017,12:31:13,4529,Bread
11/1/2017,13:06:54,4530,Bread
11/1/2017,13:06:54,4530,Cake
11/1/2017,13:32:00,4531,Muffin
11/1/2017,13:32:00,4531,Alfajores
11/1/2017,13:32:00,4531,Tiffin
11/1/2017,13:32:00,4531,Tea
11/1/2017,14:05:19,4532,Coffee
11/1/2017,14:09:21,4533,Scandinavian
11/1/2017,14:15:37,4534,Afternoon with the baker
11/1/2017,14:15:37,4534,Cake
11/1/2017,14:19:22,4535,Bread
11/1/2017,14:27:15,4536,Bread
11/1/2017,14:27:15,4536,Cake
11/1/2017,14:27:15,4536,Coffee
11/1/2017,14:27:15,4536,Tea
11/1/2017,14:27:15,4536,Scandinavian
11/1/2017,14:27:39,4537,Scandinavian
11/1/2017,14:39:59,4539,Coffee
11/1/2017,14:39:59,4539,Coffee
11/1/2017,14:46:38,4540,Bread
11/1/2017,14:46:38,4540,Sandwich
11/1/2017,14:51:56,4541,Afternoon with the baker
11/1/2017,14:55:01,4542,Cake
11/1/2017,15:01:42,4543,Tea
11/1/2017,15:35:36,4545,Coffee
11/1/2017,15:35:36,4545,Cake
11/1/2017,15:42:24,4546,Coffee
11/1/2017,15:49:43,4547,Coffee
11/1/2017,15:49:43,4547,Bread
11/1/2017,15:49:43,4547,Cake
11/1/2017,15:50:41,4548,Scone
11/1/2017,15:50:41,4548,Coffee
11/1/2017,16:46:41,4549,Hot chocolate
11/1/2017,16:46:41,4549,Hot chocolate
11/1/2017,16:58:08,4550,Tea
11/1/2017,16:58:08,4550,Cookies
11/1/2017,16:58:08,4550,Cake
12/1/2017,7:58:41,4551,Coffee
12/1/2017,9:07:32,4552,Pastry
12/1/2017,9:07:32,4552,Pastry
12/1/2017,9:07:32,4552,Tea
12/1/2017,9:07:32,4552,Bread
12/1/2017,9:26:58,4553,Coffee
12/1/2017,9:26:58,4553,Toast
12/1/2017,9:39:19,4554,Bread
12/1/2017,9:39:19,4554,Coffee
12/1/2017,9:41:41,4555,Coffee
12/1/2017,9:43:49,4556,Farm House
12/1/2017,9:47:34,4557,Tea
12/1/2017,9:47:34,4557,Coffee
12/1/2017,9:48:10,4558,Cookies
12/1/2017,9:51:12,4559,Coffee
12/1/2017,9:54:09,4560,Bread
12/1/2017,10:24:03,4561,Jammie Dodgers
12/1/2017,10:24:03,4561,Juice
12/1/2017,10:29:04,4562,Bread
12/1/2017,10:31:29,4563,Cake
12/1/2017,10:31:29,4563,Coffee
12/1/2017,10:31:29,4563,Tea
12/1/2017,10:49:49,4564,Hot chocolate
12/1/2017,10:55:57,4565,Coffee
12/1/2017,10:55:57,4565,Alfajores
12/1/2017,10:55:57,4565,Alfajores
12/1/2017,10:55:57,4565,Bread
12/1/2017,11:02:45,4566,Tiffin
12/1/2017,11:02:45,4566,Cookies
12/1/2017,11:02:45,4566,Coffee
12/1/2017,11:03:56,4567,Jammie Dodgers
12/1/2017,11:06:00,4568,Coffee
12/1/2017,11:06:00,4568,Tea
12/1/2017,11:06:00,4568,Cake
12/1/2017,11:06:00,4568,Toast
12/1/2017,11:08:22,4569,Coffee
12/1/2017,11:08:22,4569,Coffee
12/1/2017,11:14:43,4570,Coffee
12/1/2017,11:14:43,4570,Vegan mincepie
12/1/2017,11:20:05,4571,Bread
12/1/2017,11:20:05,4571,Tea
12/1/2017,11:22:01,4572,Toast
12/1/2017,11:22:01,4572,Coffee
12/1/2017,11:22:01,4572,Coffee
12/1/2017,11:30:44,4573,Tea
12/1/2017,11:42:40,4574,Coffee
12/1/2017,11:44:22,4575,Cake
12/1/2017,11:50:14,4576,Coffee
12/1/2017,11:52:27,4577,Bread
12/1/2017,11:53:56,4578,Toast
12/1/2017,11:53:56,4578,Coffee
12/1/2017,11:56:30,4579,Cookies
12/1/2017,12:30:43,4581,Tea
12/1/2017,12:30:43,4581,Toast
12/1/2017,12:51:28,4582,Farm House
12/1/2017,13:49:12,4583,Coke
12/1/2017,13:50:56,4584,Coke
12/1/2017,14:14:31,4585,Bread
12/1/2017,14:53:44,4586,Toast
12/1/2017,15:16:10,4587,Bread
12/1/2017,15:16:10,4587,Tiffin
12/1/2017,15:16:10,4587,Coffee
12/1/2017,15:25:38,4588,Coffee
12/1/2017,15:25:38,4588,Jammie Dodgers
12/1/2017,15:25:38,4588,Frittata
12/1/2017,15:44:11,4589,Frittata
12/1/2017,15:44:11,4589,Coffee
12/1/2017,15:44:11,4589,Coffee
12/1/2017,15:47:27,4590,Tea
12/1/2017,15:47:27,4590,Bread
12/1/2017,16:01:31,4591,Coffee
12/1/2017,16:39:29,4592,Bread
13/1/2017,9:03:20,4593,Tea
13/1/2017,9:03:43,4594,Scandinavian
13/1/2017,9:35:08,4595,Farm House
13/1/2017,9:35:08,4595,Hot chocolate
13/1/2017,9:35:08,4595,Coffee
13/1/2017,9:43:00,4596,Pastry
13/1/2017,9:43:00,4596,Scandinavian
13/1/2017,9:49:54,4597,Coffee
13/1/2017,9:49:54,4597,Coffee
13/1/2017,9:49:54,4597,Toast
13/1/2017,9:49:54,4597,Coffee
13/1/2017,10:34:55,4598,Bread
13/1/2017,10:41:00,4599,Coffee
13/1/2017,10:41:00,4599,Coffee
13/1/2017,10:41:00,4599,Coffee
13/1/2017,10:41:00,4599,Cake
13/1/2017,10:41:00,4599,Cookies
13/1/2017,10:43:42,4600,Bread
13/1/2017,10:43:42,4600,Toast
13/1/2017,11:10:07,4601,Coffee
13/1/2017,11:10:07,4601,Sandwich
13/1/2017,11:10:07,4601,Bread
13/1/2017,11:16:38,4602,Coffee
13/1/2017,11:46:59,4603,Bread
13/1/2017,11:46:59,4603,Scandinavian
13/1/2017,11:48:57,4604,Coffee
13/1/2017,11:48:57,4604,Medialuna
13/1/2017,11:48:57,4604,Alfajores
13/1/2017,11:55:56,4605,Coffee
13/1/2017,11:57:40,4606,Pastry
13/1/2017,11:57:40,4606,Coffee
13/1/2017,12:05:56,4607,Coffee
13/1/2017,12:05:56,4607,Coffee
13/1/2017,12:05:56,4607,Juice
13/1/2017,12:12:05,4608,Coffee
13/1/2017,12:13:18,4609,Coffee
13/1/2017,12:13:18,4609,Bread
13/1/2017,12:13:18,4609,Salad
13/1/2017,12:13:18,4609,Pastry
13/1/2017,12:17:54,4610,Coffee
13/1/2017,12:30:15,4611,Bread
13/1/2017,12:33:39,4612,Bread
13/1/2017,12:37:14,4613,Hot chocolate
13/1/2017,12:39:06,4614,Coffee
13/1/2017,12:39:06,4614,Toast
13/1/2017,12:46:27,4615,Sandwich
13/1/2017,12:48:55,4616,Truffles
13/1/2017,12:56:49,4617,Medialuna
13/1/2017,12:56:49,4617,Cake
13/1/2017,12:56:49,4617,Toast
13/1/2017,12:56:49,4617,Coffee
13/1/2017,12:56:49,4617,Coffee
13/1/2017,12:57:20,4618,Coffee
13/1/2017,12:58:59,4619,Coffee
13/1/2017,12:58:59,4619,Cake
13/1/2017,12:58:59,4619,Vegan mincepie
13/1/2017,12:59:38,4620,Bread
13/1/2017,13:11:28,4622,Farm House
13/1/2017,13:12:30,4623,Coffee
13/1/2017,13:26:52,4624,Scone
13/1/2017,13:26:52,4624,Tea
13/1/2017,13:26:52,4624,Sandwich
13/1/2017,13:49:48,4625,Bread
13/1/2017,13:49:48,4625,Coffee
13/1/2017,14:01:18,4626,Coffee
13/1/2017,14:01:18,4626,Jammie Dodgers
13/1/2017,14:05:38,4627,Tea
13/1/2017,14:05:38,4627,Coffee
13/1/2017,14:05:38,4627,Toast
13/1/2017,14:16:14,4628,Tea
13/1/2017,14:16:14,4628,Coffee
13/1/2017,14:16:14,4628,Bread
13/1/2017,14:16:14,4628,Salad
13/1/2017,14:16:14,4628,Tiffin
13/1/2017,14:26:26,4629,Cake
13/1/2017,14:26:26,4629,Pastry
13/1/2017,14:26:26,4629,Pastry
13/1/2017,14:26:26,4629,Alfajores
13/1/2017,14:26:26,4629,Alfajores
13/1/2017,14:26:26,4629,Coffee
13/1/2017,14:26:26,4629,Bread
13/1/2017,14:53:36,4630,Coffee
13/1/2017,14:53:36,4630,Scone
13/1/2017,15:04:27,4631,Tea
13/1/2017,15:09:25,4632,Brownie
13/1/2017,15:09:25,4632,Pastry
13/1/2017,15:09:25,4632,Coffee
13/1/2017,15:46:00,4634,Bread
13/1/2017,15:50:04,4635,Tea
13/1/2017,15:53:52,4636,Scone
13/1/2017,15:58:07,4637,Bread
13/1/2017,15:58:49,4638,Tea
13/1/2017,15:58:49,4638,Scone
13/1/2017,16:08:40,4639,Coffee
13/1/2017,16:08:40,4639,Tea
13/1/2017,16:08:40,4639,Scone
13/1/2017,16:08:40,4639,Cake
13/1/2017,16:12:48,4640,Coffee
13/1/2017,16:12:48,4640,Truffles
13/1/2017,16:12:48,4640,Cake
13/1/2017,16:12:48,4640,Vegan mincepie
13/1/2017,16:14:14,4641,Bread
13/1/2017,16:40:01,4642,Hot chocolate
13/1/2017,16:40:01,4642,Medialuna
13/1/2017,17:04:08,4643,Tea
13/1/2017,17:04:08,4643,Hot chocolate
13/1/2017,17:04:08,4643,Cookies
13/1/2017,17:04:08,4643,Jammie Dodgers
13/1/2017,17:04:08,4643,Bread
14/1/2017,8:57:28,4644,Bread
14/1/2017,9:07:21,4645,Coffee
14/1/2017,9:07:21,4645,Coffee
14/1/2017,9:07:21,4645,Toast
14/1/2017,9:09:40,4646,Coffee
14/1/2017,9:15:38,4647,Scandinavian
14/1/2017,9:15:38,4647,Bread
14/1/2017,9:37:51,4649,Tea
14/1/2017,9:37:51,4649,Cookies
14/1/2017,9:37:51,4649,Tiffin
14/1/2017,9:37:51,4649,Brownie
14/1/2017,9:37:51,4649,Coffee
14/1/2017,9:42:13,4650,Tiffin
14/1/2017,9:43:10,4651,Coffee
14/1/2017,9:45:45,4652,Coffee
14/1/2017,9:45:45,4652,Toast
14/1/2017,9:45:45,4652,Tiffin
14/1/2017,9:45:45,4652,Farm House
14/1/2017,9:50:07,4653,Hot chocolate
14/1/2017,9:50:07,4653,Bread
14/1/2017,9:50:07,4653,Medialuna
14/1/2017,9:50:07,4653,Toast
14/1/2017,9:51:00,4654,Hot chocolate
14/1/2017,9:51:00,4654,Bread
14/1/2017,9:51:00,4654,Medialuna
14/1/2017,9:51:00,4654,Toast
14/1/2017,9:52:07,4655,Hot chocolate
14/1/2017,9:52:07,4655,Bread
14/1/2017,9:52:07,4655,Medialuna
14/1/2017,9:52:07,4655,Toast
14/1/2017,9:55:22,4656,Alfajores
14/1/2017,9:55:22,4656,Scone
14/1/2017,9:59:31,4657,Coffee
14/1/2017,9:59:31,4657,Cookies
14/1/2017,10:04:21,4658,Coffee
14/1/2017,10:19:46,4659,Brownie
14/1/2017,10:19:46,4659,Pastry
14/1/2017,10:19:46,4659,Bread
14/1/2017,10:22:03,4660,Bread
14/1/2017,10:29:06,4661,Pastry
14/1/2017,10:29:06,4661,Bread
14/1/2017,10:31:32,4662,Coffee
14/1/2017,10:42:40,4663,Coffee
14/1/2017,10:42:40,4663,Hot chocolate
14/1/2017,10:42:40,4663,Hearty & Seasonal
14/1/2017,10:42:40,4663,Bread
14/1/2017,10:47:13,4664,Coffee
14/1/2017,10:50:46,4665,Bread
14/1/2017,10:55:30,4666,Cake
14/1/2017,11:07:54,4667,Coffee
14/1/2017,11:07:54,4667,Coffee
14/1/2017,11:07:54,4667,Cookies
14/1/2017,11:07:54,4667,Scone
14/1/2017,11:17:29,4668,Coffee
14/1/2017,11:17:29,4668,Coffee
14/1/2017,11:17:29,4668,Medialuna
14/1/2017,11:17:29,4668,Cake
14/1/2017,11:17:29,4668,Tiffin
14/1/2017,11:26:23,4669,Coffee
14/1/2017,11:26:23,4669,Medialuna
14/1/2017,11:26:23,4669,Medialuna
14/1/2017,11:26:23,4669,Medialuna
14/1/2017,11:32:01,4670,Tea
14/1/2017,11:32:01,4670,Truffles
14/1/2017,11:32:01,4670,Medialuna
14/1/2017,11:33:09,4671,Pastry
14/1/2017,11:33:09,4671,Coffee
14/1/2017,11:36:11,4672,Coffee
14/1/2017,11:36:11,4672,Coffee
14/1/2017,11:36:11,4672,Hot chocolate
14/1/2017,11:37:22,4673,Scandinavian
14/1/2017,11:39:45,4674,Coffee
14/1/2017,11:39:45,4674,Coffee
14/1/2017,11:39:45,4674,Tea
14/1/2017,11:39:45,4674,Scone
14/1/2017,11:47:54,4675,Coffee
14/1/2017,11:49:58,4676,Hot chocolate
14/1/2017,11:49:58,4676,Coffee
14/1/2017,11:49:58,4676,Bread
14/1/2017,11:49:58,4676,Scone
14/1/2017,11:49:58,4676,Cookies
14/1/2017,11:49:58,4676,Hearty & Seasonal
14/1/2017,12:00:12,4677,Bread
14/1/2017,12:21:27,4678,Bread
14/1/2017,12:23:26,4679,Coffee
14/1/2017,12:23:26,4679,Alfajores
14/1/2017,12:23:26,4679,Pastry
14/1/2017,12:26:29,4680,Cake
14/1/2017,12:26:29,4680,Tiffin
14/1/2017,12:26:29,4680,Bread
14/1/2017,12:26:29,4680,Hot chocolate
14/1/2017,12:26:29,4680,Coffee
14/1/2017,12:29:21,4681,Cake
14/1/2017,12:29:21,4681,Farm House
14/1/2017,12:32:31,4682,Coffee
14/1/2017,12:32:31,4682,Pastry
14/1/2017,12:35:24,4683,Coffee
14/1/2017,12:35:24,4683,Alfajores
14/1/2017,12:36:28,4684,Tea
14/1/2017,12:36:53,4685,Coffee
14/1/2017,12:36:53,4685,Hearty & Seasonal
14/1/2017,12:38:56,4686,Coffee
14/1/2017,12:38:56,4686,Coffee
14/1/2017,12:42:30,4687,Bread
14/1/2017,12:42:30,4687,Tea
14/1/2017,12:42:30,4687,Tiffin
14/1/2017,12:43:37,4688,Tea
14/1/2017,12:48:29,4689,Bread
14/1/2017,12:53:30,4690,Coffee
14/1/2017,12:53:30,4690,Tea
14/1/2017,12:53:44,4691,Bread
14/1/2017,12:55:14,4692,Coffee
14/1/2017,12:55:14,4692,Tea
14/1/2017,12:55:14,4692,Tea
14/1/2017,12:55:14,4692,Hearty & Seasonal
14/1/2017,12:55:14,4692,Tiffin
14/1/2017,12:55:14,4692,Bread
14/1/2017,12:55:14,4692,Cake
14/1/2017,12:56:01,4693,Bread
14/1/2017,13:03:29,4694,Bread
14/1/2017,13:45:41,4695,Hot chocolate
14/1/2017,13:48:20,4696,Coffee
14/1/2017,13:48:20,4696,Coffee
14/1/2017,13:48:20,4696,Brownie
14/1/2017,13:48:20,4696,Pastry
14/1/2017,13:48:20,4696,Bread
14/1/2017,13:49:32,4697,Scone
14/1/2017,14:01:27,4698,Coffee
14/1/2017,14:01:27,4698,Brownie
14/1/2017,14:01:27,4698,Alfajores
14/1/2017,14:01:27,4698,Toast
14/1/2017,14:01:27,4698,Juice
14/1/2017,14:03:34,4699,Coffee
14/1/2017,14:03:34,4699,Coffee
14/1/2017,14:03:34,4699,Tea
14/1/2017,14:03:34,4699,Bread
14/1/2017,14:03:34,4699,Cake
14/1/2017,14:03:34,4699,Alfajores
14/1/2017,14:03:34,4699,Toast
14/1/2017,14:11:38,4701,Hearty & Seasonal
14/1/2017,14:11:38,4701,Sandwich
14/1/2017,14:11:38,4701,Coffee
14/1/2017,14:15:34,4702,Juice
14/1/2017,14:15:34,4702,Hot chocolate
14/1/2017,14:15:34,4702,Coffee
14/1/2017,14:15:34,4702,Hearty & Seasonal
14/1/2017,14:18:34,4703,Brownie
14/1/2017,14:18:34,4703,Bread
14/1/2017,14:30:22,4704,Coffee
14/1/2017,14:30:22,4704,Coffee
14/1/2017,14:30:22,4704,Cake
14/1/2017,14:30:22,4704,Sandwich
14/1/2017,14:30:22,4704,Hearty & Seasonal
14/1/2017,14:32:14,4705,Coffee
14/1/2017,14:34:01,4706,Fudge
14/1/2017,14:36:53,4707,Tiffin
14/1/2017,14:36:53,4707,Scone
14/1/2017,14:36:53,4707,Tea
14/1/2017,14:39:18,4708,Coffee
14/1/2017,14:39:18,4708,Sandwich
14/1/2017,14:50:59,4709,Frittata
14/1/2017,14:50:59,4709,Tea
14/1/2017,14:50:59,4709,Bread
14/1/2017,14:57:12,4710,Coffee
14/1/2017,15:16:59,4711,Farm House
14/1/2017,15:48:35,4712,Bread
14/1/2017,15:48:35,4712,Cake
14/1/2017,15:48:35,4712,Alfajores
14/1/2017,15:48:35,4712,Bread
14/1/2017,15:58:32,4713,Coffee
14/1/2017,15:58:32,4713,Bread
14/1/2017,15:58:32,4713,Cake
14/1/2017,15:59:18,4714,Mineral water
14/1/2017,16:01:25,4715,Bread
14/1/2017,16:15:00,4716,Focaccia
14/1/2017,16:20:29,4717,Tea
14/1/2017,16:20:29,4717,Bread
14/1/2017,16:23:00,4718,Scandinavian
14/1/2017,16:45:16,4719,Cake
14/1/2017,16:46:31,4720,Tiffin
14/1/2017,16:56:13,4721,Muffin
14/1/2017,16:56:13,4721,Cookies
14/1/2017,16:57:58,4722,Coffee
14/1/2017,16:57:58,4722,Cake
14/1/2017,18:15:52,4723,Afternoon with the baker
14/1/2017,18:16:04,4724,Afternoon with the baker
14/1/2017,18:16:42,4725,Afternoon with the baker
15/1/2017,9:43:12,4726,Coffee
15/1/2017,9:43:12,4726,Cake
15/1/2017,9:56:43,4727,Medialuna
15/1/2017,10:05:53,4728,Cake
15/1/2017,10:05:53,4728,Bread
15/1/2017,10:05:53,4728,Jammie Dodgers
15/1/2017,10:33:50,4729,Bread
15/1/2017,10:36:43,4730,Coffee
15/1/2017,10:36:43,4730,The Nomad
15/1/2017,10:38:20,4731,The Nomad
15/1/2017,10:38:20,4731,Tea
15/1/2017,10:38:20,4731,Bread
15/1/2017,10:38:20,4731,Tiffin
15/1/2017,10:39:21,4732,Coffee
15/1/2017,10:39:21,4732,Bread
15/1/2017,10:42:50,4733,Coffee
15/1/2017,11:11:29,4734,Bread
15/1/2017,11:11:29,4734,Coffee
15/1/2017,11:11:29,4734,Brioche and salami
15/1/2017,11:19:32,4735,Coffee
15/1/2017,11:19:32,4735,Coffee
15/1/2017,11:19:32,4735,Granola
15/1/2017,11:19:32,4735,Bread
15/1/2017,11:36:55,4736,Coffee
15/1/2017,11:36:55,4736,Coffee
15/1/2017,11:36:55,4736,Juice
15/1/2017,11:36:55,4736,Cake
15/1/2017,11:36:55,4736,Scone
15/1/2017,11:37:56,4737,Coffee
15/1/2017,11:37:56,4737,Bread
15/1/2017,11:38:19,4738,Bread
15/1/2017,11:38:19,4738,Bread
15/1/2017,11:39:11,4739,Bread
15/1/2017,11:52:11,4740,Bread
15/1/2017,11:52:11,4740,Farm House
15/1/2017,11:56:30,4741,Medialuna
15/1/2017,11:56:30,4741,Pastry
15/1/2017,11:56:30,4741,Coffee
15/1/2017,11:56:30,4741,Coffee
15/1/2017,11:56:30,4741,Bread
15/1/2017,12:17:16,4742,Coffee
15/1/2017,12:17:16,4742,Bread
15/1/2017,12:17:16,4742,Farm House
15/1/2017,12:29:25,4743,Coffee
15/1/2017,12:29:25,4743,Pastry
15/1/2017,12:31:51,4744,Pastry
15/1/2017,12:31:51,4744,Bread
15/1/2017,12:49:03,4745,Bread
15/1/2017,12:51:52,4746,Coffee
15/1/2017,12:51:52,4746,Bread
15/1/2017,13:08:45,4747,Coffee
15/1/2017,13:12:20,4748,Bread
15/1/2017,13:12:20,4748,Juice
15/1/2017,13:12:20,4748,Jammie Dodgers
15/1/2017,13:12:20,4748,Brownie
15/1/2017,13:19:23,4749,Toast
15/1/2017,13:19:23,4749,Granola
15/1/2017,13:19:23,4749,Pastry
15/1/2017,13:19:23,4749,Coffee
15/1/2017,13:19:23,4749,Bread
15/1/2017,13:26:19,4750,Coffee
15/1/2017,13:26:19,4750,Cake
15/1/2017,13:26:19,4750,Tiffin
15/1/2017,13:26:19,4750,Granola
15/1/2017,13:45:43,4751,Gingerbread syrup
15/1/2017,13:45:43,4751,Coffee
15/1/2017,14:00:55,4752,Hearty & Seasonal
15/1/2017,14:00:55,4752,Coffee
15/1/2017,14:00:55,4752,Cake
15/1/2017,14:04:43,4753,Pastry
15/1/2017,14:04:43,4753,Tea
15/1/2017,14:04:43,4753,Coffee
15/1/2017,14:04:43,4753,Bread
15/1/2017,14:18:51,4754,Coffee
15/1/2017,14:18:51,4754,Alfajores
15/1/2017,14:29:57,4756,Medialuna
15/1/2017,14:29:57,4756,Jammie Dodgers
15/1/2017,14:29:57,4756,Muffin
15/1/2017,14:29:57,4756,Sandwich
15/1/2017,14:40:27,4757,Bread
15/1/2017,14:41:29,4758,Coffee
15/1/2017,14:41:29,4758,Tea
15/1/2017,14:41:29,4758,Juice
15/1/2017,14:42:11,4759,Alfajores
15/1/2017,14:58:18,4760,Hearty & Seasonal
15/1/2017,14:58:18,4760,Truffles
15/1/2017,14:58:18,4760,Mineral water
15/1/2017,14:58:18,4760,Bread
15/1/2017,14:58:18,4760,Scone
15/1/2017,14:58:18,4760,Bread
15/1/2017,15:00:32,4761,Coffee
15/1/2017,15:00:32,4761,Jammie Dodgers
15/1/2017,15:00:32,4761,Cookies
15/1/2017,15:17:58,4762,Bread
15/1/2017,15:17:58,4762,Toast
15/1/2017,15:26:30,4763,Coffee
15/1/2017,15:26:30,4763,Bread
15/1/2017,15:26:30,4763,Bread
15/1/2017,15:39:50,4764,Coffee
15/1/2017,15:39:50,4764,Truffles
15/1/2017,15:44:46,4765,Scone
15/1/2017,15:44:46,4765,Bread
15/1/2017,15:44:46,4765,Bread
15/1/2017,15:58:59,4766,Coffee
15/1/2017,15:58:59,4766,Tea
15/1/2017,15:58:59,4766,Cake
15/1/2017,15:58:59,4766,Jammie Dodgers
15/1/2017,16:04:24,4767,Coffee
15/1/2017,16:04:24,4767,Jammie Dodgers
15/1/2017,16:05:53,4768,Bread
15/1/2017,16:09:19,4769,Medialuna
15/1/2017,16:09:19,4769,Alfajores
15/1/2017,16:09:19,4769,Coffee
15/1/2017,16:09:19,4769,Tea
15/1/2017,16:10:50,4770,Brownie
15/1/2017,16:10:50,4770,Alfajores
15/1/2017,16:10:50,4770,Hot chocolate
15/1/2017,16:10:50,4770,Tea
15/1/2017,16:10:50,4770,Bread
16/1/2017,8:22:04,4771,Coffee
16/1/2017,8:22:04,4771,Scone
16/1/2017,9:32:16,4772,Bread
16/1/2017,9:34:13,4773,Afternoon with the baker
16/1/2017,9:35:04,4774,Bread
16/1/2017,9:35:44,4775,Coffee
16/1/2017,9:36:24,4776,Bread
16/1/2017,9:45:47,4777,Bread
16/1/2017,9:57:46,4778,Bread
16/1/2017,10:01:14,4779,Scandinavian
16/1/2017,10:01:14,4779,Bread
16/1/2017,10:01:14,4779,Cookies
16/1/2017,10:02:23,4780,Coffee
16/1/2017,10:02:51,4781,Coffee
16/1/2017,10:11:31,4782,Coffee
16/1/2017,10:11:31,4782,Medialuna
16/1/2017,10:11:31,4782,Cookies
16/1/2017,10:12:09,4783,Cookies
16/1/2017,10:12:09,4783,Coffee
16/1/2017,10:12:09,4783,Bread
16/1/2017,10:12:09,4783,Juice
16/1/2017,10:15:14,4784,Hot chocolate
16/1/2017,10:15:14,4784,Hot chocolate
16/1/2017,10:15:14,4784,Cookies
16/1/2017,10:16:47,4785,Bread
16/1/2017,10:53:13,4786,Coffee
16/1/2017,10:53:42,4787,Tea
16/1/2017,10:53:42,4787,Cake
16/1/2017,11:06:47,4788,Cookies
16/1/2017,11:06:47,4788,Tea
16/1/2017,11:57:00,4789,Coffee
16/1/2017,12:10:09,4790,Bread
16/1/2017,12:10:09,4790,Medialuna
16/1/2017,12:11:45,4791,Scone
16/1/2017,12:11:45,4791,Coffee
16/1/2017,12:11:45,4791,Tea
16/1/2017,12:22:41,4792,Bread
16/1/2017,12:22:41,4792,Brownie
16/1/2017,12:24:02,4793,Sandwich
16/1/2017,12:32:07,4794,Coffee
16/1/2017,12:32:54,4795,Toast
16/1/2017,12:50:40,4796,Bread
16/1/2017,12:53:26,4797,Bread
16/1/2017,13:03:45,4798,Coffee
16/1/2017,13:03:45,4798,Coffee
16/1/2017,13:10:27,4799,Coffee
16/1/2017,13:17:03,4800,Tea
16/1/2017,13:17:03,4800,Bread
16/1/2017,13:22:22,4801,Coffee
16/1/2017,14:01:38,4802,Coke
16/1/2017,14:12:31,4803,Jammie Dodgers
16/1/2017,14:12:31,4803,Bread
16/1/2017,15:22:41,4804,Bread
16/1/2017,15:22:41,4804,Medialuna
16/1/2017,15:22:41,4804,Alfajores
16/1/2017,15:28:18,4805,Medialuna
16/1/2017,15:28:51,4806,Coffee
16/1/2017,15:29:44,4807,Bread
16/1/2017,15:29:44,4807,Coffee
16/1/2017,15:44:36,4808,Coke
16/1/2017,15:44:36,4808,Tea
16/1/2017,16:03:54,4811,Truffles
16/1/2017,16:14:50,4812,Muffin
16/1/2017,16:33:49,4813,Alfajores
16/1/2017,16:33:49,4813,Bread
16/1/2017,16:37:22,4814,Bread
17/1/2017,9:00:34,4816,Coffee
17/1/2017,9:00:34,4816,Pastry
17/1/2017,9:10:52,4817,Tea
17/1/2017,9:10:52,4817,Coffee
17/1/2017,9:10:52,4817,Coffee
17/1/2017,9:15:35,4818,Coffee
17/1/2017,9:15:35,4818,Toast
17/1/2017,9:24:07,4819,Coffee
17/1/2017,9:24:07,4819,Coffee
17/1/2017,9:36:51,4820,Coffee
17/1/2017,9:36:51,4820,Pastry
17/1/2017,9:45:38,4821,Sandwich
17/1/2017,9:45:38,4821,Bread
17/1/2017,9:55:12,4822,Coffee
17/1/2017,9:55:12,4822,Coffee
17/1/2017,9:55:12,4822,Alfajores
17/1/2017,10:26:47,4823,Bread
17/1/2017,10:26:47,4823,Medialuna
17/1/2017,10:52:09,4824,Bread
17/1/2017,11:05:09,4825,Tea
17/1/2017,11:08:30,4826,Coffee
17/1/2017,11:08:30,4826,Coffee
17/1/2017,11:16:53,4827,Alfajores
17/1/2017,11:24:24,4828,Alfajores
17/1/2017,11:24:24,4828,Bread
17/1/2017,11:43:34,4830,Coffee
17/1/2017,12:08:24,4831,Coffee
17/1/2017,12:08:24,4831,Coffee
17/1/2017,12:20:15,4832,Coffee
17/1/2017,12:20:15,4832,Cake
17/1/2017,12:35:06,4833,Bread
17/1/2017,12:35:06,4833,Jammie Dodgers
17/1/2017,12:38:08,4834,Coffee
17/1/2017,12:38:08,4834,Coffee
17/1/2017,12:38:08,4834,Toast
17/1/2017,12:38:08,4834,Sandwich
17/1/2017,13:01:37,4835,Coffee
17/1/2017,13:01:37,4835,Smoothies
17/1/2017,13:01:37,4835,Sandwich
17/1/2017,13:01:37,4835,Hearty & Seasonal
17/1/2017,13:01:37,4835,Cake
17/1/2017,13:03:01,4836,Bread
17/1/2017,13:06:15,4837,Sandwich
17/1/2017,13:06:15,4837,Truffles
17/1/2017,13:12:09,4838,Salad
17/1/2017,13:12:09,4838,Sandwich
17/1/2017,13:12:09,4838,Coffee
17/1/2017,13:22:49,4839,Muffin
17/1/2017,13:22:49,4839,Cookies
17/1/2017,13:22:49,4839,Bread
17/1/2017,13:22:49,4839,Hot chocolate
17/1/2017,13:22:49,4839,Hearty & Seasonal
17/1/2017,13:26:24,4840,Farm House
17/1/2017,13:32:31,4841,Truffles
17/1/2017,13:32:31,4841,Cake
17/1/2017,13:32:31,4841,Scandinavian
17/1/2017,13:32:31,4841,Coffee
17/1/2017,13:40:29,4842,Tea
17/1/2017,13:41:06,4843,Salad
17/1/2017,13:41:06,4843,Sandwich
17/1/2017,13:41:06,4843,Bread
17/1/2017,13:41:06,4843,Coffee
17/1/2017,13:41:06,4843,Alfajores
17/1/2017,13:53:39,4844,Coffee
17/1/2017,13:53:39,4844,Bread
17/1/2017,13:53:39,4844,Toast
17/1/2017,14:21:07,4845,Coffee
17/1/2017,14:21:07,4845,Cake
17/1/2017,14:24:20,4846,Truffles
17/1/2017,14:24:20,4846,Coffee
17/1/2017,14:24:20,4846,Alfajores
17/1/2017,14:25:13,4847,Coffee
17/1/2017,14:25:13,4847,Tea
17/1/2017,14:25:13,4847,Chicken Stew
17/1/2017,14:51:07,4848,Coffee
17/1/2017,14:51:07,4848,Pastry
17/1/2017,15:02:16,4849,Coffee
17/1/2017,15:13:55,4850,Coffee
17/1/2017,15:14:48,4851,Coffee
17/1/2017,15:26:27,4852,Coffee
17/1/2017,15:26:27,4852,Soup
17/1/2017,15:26:27,4852,Cake
17/1/2017,15:42:01,4853,Tea
17/1/2017,15:45:28,4854,Coffee
17/1/2017,15:58:06,4855,Tea
17/1/2017,16:25:58,4856,Coffee
17/1/2017,16:44:54,4857,Tea
17/1/2017,16:44:54,4857,Bread
17/1/2017,16:44:54,4857,Cake
17/1/2017,16:45:43,4858,Bread
17/1/2017,17:12:33,4859,Tea
18/1/2017,8:32:12,4860,Bread
18/1/2017,8:35:09,4861,Coffee
18/1/2017,9:01:05,4862,Bread
18/1/2017,9:14:51,4863,Tea
18/1/2017,9:14:51,4863,Coffee
18/1/2017,9:14:51,4863,Coffee
18/1/2017,9:14:51,4863,Muffin
18/1/2017,9:14:51,4863,Cake
18/1/2017,9:16:14,4864,Scandinavian
18/1/2017,9:18:03,4865,Bread
18/1/2017,9:18:03,4865,Bread
18/1/2017,9:50:35,4866,Farm House
18/1/2017,10:08:32,4867,Tea
18/1/2017,10:15:47,4868,Tea
18/1/2017,10:15:47,4868,Coffee
18/1/2017,10:19:00,4869,Medialuna
18/1/2017,10:19:00,4869,Coffee
18/1/2017,10:19:00,4869,Tea
18/1/2017,10:23:40,4870,Bread
18/1/2017,10:32:48,4871,Pastry
18/1/2017,10:32:48,4871,Muffin
18/1/2017,10:32:48,4871,Coffee
18/1/2017,10:32:48,4871,Tea
18/1/2017,10:39:20,4872,Coffee
18/1/2017,10:39:20,4872,Tea
18/1/2017,10:49:15,4873,Hot chocolate
18/1/2017,10:49:15,4873,Coke
18/1/2017,10:49:15,4873,Cake
18/1/2017,11:52:19,4874,Soup
18/1/2017,11:52:19,4874,Pastry
18/1/2017,11:52:19,4874,Tea
18/1/2017,11:55:47,4875,Sandwich
18/1/2017,11:55:47,4875,Alfajores
18/1/2017,12:23:40,4876,Sandwich
18/1/2017,13:11:23,4877,Bread
18/1/2017,13:11:23,4877,Focaccia
18/1/2017,13:21:41,4878,Coffee
18/1/2017,13:21:41,4878,Juice
18/1/2017,13:21:41,4878,Sandwich
18/1/2017,13:21:41,4878,Crisps
18/1/2017,13:53:11,4879,Tea
18/1/2017,13:53:11,4879,Coffee
18/1/2017,13:53:11,4879,Soup
18/1/2017,13:53:11,4879,Salad
18/1/2017,14:00:18,4880,Coffee
18/1/2017,14:00:18,4880,Cookies
18/1/2017,14:12:04,4881,Tea
18/1/2017,14:12:04,4881,Cookies
18/1/2017,15:04:49,4882,Cake
18/1/2017,15:09:52,4883,Cake
18/1/2017,15:09:52,4883,Coffee
18/1/2017,15:09:52,4883,Coke
18/1/2017,15:09:52,4883,Tea
18/1/2017,15:24:55,4884,Coffee
18/1/2017,15:24:55,4884,Jammie Dodgers
18/1/2017,15:26:53,4885,Coke
18/1/2017,15:26:53,4885,Sandwich
18/1/2017,15:54:52,4886,Medialuna
18/1/2017,15:54:52,4886,Cookies
18/1/2017,15:54:52,4886,Juice
18/1/2017,15:54:52,4886,Ella's Kitchen Pouches
18/1/2017,15:54:52,4886,Tea
18/1/2017,16:01:10,4887,Muffin
18/1/2017,16:01:10,4887,Jammie Dodgers
18/1/2017,16:01:10,4887,Cake
18/1/2017,16:01:10,4887,Bread
18/1/2017,16:01:10,4887,Hot chocolate
18/1/2017,16:17:14,4888,Coffee
18/1/2017,16:17:14,4888,Coffee
18/1/2017,16:17:14,4888,Cake
18/1/2017,16:20:34,4889,Cake
18/1/2017,16:22:19,4890,Cake
18/1/2017,16:22:19,4890,Tea
18/1/2017,16:56:01,4891,Coffee
18/1/2017,16:56:01,4891,Tea
18/1/2017,16:56:01,4891,Coffee
18/1/2017,16:56:01,4891,Cake
18/1/2017,16:56:01,4891,Cookies
18/1/2017,17:01:59,4892,Cookies
18/1/2017,17:01:59,4892,Tea
18/1/2017,18:28:00,4893,Focaccia
18/1/2017,18:28:00,4893,Fudge
19/1/2017,8:38:45,4894,Pastry
19/1/2017,8:38:45,4894,Toast
19/1/2017,8:38:45,4894,Coffee
19/1/2017,9:13:43,4895,Tea
19/1/2017,9:13:43,4895,Sandwich
19/1/2017,9:37:27,4896,Tea
19/1/2017,9:37:27,4896,Hot chocolate
19/1/2017,9:37:27,4896,Spanish Brunch
19/1/2017,9:37:27,4896,Granola
19/1/2017,9:37:27,4896,Sandwich
19/1/2017,9:48:54,4897,Coffee
19/1/2017,9:48:54,4897,Medialuna
19/1/2017,9:51:44,4898,Bread
19/1/2017,9:54:16,4899,Coffee
19/1/2017,10:05:11,4900,Coffee
19/1/2017,10:05:11,4900,Toast
19/1/2017,10:09:55,4901,Coffee
19/1/2017,10:09:55,4901,Coffee
19/1/2017,10:09:55,4901,Pastry
19/1/2017,10:16:19,4902,Bread
19/1/2017,10:28:55,4903,Farm House
19/1/2017,10:31:44,4904,Bread
19/1/2017,10:31:44,4904,Cookies
19/1/2017,10:33:23,4905,Bread
19/1/2017,10:38:30,4906,Hot chocolate
19/1/2017,10:38:30,4906,Hot chocolate
19/1/2017,10:38:30,4906,Cake
19/1/2017,10:46:37,4907,Pastry
19/1/2017,10:46:37,4907,Cake
19/1/2017,10:46:37,4907,Mineral water
19/1/2017,10:58:01,4908,Tea
19/1/2017,11:04:48,4909,Tea
19/1/2017,11:04:48,4909,Jammie Dodgers
19/1/2017,11:04:48,4909,Cake
19/1/2017,11:04:48,4909,Juice
19/1/2017,11:05:17,4910,Tiffin
19/1/2017,11:09:57,4911,Cake
19/1/2017,11:09:57,4911,Muffin
19/1/2017,11:13:54,4912,Coffee
19/1/2017,11:13:54,4912,Coke
19/1/2017,11:13:54,4912,Juice
19/1/2017,11:13:54,4912,Truffles
19/1/2017,11:13:54,4912,Medialuna
19/1/2017,11:18:21,4913,Coffee
19/1/2017,11:18:53,4914,Coffee
19/1/2017,11:28:12,4915,Coffee
19/1/2017,11:28:12,4915,Coffee
19/1/2017,11:28:26,4916,Coffee
19/1/2017,11:34:28,4917,Coffee
19/1/2017,11:34:28,4917,Pastry
19/1/2017,11:47:09,4918,Cake
19/1/2017,11:47:09,4918,Coffee
19/1/2017,11:52:51,4919,Bread
19/1/2017,11:52:51,4919,Tiffin
19/1/2017,11:55:02,4920,Scandinavian
19/1/2017,11:55:02,4920,Bread
19/1/2017,11:55:48,4921,Coffee
19/1/2017,11:55:48,4921,Tea
19/1/2017,11:55:48,4921,Alfajores
19/1/2017,11:59:14,4922,Chicken Stew
19/1/2017,12:00:18,4923,Coffee
19/1/2017,12:02:26,4924,Coffee
19/1/2017,12:02:26,4924,Juice
19/1/2017,12:02:26,4924,Medialuna
19/1/2017,12:02:26,4924,Crisps
19/1/2017,12:22:38,4925,Coffee
19/1/2017,12:25:36,4926,Farm House
19/1/2017,12:37:49,4927,Salad
19/1/2017,12:37:49,4927,Coffee
19/1/2017,12:50:07,4928,Bread
19/1/2017,12:54:16,4929,Bread
19/1/2017,12:54:16,4929,Medialuna
19/1/2017,13:15:51,4930,Coffee
19/1/2017,13:15:51,4930,Coffee
19/1/2017,13:15:51,4930,Sandwich
19/1/2017,13:20:35,4931,Hot chocolate
19/1/2017,13:20:35,4931,Chicken Stew
19/1/2017,13:24:54,4932,Coffee
19/1/2017,13:24:54,4932,Tea
19/1/2017,13:24:54,4932,Sandwich
19/1/2017,13:24:54,4932,Medialuna
19/1/2017,13:43:11,4933,Bread
19/1/2017,13:43:11,4933,Tea
19/1/2017,13:43:11,4933,Chicken Stew
19/1/2017,13:43:11,4933,Soup
19/1/2017,13:43:11,4933,Cake
19/1/2017,13:43:11,4933,Pastry
19/1/2017,13:43:11,4933,Alfajores
19/1/2017,13:43:11,4933,Focaccia
19/1/2017,13:50:38,4934,Bread
19/1/2017,13:50:38,4934,Coffee
19/1/2017,13:50:38,4934,Soup
19/1/2017,13:50:38,4934,Muffin
19/1/2017,13:50:59,4935,Bread
19/1/2017,14:30:18,4936,Coffee
19/1/2017,14:30:18,4936,Tea
19/1/2017,14:30:18,4936,Cake
19/1/2017,14:33:32,4937,Sandwich
19/1/2017,14:33:32,4937,Sandwich
19/1/2017,14:33:32,4937,Coffee
19/1/2017,14:33:32,4937,Tea
19/1/2017,14:34:10,4938,Coffee
19/1/2017,14:34:10,4938,Coffee
19/1/2017,14:49:27,4939,Bread
19/1/2017,14:52:15,4940,Coffee
19/1/2017,14:53:04,4941,Bread
19/1/2017,15:25:44,4942,Hot chocolate
19/1/2017,15:27:54,4943,Coffee
19/1/2017,15:27:54,4943,Bread
19/1/2017,15:27:54,4943,Tiffin
19/1/2017,15:27:54,4943,Bread
19/1/2017,15:29:09,4944,Hot chocolate
19/1/2017,15:41:04,4945,Hot chocolate
19/1/2017,15:41:04,4945,Coffee
19/1/2017,15:41:04,4945,Tiffin
19/1/2017,15:50:41,4946,Coffee
19/1/2017,15:50:41,4946,Cookies
19/1/2017,15:50:41,4946,Bread
19/1/2017,17:21:25,4948,Farm House
20/1/2017,8:51:02,4949,Afternoon with the baker
20/1/2017,8:51:02,4949,Coffee
20/1/2017,8:51:02,4949,Scandinavian
20/1/2017,8:53:49,4950,Coffee
20/1/2017,8:53:49,4950,Bread
20/1/2017,8:56:27,4951,Coffee
20/1/2017,8:56:27,4951,Tea
20/1/2017,8:56:27,4951,Toast
20/1/2017,8:58:32,4952,Coffee
20/1/2017,8:58:32,4952,Toast
20/1/2017,8:58:49,4953,Coffee
20/1/2017,8:59:47,4954,Coffee
20/1/2017,8:59:47,4954,Toast
20/1/2017,9:12:45,4955,Coffee
20/1/2017,9:12:45,4955,Medialuna
20/1/2017,9:19:25,4956,Coffee
20/1/2017,9:35:23,4957,Cake
20/1/2017,9:37:07,4958,Pastry
20/1/2017,9:37:07,4958,Bread
20/1/2017,9:38:51,4959,Coffee
20/1/2017,9:41:06,4960,Bread
20/1/2017,9:52:14,4961,Farm House
20/1/2017,9:56:21,4962,Coffee
20/1/2017,9:56:21,4962,Coffee
20/1/2017,9:56:21,4962,Coffee
20/1/2017,9:56:21,4962,Toast
20/1/2017,9:56:21,4962,Cookies
20/1/2017,10:04:36,4963,Pastry
20/1/2017,10:04:36,4963,Coffee
20/1/2017,10:04:36,4963,Coffee
20/1/2017,10:29:35,4964,Coffee
20/1/2017,10:32:32,4965,Bread
20/1/2017,10:46:10,4966,Bread
20/1/2017,10:46:10,4966,Tea
20/1/2017,10:46:10,4966,Granola
20/1/2017,10:54:10,4967,Bread
20/1/2017,10:54:10,4967,Tea
20/1/2017,10:54:10,4967,Scone
20/1/2017,10:54:10,4967,Sandwich
20/1/2017,11:06:25,4968,Coffee
20/1/2017,11:06:25,4968,Coffee
20/1/2017,11:06:25,4968,Pastry
20/1/2017,11:10:22,4969,Pastry
20/1/2017,11:10:22,4969,Pastry
20/1/2017,11:10:22,4969,Coffee
20/1/2017,11:10:22,4969,Coffee
20/1/2017,11:10:22,4969,Bread
20/1/2017,11:32:24,4971,Bread
20/1/2017,11:40:17,4972,Bread
20/1/2017,11:42:39,4973,Muffin
20/1/2017,11:42:39,4973,Muffin
20/1/2017,12:01:07,4974,Farm House
20/1/2017,12:03:53,4975,Coffee
20/1/2017,12:03:53,4975,Tea
20/1/2017,12:03:53,4975,Scone
20/1/2017,12:11:10,4976,Coffee
20/1/2017,12:11:10,4976,Coffee
20/1/2017,12:14:22,4977,Bread
20/1/2017,12:20:10,4978,Bread
20/1/2017,12:21:22,4979,Coffee
20/1/2017,12:21:22,4979,Scone
20/1/2017,12:30:11,4980,Bread
20/1/2017,12:30:47,4981,Chicken Stew
20/1/2017,12:38:14,4982,Tea
20/1/2017,12:38:14,4982,Tea
20/1/2017,12:38:14,4982,Coffee
20/1/2017,12:46:13,4983,Coffee
20/1/2017,12:46:13,4983,Tea
20/1/2017,12:46:13,4983,Scone
20/1/2017,12:50:02,4984,Cake
20/1/2017,12:50:02,4984,Pastry
20/1/2017,12:50:02,4984,Farm House
20/1/2017,12:50:02,4984,Scandinavian
20/1/2017,13:01:00,4985,Smoothies
20/1/2017,13:01:00,4985,Muffin
20/1/2017,13:11:42,4986,Coffee
20/1/2017,13:11:42,4986,Tea
20/1/2017,13:11:42,4986,Sandwich
20/1/2017,13:11:42,4986,Salad
20/1/2017,13:12:57,4987,Sandwich
20/1/2017,13:12:57,4987,Truffles
20/1/2017,13:16:06,4988,Coffee
20/1/2017,13:16:06,4988,Sandwich
20/1/2017,13:17:18,4989,Bread
20/1/2017,13:17:18,4989,Coffee
20/1/2017,13:24:06,4990,Chicken Stew
20/1/2017,13:47:53,4991,Bread
20/1/2017,13:47:53,4991,Coffee
20/1/2017,13:47:53,4991,Bread
20/1/2017,13:52:15,4992,Coffee
20/1/2017,13:59:01,4993,Coffee
20/1/2017,13:59:01,4993,Sandwich
20/1/2017,14:02:05,4994,Hot chocolate
20/1/2017,14:15:54,4995,Medialuna
20/1/2017,14:16:32,4996,Hot chocolate
20/1/2017,14:25:12,4997,Coffee
20/1/2017,14:33:01,4998,Cake
20/1/2017,14:37:52,4999,Coffee
20/1/2017,14:37:52,4999,Alfajores
20/1/2017,14:38:16,5000,Bread
20/1/2017,14:38:16,5000,Coffee
20/1/2017,14:40:30,5001,Bread
20/1/2017,14:47:41,5002,Bread
20/1/2017,14:47:41,5002,Muffin
20/1/2017,15:10:34,5003,Coffee
20/1/2017,15:10:34,5003,Bread
20/1/2017,15:24:30,5004,Coffee
20/1/2017,15:24:30,5004,Coffee
20/1/2017,15:24:30,5004,Cake
20/1/2017,15:25:47,5005,Bread
20/1/2017,15:25:47,5005,Muffin
20/1/2017,15:32:39,5006,Tea
20/1/2017,15:32:39,5006,Tiffin
20/1/2017,15:36:48,5007,Coffee
20/1/2017,15:53:32,5008,Bread
20/1/2017,15:53:32,5008,Sandwich
20/1/2017,15:53:32,5008,Tea
20/1/2017,15:59:15,5009,Coffee
20/1/2017,15:59:15,5009,Pastry
20/1/2017,16:01:59,5010,Scandinavian
20/1/2017,16:03:19,5011,Medialuna
20/1/2017,16:03:19,5011,Vegan mincepie
20/1/2017,16:03:19,5011,Juice
20/1/2017,16:03:19,5011,Tea
20/1/2017,16:08:00,5012,Coffee
20/1/2017,16:08:00,5012,Scone
20/1/2017,16:35:01,5013,Tea
20/1/2017,16:35:01,5013,Brownie
20/1/2017,16:35:01,5013,Raspberry shortbread sandwich
20/1/2017,16:38:59,5014,Tea
20/1/2017,16:38:59,5014,Sandwich
20/1/2017,16:48:00,5015,Coffee
20/1/2017,16:48:00,5015,Cookies
20/1/2017,16:53:40,5016,Cookies
20/1/2017,16:54:42,5017,Farm House
20/1/2017,17:14:21,5018,Bread
21/1/2017,8:54:06,5019,Bread
21/1/2017,8:56:25,5020,Coffee
21/1/2017,8:56:25,5020,Medialuna
21/1/2017,8:58:47,5021,Coffee
21/1/2017,8:58:47,5021,Pastry
21/1/2017,9:13:38,5022,Coffee
21/1/2017,9:13:38,5022,Medialuna
21/1/2017,9:13:38,5022,Pastry
21/1/2017,9:15:30,5023,Coffee
21/1/2017,9:19:34,5024,Cake
21/1/2017,9:21:54,5025,Medialuna
21/1/2017,9:22:06,5026,Coffee
21/1/2017,9:45:37,5027,Farm House
21/1/2017,9:46:51,5028,Bread
21/1/2017,9:46:51,5028,Brownie
21/1/2017,9:51:20,5029,Brownie
21/1/2017,9:51:20,5029,Coffee
21/1/2017,9:57:39,5030,Scandinavian
21/1/2017,9:57:39,5030,Bread
21/1/2017,9:57:39,5030,Alfajores
21/1/2017,9:59:54,5031,Bread
21/1/2017,10:14:13,5032,Medialuna
21/1/2017,10:14:13,5032,Bread
21/1/2017,10:15:30,5033,Bread
21/1/2017,10:15:30,5033,Pastry
21/1/2017,10:21:09,5034,Coffee
21/1/2017,10:28:31,5035,Scone
21/1/2017,10:28:31,5035,Tea
21/1/2017,10:28:31,5035,Juice
21/1/2017,10:28:31,5035,Medialuna
21/1/2017,10:30:41,5036,Tiffin
21/1/2017,10:30:41,5036,Coffee
21/1/2017,10:38:01,5037,Coffee
21/1/2017,10:38:01,5037,Cake
21/1/2017,10:42:13,5038,Bread
21/1/2017,10:42:13,5038,Scone
21/1/2017,10:56:31,5039,Medialuna
21/1/2017,10:56:31,5039,Coffee
21/1/2017,10:57:40,5040,Coffee
21/1/2017,10:59:24,5041,Spanish Brunch
21/1/2017,10:59:24,5041,Tea
21/1/2017,10:59:24,5041,Alfajores
21/1/2017,11:09:24,5042,Cake
21/1/2017,11:11:50,5043,Coffee
21/1/2017,11:11:50,5043,Coffee
21/1/2017,11:11:50,5043,Toast
21/1/2017,11:11:50,5043,Tiffin
21/1/2017,11:13:09,5044,Brownie
21/1/2017,11:16:02,5045,Pastry
21/1/2017,11:19:06,5046,Afternoon with the baker
21/1/2017,11:32:15,5047,Farm House
21/1/2017,11:35:35,5048,Coffee
21/1/2017,11:35:35,5048,Coffee
21/1/2017,11:35:35,5048,Coke
21/1/2017,11:35:35,5048,Juice
21/1/2017,11:35:35,5048,Cake
21/1/2017,11:37:19,5049,Bread
21/1/2017,11:37:19,5049,Tiffin
21/1/2017,11:37:19,5049,Cookies
21/1/2017,11:38:30,5050,Scone
21/1/2017,11:38:30,5050,Cake
21/1/2017,11:38:30,5050,Coffee
21/1/2017,11:41:03,5051,Coffee
21/1/2017,11:42:20,5052,Coffee
21/1/2017,11:42:20,5052,Coffee
21/1/2017,11:42:20,5052,Alfajores
21/1/2017,11:42:20,5052,Tiffin
21/1/2017,11:42:20,5052,Brownie
21/1/2017,11:42:20,5052,Bread
21/1/2017,11:43:56,5054,Coffee
21/1/2017,11:43:56,5054,Medialuna
21/1/2017,11:43:56,5054,Cake
21/1/2017,11:44:43,5055,Granola
21/1/2017,11:44:43,5055,Coffee
21/1/2017,11:49:22,5056,Cake
21/1/2017,11:49:22,5056,Hot chocolate
21/1/2017,11:52:17,5057,Tea
21/1/2017,11:52:17,5057,Scone
21/1/2017,11:52:17,5057,Tiffin
21/1/2017,11:56:56,5058,Bread
21/1/2017,12:02:12,5059,Tea
21/1/2017,12:04:31,5060,Coffee
21/1/2017,12:04:31,5060,Bread
21/1/2017,12:10:39,5061,Coffee
21/1/2017,12:10:39,5061,Coffee
21/1/2017,12:10:39,5061,Juice
21/1/2017,12:10:39,5061,Cake
21/1/2017,12:10:39,5061,Scone
21/1/2017,12:10:39,5061,Toast
21/1/2017,12:12:57,5062,Jammie Dodgers
21/1/2017,12:12:57,5062,Scone
21/1/2017,12:12:57,5062,Tiffin
21/1/2017,12:12:57,5062,Bread
21/1/2017,12:12:57,5062,Hot chocolate
21/1/2017,12:12:57,5062,Tea
21/1/2017,12:12:57,5062,Coffee
21/1/2017,12:18:55,5063,Scandinavian
21/1/2017,12:32:49,5064,Afternoon with the baker
21/1/2017,12:33:34,5065,Bread
21/1/2017,12:34:13,5066,Cookies
21/1/2017,12:34:58,5067,Bread
21/1/2017,12:38:43,5068,Bread
21/1/2017,12:42:04,5069,Spanish Brunch
21/1/2017,12:42:04,5069,Coffee
21/1/2017,12:43:21,5070,Scandinavian
21/1/2017,12:45:42,5071,Scandinavian
21/1/2017,12:48:53,5072,Brownie
21/1/2017,12:48:53,5072,Scone
21/1/2017,12:54:23,5073,Jammie Dodgers
21/1/2017,12:54:23,5073,Cake
21/1/2017,13:03:41,5075,Sandwich
21/1/2017,13:05:08,5076,Hot chocolate
21/1/2017,13:07:57,5077,Coffee
21/1/2017,13:07:57,5077,Coffee
21/1/2017,13:19:18,5078,Coffee
21/1/2017,13:19:18,5078,Tea
21/1/2017,13:51:53,5079,Sandwich
21/1/2017,13:51:53,5079,Cake
21/1/2017,13:51:53,5079,Smoothies
21/1/2017,13:51:53,5079,Bread
21/1/2017,13:58:18,5080,Spanish Brunch
21/1/2017,13:58:18,5080,Sandwich
21/1/2017,13:58:18,5080,Coffee
21/1/2017,13:58:18,5080,Truffles
21/1/2017,14:01:32,5081,Cookies
21/1/2017,14:06:03,5082,Sandwich
21/1/2017,14:06:03,5082,Toast
21/1/2017,14:06:03,5082,Tea
21/1/2017,14:06:03,5082,Fudge
21/1/2017,14:06:56,5083,Coffee
21/1/2017,14:06:56,5083,Jammie Dodgers
21/1/2017,14:07:24,5084,Cake
21/1/2017,14:07:24,5084,Jammie Dodgers
21/1/2017,14:10:41,5086,Frittata
21/1/2017,14:10:41,5086,Bread
21/1/2017,14:30:51,5087,Coffee
21/1/2017,14:35:44,5088,Afternoon with the baker
21/1/2017,14:37:19,5089,Raspberry shortbread sandwich
21/1/2017,14:37:19,5089,Bread
21/1/2017,14:37:19,5089,Coffee
21/1/2017,14:39:52,5090,Sandwich
21/1/2017,14:39:52,5090,Extra Salami or Feta
21/1/2017,14:39:52,5090,Tea
21/1/2017,14:39:52,5090,Bread
21/1/2017,14:39:52,5090,Cake
21/1/2017,14:42:25,5092,Tea
21/1/2017,14:42:25,5092,Duck egg
21/1/2017,14:56:19,5093,Scandinavian
21/1/2017,14:59:34,5094,Coffee
21/1/2017,14:59:34,5094,Hot chocolate
21/1/2017,14:59:34,5094,Brownie
21/1/2017,15:02:44,5095,Spanish Brunch
21/1/2017,15:02:44,5095,Bread
21/1/2017,15:11:10,5096,Bread
21/1/2017,15:11:10,5096,Coffee
21/1/2017,15:13:26,5097,Jam
21/1/2017,15:23:33,5098,Coffee
21/1/2017,15:23:33,5098,Frittata
21/1/2017,15:23:33,5098,Scone
21/1/2017,15:25:19,5099,Coffee
21/1/2017,15:25:19,5099,Coffee
21/1/2017,15:25:19,5099,Cake
21/1/2017,15:25:19,5099,Bread
21/1/2017,15:26:25,5100,Coffee
21/1/2017,15:26:25,5100,Hot chocolate
21/1/2017,15:26:25,5100,Cake
21/1/2017,15:26:25,5100,Brownie
21/1/2017,15:26:25,5100,Extra Salami or Feta
21/1/2017,15:37:34,5101,Fudge
21/1/2017,15:39:58,5102,Coffee
21/1/2017,15:41:52,5103,Hot chocolate
21/1/2017,15:41:52,5103,Bread
21/1/2017,15:41:52,5103,Scone
21/1/2017,15:49:35,5104,Cake
21/1/2017,15:53:29,5105,Bread
21/1/2017,15:53:29,5105,Bread
21/1/2017,15:53:29,5105,Frittata
21/1/2017,15:55:02,5106,Coffee
21/1/2017,15:55:02,5106,Bread
21/1/2017,16:00:20,5107,Brownie
21/1/2017,16:06:43,5108,Cake
21/1/2017,16:06:43,5108,Muffin
21/1/2017,16:07:07,5109,Cake
21/1/2017,16:07:57,5110,Hot chocolate
21/1/2017,16:07:57,5110,Coffee
21/1/2017,16:13:18,5111,Tea
21/1/2017,16:13:18,5111,Frittata
21/1/2017,16:38:29,5112,Coffee
21/1/2017,16:41:57,5113,Tea
21/1/2017,16:41:57,5113,Hot chocolate
21/1/2017,16:41:57,5113,Juice
21/1/2017,16:41:57,5113,Cookies
21/1/2017,16:45:46,5114,Cake
21/1/2017,16:45:46,5114,Bread
21/1/2017,16:45:46,5114,Hot chocolate
22/1/2017,9:16:09,5115,Bread
22/1/2017,9:24:34,5116,Scone
22/1/2017,9:24:34,5116,Cookies
22/1/2017,9:24:34,5116,Coffee
22/1/2017,9:24:34,5116,Juice
22/1/2017,9:36:25,5117,Coffee
22/1/2017,9:36:25,5117,Coffee
22/1/2017,9:36:25,5117,Brownie
22/1/2017,9:36:25,5117,Scone
22/1/2017,9:39:38,5118,Coffee
22/1/2017,9:49:34,5119,Tea
22/1/2017,9:49:34,5119,Raspberry shortbread sandwich
22/1/2017,9:55:12,5120,Afternoon with the baker
22/1/2017,9:57:56,5121,Hot chocolate
22/1/2017,9:57:56,5121,Coffee
22/1/2017,9:57:56,5121,Tea
22/1/2017,9:57:56,5121,Alfajores
22/1/2017,9:57:56,5121,Pastry
22/1/2017,9:57:56,5121,Tiffin
22/1/2017,10:02:30,5122,Coffee
22/1/2017,10:02:30,5122,Medialuna
22/1/2017,10:04:57,5123,Toast
22/1/2017,10:04:57,5123,Coffee
22/1/2017,10:05:50,5124,Coffee
22/1/2017,10:11:11,5125,Coffee
22/1/2017,10:11:11,5125,Coffee
22/1/2017,10:11:11,5125,Toast
22/1/2017,10:12:21,5126,Coffee
22/1/2017,10:14:33,5127,Bread
22/1/2017,10:14:33,5127,Coffee
22/1/2017,10:14:33,5127,Bread
22/1/2017,10:15:31,5128,Bread
22/1/2017,10:15:31,5128,Eggs
22/1/2017,10:33:02,5129,Bread
22/1/2017,10:50:37,5130,Bread
22/1/2017,10:50:37,5130,Bread
22/1/2017,10:50:37,5130,Coffee
22/1/2017,10:50:37,5130,Scone
22/1/2017,10:50:37,5130,Frittata
22/1/2017,10:50:57,5131,Medialuna
22/1/2017,10:51:49,5132,Bread
22/1/2017,10:53:59,5133,Coffee
22/1/2017,10:53:59,5133,Bread
22/1/2017,10:53:59,5133,Bread
22/1/2017,10:55:02,5134,Coffee
22/1/2017,10:55:02,5134,Coffee
22/1/2017,10:55:02,5134,Toast
22/1/2017,11:05:15,5135,Medialuna
22/1/2017,11:14:07,5136,Scone
22/1/2017,11:18:42,5137,Tea
22/1/2017,11:18:42,5137,Coffee
22/1/2017,11:18:42,5137,Toast
22/1/2017,11:18:42,5137,Bread
22/1/2017,11:23:59,5138,Bread
22/1/2017,11:23:59,5138,Alfajores
22/1/2017,11:27:35,5139,Coffee
22/1/2017,11:27:35,5139,Cake
22/1/2017,11:35:39,5140,Coffee
22/1/2017,11:35:39,5140,Cake
22/1/2017,11:35:39,5140,Bread
22/1/2017,11:37:07,5141,Bread
22/1/2017,11:37:07,5141,Coffee
22/1/2017,11:37:07,5141,Tea
22/1/2017,11:39:21,5142,Hot chocolate
22/1/2017,11:39:21,5142,Cake
22/1/2017,11:39:21,5142,Bread
22/1/2017,11:41:21,5143,Tea
22/1/2017,12:02:26,5144,Alfajores
22/1/2017,12:02:26,5144,Coffee
22/1/2017,12:04:02,5145,Hot chocolate
22/1/2017,12:04:02,5145,Coffee
22/1/2017,12:10:06,5146,Hot chocolate
22/1/2017,12:10:06,5146,Smoothies
22/1/2017,12:10:06,5146,The Nomad
22/1/2017,12:10:06,5146,Bread
22/1/2017,12:10:06,5146,Afternoon with the baker
22/1/2017,12:10:39,5147,Tea
22/1/2017,12:17:51,5148,Bread
22/1/2017,12:28:35,5149,Jammie Dodgers
22/1/2017,12:35:47,5150,The Nomad
22/1/2017,12:35:47,5150,Juice
22/1/2017,12:35:47,5150,Coffee
22/1/2017,12:35:47,5150,Coffee
22/1/2017,12:44:35,5151,Bread
22/1/2017,12:44:35,5151,Scone
22/1/2017,12:44:35,5151,Pastry
22/1/2017,12:44:35,5151,Cake
22/1/2017,12:44:35,5151,Bread
22/1/2017,12:53:10,5152,Coffee
22/1/2017,12:53:10,5152,Scone
22/1/2017,12:53:10,5152,Sandwich
22/1/2017,12:55:28,5153,Coffee
22/1/2017,12:55:28,5153,Cake
22/1/2017,12:55:28,5153,Pastry
22/1/2017,12:58:16,5154,Tea
22/1/2017,12:58:16,5154,Cookies
22/1/2017,12:58:16,5154,Soup
22/1/2017,13:00:21,5155,Hot chocolate
22/1/2017,13:00:21,5155,Bread
22/1/2017,13:00:21,5155,Cake
22/1/2017,13:00:21,5155,Jammie Dodgers
22/1/2017,13:00:45,5156,Soup
22/1/2017,13:01:46,5157,Salad
22/1/2017,13:08:28,5158,Pastry
22/1/2017,13:08:28,5158,Frittata
22/1/2017,13:12:08,5159,Bread
22/1/2017,13:20:11,5160,Alfajores
22/1/2017,13:20:11,5160,Jammie Dodgers
22/1/2017,13:20:11,5160,Cake
22/1/2017,13:20:11,5160,Tiffin
22/1/2017,13:20:11,5160,Cake
22/1/2017,13:38:58,5161,Soup
22/1/2017,13:38:58,5161,Salad
22/1/2017,13:38:58,5161,Extra Salami or Feta
22/1/2017,13:38:58,5161,Sandwich
22/1/2017,13:38:58,5161,Coffee
22/1/2017,13:38:58,5161,Coffee
22/1/2017,13:38:58,5161,Coffee
22/1/2017,13:42:37,5162,Coffee
22/1/2017,13:42:37,5162,Coffee
22/1/2017,13:42:37,5162,Alfajores
22/1/2017,14:03:14,5163,Cake
22/1/2017,14:07:08,5164,Tea
22/1/2017,14:07:08,5164,Tea
22/1/2017,14:13:13,5165,Smoothies
22/1/2017,14:13:13,5165,Tea
22/1/2017,14:13:13,5165,Hot chocolate
22/1/2017,14:13:13,5165,Jammie Dodgers
22/1/2017,14:15:06,5166,Coffee
22/1/2017,14:15:06,5166,Bread
22/1/2017,14:37:46,5167,Toast
22/1/2017,14:37:46,5167,Soup
22/1/2017,14:37:46,5167,Coffee
22/1/2017,14:37:46,5167,Juice
22/1/2017,14:40:43,5168,Alfajores
22/1/2017,14:40:43,5168,Coffee
22/1/2017,14:40:43,5168,Bread
22/1/2017,14:41:39,5169,Coffee
22/1/2017,14:41:39,5169,Coffee
22/1/2017,14:41:39,5169,Spanish Brunch
22/1/2017,14:41:39,5169,Duck egg
22/1/2017,14:49:34,5170,Soup
22/1/2017,14:49:34,5170,Coffee
22/1/2017,14:49:34,5170,Cake
22/1/2017,14:50:10,5171,Coffee
22/1/2017,15:10:22,5172,Sandwich
22/1/2017,15:11:15,5173,Coffee
22/1/2017,15:11:15,5173,Coffee
22/1/2017,15:11:15,5173,Sandwich
22/1/2017,15:11:15,5173,Sandwich
22/1/2017,15:24:56,5174,Tea
22/1/2017,15:24:56,5174,Toast
22/1/2017,15:26:24,5175,Coffee
22/1/2017,15:28:48,5176,Truffles
22/1/2017,15:28:48,5176,Juice
22/1/2017,15:28:48,5176,Bread
22/1/2017,15:28:48,5176,Jammie Dodgers
22/1/2017,15:28:48,5176,Cake
22/1/2017,15:28:48,5176,Medialuna
22/1/2017,15:46:28,5177,Coffee
22/1/2017,15:46:28,5177,Jammie Dodgers
22/1/2017,15:57:40,5178,Bread
22/1/2017,15:59:33,5179,Smoothies
22/1/2017,15:59:33,5179,Tea
22/1/2017,15:59:33,5179,Bread
22/1/2017,15:59:33,5179,Fudge
23/1/2017,8:50:03,5180,Bread
23/1/2017,8:59:12,5181,Bread
23/1/2017,9:04:48,5182,Coffee
23/1/2017,9:04:48,5182,Coffee
23/1/2017,9:05:38,5183,Coffee
23/1/2017,9:40:59,5184,Hot chocolate
23/1/2017,9:40:59,5184,Toast
23/1/2017,9:43:35,5185,Tea
23/1/2017,9:43:35,5185,Hot chocolate
23/1/2017,9:43:35,5185,Sandwich
23/1/2017,10:33:31,5187,Tea
23/1/2017,10:33:31,5187,Coffee
23/1/2017,10:33:31,5187,Hot chocolate
23/1/2017,11:17:31,5188,Cake
23/1/2017,11:28:27,5189,Coffee
23/1/2017,11:28:27,5189,Coffee
23/1/2017,11:28:27,5189,Toast
23/1/2017,11:28:27,5189,Extra Salami or Feta
23/1/2017,11:28:27,5189,Cake
23/1/2017,11:32:40,5190,Bread
23/1/2017,11:32:40,5190,Coffee
23/1/2017,11:32:40,5190,Pastry
23/1/2017,11:52:35,5191,Coffee
23/1/2017,11:52:35,5191,Toast
23/1/2017,12:18:34,5192,Sandwich
23/1/2017,12:18:34,5192,Bread
23/1/2017,12:19:52,5193,Coffee
23/1/2017,12:30:13,5194,Sandwich
23/1/2017,12:30:13,5194,Cake
23/1/2017,12:30:13,5194,Hot chocolate
23/1/2017,12:32:19,5195,Farm House
23/1/2017,12:32:19,5195,Pastry
23/1/2017,12:33:14,5196,Coffee
23/1/2017,12:33:14,5196,Soup
23/1/2017,12:37:16,5197,Soup
23/1/2017,12:37:16,5197,Bread
23/1/2017,12:42:18,5198,Tea
23/1/2017,12:42:18,5198,Tea
23/1/2017,12:45:14,5199,Cake
23/1/2017,12:45:14,5199,Frittata
23/1/2017,12:47:22,5200,Tea
23/1/2017,12:47:22,5200,Coffee
23/1/2017,12:47:22,5200,Cake
23/1/2017,12:55:14,5201,Cookies
23/1/2017,12:55:14,5201,Cake
23/1/2017,12:55:51,5202,Tea
23/1/2017,12:55:51,5202,Cake
23/1/2017,12:55:51,5202,Cake
23/1/2017,12:57:59,5203,Cake
23/1/2017,13:01:44,5204,Cookies
23/1/2017,13:06:52,5205,Cake
23/1/2017,13:06:52,5205,Cookies
23/1/2017,13:06:52,5205,Sandwich
23/1/2017,13:06:52,5205,Soup
23/1/2017,13:06:52,5205,Coffee
23/1/2017,13:06:52,5205,Tea
23/1/2017,13:08:49,5206,Tea
23/1/2017,13:08:49,5206,Cookies
23/1/2017,13:28:37,5207,Bread
23/1/2017,13:42:43,5208,Sandwich
23/1/2017,13:42:43,5208,Sandwich
23/1/2017,13:42:43,5208,Coke
23/1/2017,13:42:43,5208,Cake
23/1/2017,13:42:43,5208,Crisps
23/1/2017,13:44:04,5209,Coffee
23/1/2017,13:44:04,5209,Soup
23/1/2017,13:50:22,5210,Spanish Brunch
23/1/2017,13:50:22,5210,Tea
23/1/2017,13:50:22,5210,Bread
23/1/2017,13:50:22,5210,Cake
23/1/2017,13:51:56,5211,Coffee
23/1/2017,13:55:28,5212,Bread
23/1/2017,14:08:42,5213,Coffee
23/1/2017,14:12:06,5214,Coffee
23/1/2017,14:22:59,5215,Coffee
23/1/2017,14:22:59,5215,Bread
23/1/2017,14:57:54,5216,Bread
23/1/2017,14:57:54,5216,Coffee
23/1/2017,14:57:54,5216,Cake
23/1/2017,15:04:17,5217,Coffee
23/1/2017,15:04:17,5217,Coffee
23/1/2017,15:04:17,5217,Medialuna
23/1/2017,15:14:50,5218,Cake
23/1/2017,15:25:23,5219,Soup
23/1/2017,15:25:23,5219,Coffee
23/1/2017,15:25:23,5219,Coffee
23/1/2017,15:25:23,5219,Coffee
23/1/2017,15:25:23,5219,Cake
23/1/2017,15:33:08,5220,Alfajores
23/1/2017,15:33:08,5220,Coffee
23/1/2017,15:46:26,5221,Coffee
23/1/2017,15:46:26,5221,Chicken Stew
23/1/2017,15:46:26,5221,Juice
23/1/2017,16:14:49,5222,Coffee
23/1/2017,16:14:49,5222,Hot chocolate
23/1/2017,16:14:49,5222,Cake
23/1/2017,16:18:06,5223,Cookies
23/1/2017,16:18:06,5223,Hot chocolate
23/1/2017,16:18:06,5223,Tea
23/1/2017,16:18:06,5223,Toast
23/1/2017,16:39:19,5224,Coffee
23/1/2017,16:40:15,5225,Hot chocolate
23/1/2017,16:40:15,5225,Coffee
23/1/2017,16:40:15,5225,Coffee
23/1/2017,16:40:15,5225,Cake
23/1/2017,16:40:15,5225,Cookies
23/1/2017,16:51:22,5226,Hot chocolate
23/1/2017,16:51:22,5226,Cake
24/1/2017,8:39:40,5227,Bread
24/1/2017,8:42:04,5228,Bread
24/1/2017,8:43:45,5229,Bread
24/1/2017,9:07:46,5230,Coffee
24/1/2017,9:07:46,5230,Coffee
24/1/2017,9:07:46,5230,Pastry
24/1/2017,9:11:49,5231,Coffee
24/1/2017,9:14:31,5232,Coffee
24/1/2017,9:14:31,5232,Scandinavian
24/1/2017,9:14:31,5232,Focaccia
24/1/2017,9:20:01,5233,Bread
24/1/2017,10:00:27,5234,Coffee
24/1/2017,10:00:27,5234,Coffee
24/1/2017,10:24:39,5235,Coffee
24/1/2017,10:42:30,5236,Coffee
24/1/2017,10:50:03,5237,Coffee
24/1/2017,10:53:31,5238,Bread
24/1/2017,10:53:31,5238,Cookies
24/1/2017,11:04:34,5239,Scandinavian
24/1/2017,11:04:50,5240,Scandinavian
24/1/2017,11:05:16,5241,Scandinavian
24/1/2017,11:13:35,5242,Farm House
24/1/2017,11:16:05,5243,Coffee
24/1/2017,11:16:05,5243,Coffee
24/1/2017,11:19:40,5244,Bread
24/1/2017,11:21:10,5245,Farm House
24/1/2017,11:36:46,5247,Coffee
24/1/2017,11:36:46,5247,Vegan mincepie
24/1/2017,11:37:26,5248,Coffee
24/1/2017,11:38:40,5249,Coffee
24/1/2017,11:38:40,5249,Medialuna
24/1/2017,11:38:40,5249,Bread
24/1/2017,11:53:30,5250,Muffin
24/1/2017,11:53:30,5250,Pastry
24/1/2017,11:53:30,5250,Coffee
24/1/2017,11:53:30,5250,Tea
24/1/2017,11:56:21,5251,Cake
24/1/2017,12:00:44,5252,Chicken Stew
24/1/2017,12:06:22,5253,Tea
24/1/2017,12:09:12,5254,Soup
24/1/2017,12:13:47,5255,Bread
24/1/2017,12:13:47,5255,Coffee
24/1/2017,12:13:47,5255,Salad
24/1/2017,12:13:47,5255,Spanish Brunch
24/1/2017,12:15:57,5256,Coke
24/1/2017,12:20:17,5257,Tea
24/1/2017,12:24:28,5258,Chicken Stew
24/1/2017,12:30:06,5259,Bread
24/1/2017,12:38:10,5260,Tea
24/1/2017,12:38:10,5260,Coffee
24/1/2017,12:38:10,5260,Soup
24/1/2017,12:38:10,5260,Art Tray
24/1/2017,12:43:10,5261,Bread
24/1/2017,12:43:10,5261,Focaccia
24/1/2017,12:43:10,5261,Medialuna
24/1/2017,12:43:10,5261,Cookies
24/1/2017,12:43:10,5261,Coffee
24/1/2017,12:46:40,5262,Bread
24/1/2017,13:06:26,5263,Soup
24/1/2017,13:14:04,5264,Chicken Stew
24/1/2017,13:14:04,5264,Art Tray
24/1/2017,13:14:04,5264,Pastry
24/1/2017,13:14:04,5264,Truffles
24/1/2017,13:14:04,5264,Coffee
24/1/2017,13:14:04,5264,Coke
24/1/2017,13:14:04,5264,Bread
24/1/2017,13:17:08,5265,Bread
24/1/2017,13:17:08,5265,Focaccia
24/1/2017,13:23:30,5267,Frittata
24/1/2017,13:23:30,5267,Tea
24/1/2017,13:24:11,5268,Coffee
24/1/2017,13:24:11,5268,Chicken Stew
24/1/2017,13:24:11,5268,Art Tray
24/1/2017,13:27:14,5269,Bread
24/1/2017,13:27:14,5269,Scandinavian
24/1/2017,13:32:41,5271,Tea
24/1/2017,13:32:41,5271,Tea
24/1/2017,13:32:41,5271,Spanish Brunch
24/1/2017,13:32:41,5271,Salad
24/1/2017,13:45:20,5272,Cake
24/1/2017,13:50:03,5273,Coffee
24/1/2017,13:50:03,5273,Coffee
24/1/2017,13:50:03,5273,Hot chocolate
24/1/2017,13:52:19,5274,Spanish Brunch
24/1/2017,13:52:19,5274,Juice
24/1/2017,13:52:19,5274,Truffles
24/1/2017,14:07:30,5275,Coffee
24/1/2017,14:07:30,5275,Pastry
24/1/2017,14:12:09,5276,Cake
24/1/2017,14:20:26,5277,Fudge
24/1/2017,14:20:26,5277,Sandwich
24/1/2017,14:25:51,5278,Muffin
24/1/2017,14:25:51,5278,Cookies
24/1/2017,14:49:06,5279,Bread
24/1/2017,14:49:06,5279,Bread
24/1/2017,15:03:50,5280,Coffee
24/1/2017,15:08:15,5281,Coffee
24/1/2017,15:08:15,5281,Cake
24/1/2017,15:25:59,5282,Tea
24/1/2017,15:25:59,5282,Chicken Stew
24/1/2017,16:08:34,5283,Bread
24/1/2017,16:08:34,5283,Coffee
24/1/2017,16:08:34,5283,Cake
24/1/2017,16:18:26,5284,Bread
24/1/2017,16:18:26,5284,Cake
24/1/2017,16:23:30,5285,Bread
24/1/2017,16:29:59,5286,Coffee
24/1/2017,16:29:59,5286,Bread
24/1/2017,16:40:25,5287,Coffee
24/1/2017,16:40:25,5287,Pastry
24/1/2017,17:09:22,5288,Tea
24/1/2017,17:09:22,5288,Cake
25/1/2017,8:40:22,5289,Bread
25/1/2017,8:47:35,5290,Bread
25/1/2017,8:50:09,5291,Coffee
25/1/2017,8:50:09,5291,Toast
25/1/2017,8:53:10,5292,Coffee
25/1/2017,9:21:23,5293,Bread
25/1/2017,9:21:23,5293,Medialuna
25/1/2017,9:44:21,5294,Eggs
25/1/2017,9:44:21,5294,Coffee
25/1/2017,9:44:21,5294,Pastry
25/1/2017,9:47:20,5295,Coffee
25/1/2017,10:51:33,5296,Scandinavian
25/1/2017,10:51:33,5296,Cookies
25/1/2017,10:53:47,5297,Bread
25/1/2017,10:54:16,5298,Bread
25/1/2017,10:59:58,5299,Bread
25/1/2017,11:18:57,5300,Medialuna
25/1/2017,11:26:57,5301,Farm House
25/1/2017,11:27:35,5302,Baguette
25/1/2017,11:27:35,5302,Bread
25/1/2017,11:30:48,5303,Bread
25/1/2017,11:31:22,5304,Baguette
25/1/2017,12:05:55,5305,Soup
25/1/2017,12:11:15,5306,Tea
25/1/2017,12:36:55,5307,Coffee
25/1/2017,12:36:55,5307,Tea
25/1/2017,12:36:55,5307,Cookies
25/1/2017,12:36:55,5307,Pastry
25/1/2017,12:41:54,5308,Bread
25/1/2017,12:43:26,5309,Bread
25/1/2017,12:49:57,5310,Coffee
25/1/2017,12:49:57,5310,Tea
25/1/2017,12:49:57,5310,Sandwich
25/1/2017,12:49:57,5310,Chicken Stew
25/1/2017,12:54:33,5311,Sandwich
25/1/2017,12:54:33,5311,Coffee
25/1/2017,12:54:33,5311,Coke
25/1/2017,12:56:43,5312,Sandwich
25/1/2017,12:57:19,5313,Sandwich
25/1/2017,13:07:08,5314,Coffee
25/1/2017,13:49:32,5315,Bread
25/1/2017,13:54:04,5316,Sandwich
25/1/2017,13:54:04,5316,Tea
25/1/2017,13:54:04,5316,Coffee
25/1/2017,14:10:42,5317,Hot chocolate
25/1/2017,14:10:42,5317,Bread
25/1/2017,14:38:01,5318,Tea
25/1/2017,14:38:01,5318,The Nomad
25/1/2017,14:38:01,5318,Cake
25/1/2017,14:39:20,5319,Bread
25/1/2017,14:39:20,5319,Tea
25/1/2017,14:39:20,5319,Soup
25/1/2017,14:41:12,5320,Tea
25/1/2017,14:41:12,5320,Soup
25/1/2017,14:41:12,5320,Sandwich
25/1/2017,14:41:12,5320,Medialuna
25/1/2017,14:57:13,5321,Coffee
25/1/2017,14:57:13,5321,Tea
25/1/2017,14:57:13,5321,Cake
25/1/2017,14:59:34,5322,Sandwich
25/1/2017,15:18:15,5323,Tea
25/1/2017,15:19:30,5324,Coke
25/1/2017,15:21:05,5325,Bread
25/1/2017,15:28:08,5326,Tea
25/1/2017,15:29:12,5327,Juice
25/1/2017,15:29:12,5327,Cake
25/1/2017,15:58:59,5328,Cake
25/1/2017,15:58:59,5328,Coffee
25/1/2017,16:33:26,5329,Muffin
26/1/2017,8:45:53,5336,Bread
26/1/2017,8:54:18,5337,Bread
26/1/2017,8:54:18,5337,Medialuna
26/1/2017,9:15:45,5338,Tea
26/1/2017,9:36:34,5339,Bread
26/1/2017,9:36:34,5339,Coffee
26/1/2017,9:36:58,5340,Bread
26/1/2017,9:48:21,5341,Farm House
26/1/2017,9:49:49,5342,Bread
26/1/2017,9:49:49,5342,Coffee
26/1/2017,9:49:49,5342,Tea
26/1/2017,9:49:49,5342,Cookies
26/1/2017,9:49:49,5342,Hot chocolate
26/1/2017,9:51:47,5343,Coffee
26/1/2017,10:40:06,5344,Coffee
26/1/2017,10:46:25,5345,Bread
26/1/2017,10:46:25,5345,Muffin
26/1/2017,10:46:25,5345,Coffee
26/1/2017,11:00:04,5346,Muffin
26/1/2017,11:05:37,5347,Cookies
26/1/2017,11:05:37,5347,Juice
26/1/2017,11:07:23,5348,Cookies
26/1/2017,11:07:23,5348,Cookies
26/1/2017,11:07:23,5348,Coffee
26/1/2017,11:07:23,5348,Hot chocolate
26/1/2017,11:09:22,5349,Tea
26/1/2017,11:09:22,5349,Muffin
26/1/2017,11:09:22,5349,Cake
26/1/2017,11:09:22,5349,Juice
26/1/2017,11:09:22,5349,Coffee
26/1/2017,11:11:33,5350,Tea
26/1/2017,11:11:33,5350,Muffin
26/1/2017,11:11:33,5350,Cake
26/1/2017,11:11:33,5350,Juice
26/1/2017,11:11:33,5350,Coffee
26/1/2017,11:17:10,5352,Coffee
26/1/2017,11:18:03,5353,Bread
26/1/2017,11:18:03,5353,Coffee
26/1/2017,11:18:03,5353,Toast
26/1/2017,11:19:14,5354,Coffee
26/1/2017,11:19:14,5354,Hot chocolate
26/1/2017,11:19:14,5354,Art Tray
26/1/2017,11:19:14,5354,Sandwich
26/1/2017,11:20:03,5355,Juice
26/1/2017,11:20:03,5355,Tea
26/1/2017,11:20:03,5355,Muffin
26/1/2017,11:35:58,5356,Coffee
26/1/2017,11:35:58,5356,Coffee
26/1/2017,11:54:39,5357,Coffee
26/1/2017,12:13:16,5358,Coffee
26/1/2017,12:13:16,5358,Coffee
26/1/2017,12:13:16,5358,Cookies
26/1/2017,12:18:31,5359,Bread
26/1/2017,12:18:31,5359,Baguette
26/1/2017,12:19:05,5360,Coffee
26/1/2017,12:19:05,5360,Bread
26/1/2017,12:24:12,5361,Coffee
26/1/2017,12:28:58,5362,Bread
26/1/2017,12:28:58,5362,Spanish Brunch
26/1/2017,12:29:52,5363,Coffee
26/1/2017,12:29:52,5363,Muffin
26/1/2017,12:30:59,5364,Hot chocolate
26/1/2017,12:30:59,5364,Baguette
26/1/2017,12:36:05,5365,Coffee
26/1/2017,12:36:05,5365,Sandwich
26/1/2017,12:36:05,5365,Medialuna
26/1/2017,12:41:27,5366,Bread
26/1/2017,12:58:37,5367,Coffee
26/1/2017,12:58:37,5367,Tea
26/1/2017,12:58:37,5367,Soup
26/1/2017,13:12:25,5368,Bread
26/1/2017,13:12:25,5368,Medialuna
26/1/2017,13:16:55,5369,Chicken Stew
26/1/2017,13:25:41,5370,Spanish Brunch
26/1/2017,13:25:41,5370,Tea
26/1/2017,13:25:41,5370,Coffee
26/1/2017,13:40:04,5371,Coffee
26/1/2017,13:40:04,5371,Soup
26/1/2017,13:40:04,5371,Coffee
26/1/2017,13:40:04,5371,Muffin
26/1/2017,13:41:06,5372,Cake
26/1/2017,13:41:06,5372,Soup
26/1/2017,13:41:06,5372,Tea
26/1/2017,13:42:17,5373,Sandwich
26/1/2017,13:42:17,5373,Bread
26/1/2017,13:42:17,5373,Muffin
26/1/2017,13:50:14,5374,Sandwich
26/1/2017,13:50:14,5374,Coffee
26/1/2017,13:50:14,5374,Bread
26/1/2017,13:52:19,5375,Bread
26/1/2017,13:52:19,5375,Baguette
26/1/2017,14:06:49,5376,Pastry
26/1/2017,14:06:49,5376,Bread
26/1/2017,14:06:49,5376,Jam
26/1/2017,14:10:23,5377,Bread
26/1/2017,14:16:56,5378,Pastry
26/1/2017,14:39:44,5379,Cake
26/1/2017,14:39:44,5379,Cake
26/1/2017,15:08:29,5380,Chicken Stew
26/1/2017,15:08:29,5380,Spanish Brunch
26/1/2017,15:21:31,5381,Bread
26/1/2017,15:21:31,5381,Farm House
26/1/2017,15:26:52,5382,Tea
26/1/2017,15:26:52,5382,Cake
26/1/2017,15:39:36,5383,Tea
26/1/2017,15:39:36,5383,Tea
26/1/2017,15:39:36,5383,Medialuna
26/1/2017,15:58:10,5384,Tea
26/1/2017,15:58:10,5384,Coffee
26/1/2017,15:58:10,5384,Cookies
26/1/2017,16:32:42,5385,Coffee
26/1/2017,16:32:42,5385,Muffin
26/1/2017,16:56:34,5386,Bread
27/1/2017,8:29:00,5387,Pastry
27/1/2017,8:29:00,5387,Hot chocolate
27/1/2017,8:35:11,5388,Bread
27/1/2017,8:39:13,5389,Bread
27/1/2017,8:56:56,5390,Bread
27/1/2017,8:56:56,5390,Cookies
27/1/2017,9:00:11,5391,Coffee
27/1/2017,9:00:11,5391,Toast
27/1/2017,9:12:40,5392,Bread
27/1/2017,9:12:40,5392,Bread
27/1/2017,9:13:40,5393,Coffee
27/1/2017,9:34:02,5394,Coffee
27/1/2017,9:34:02,5394,Juice
27/1/2017,9:34:02,5394,Pastry
27/1/2017,9:36:12,5395,Cookies
27/1/2017,9:36:12,5395,Muffin
27/1/2017,9:36:12,5395,Coffee
27/1/2017,9:36:12,5395,Coffee
27/1/2017,9:36:12,5395,Coffee
27/1/2017,9:52:39,5396,Bread
27/1/2017,9:52:39,5396,Pastry
27/1/2017,9:54:05,5397,Medialuna
27/1/2017,9:55:24,5398,Farm House
27/1/2017,10:15:38,5399,The Nomad
27/1/2017,10:15:38,5399,Spanish Brunch
27/1/2017,10:15:38,5399,Tea
27/1/2017,10:15:38,5399,Bread
27/1/2017,10:32:42,5400,Coffee
27/1/2017,10:32:42,5400,Medialuna
27/1/2017,10:33:08,5401,Farm House
27/1/2017,10:33:08,5401,Scandinavian
27/1/2017,10:33:53,5402,Bread
27/1/2017,10:40:05,5403,Coffee
27/1/2017,10:45:44,5404,Coffee
27/1/2017,10:58:32,5405,Coffee
27/1/2017,10:58:32,5405,Cookies
27/1/2017,10:58:32,5405,Bread
27/1/2017,11:02:19,5406,Coffee
27/1/2017,11:02:19,5406,Coffee
27/1/2017,11:02:19,5406,Juice
27/1/2017,11:05:49,5407,Coffee
27/1/2017,11:05:49,5407,Medialuna
27/1/2017,11:05:49,5407,Bread
27/1/2017,11:06:38,5408,Coffee
27/1/2017,11:06:38,5408,Toast
27/1/2017,11:11:11,5409,Coffee
27/1/2017,11:11:11,5409,Pastry
27/1/2017,11:11:11,5409,Coffee
27/1/2017,11:12:16,5410,Farm House
27/1/2017,11:14:29,5411,Cake
27/1/2017,11:14:29,5411,Muffin
27/1/2017,11:14:29,5411,Bread
27/1/2017,11:14:29,5411,Coffee
27/1/2017,11:14:29,5411,Coffee
27/1/2017,11:22:14,5412,Coffee
27/1/2017,11:31:24,5413,Bread
27/1/2017,11:40:11,5414,Coffee
27/1/2017,11:40:11,5414,Muffin
27/1/2017,11:52:12,5415,Sandwich
27/1/2017,12:00:20,5416,Pastry
27/1/2017,12:00:20,5416,Hot chocolate
27/1/2017,12:00:20,5416,Coffee
27/1/2017,12:00:20,5416,Cake
27/1/2017,12:04:50,5417,Scone
27/1/2017,12:04:50,5417,Coffee
27/1/2017,12:04:50,5417,Bread
27/1/2017,12:09:54,5418,Coffee
27/1/2017,12:09:54,5418,Coffee
27/1/2017,12:09:54,5418,Tea
27/1/2017,12:09:54,5418,Cake
27/1/2017,12:09:54,5418,Medialuna
27/1/2017,12:11:59,5419,Bread
27/1/2017,12:12:23,5420,Bread
27/1/2017,12:15:27,5421,Tea
27/1/2017,12:15:27,5421,Soup
27/1/2017,12:17:59,5422,Coffee
27/1/2017,12:17:59,5422,Coffee
27/1/2017,12:19:00,5423,Coffee
27/1/2017,12:19:00,5423,Sandwich
27/1/2017,12:20:21,5424,Bread
27/1/2017,12:22:19,5425,Truffles
27/1/2017,12:22:19,5425,Soup
27/1/2017,12:22:53,5426,Soup
27/1/2017,12:22:53,5426,Truffles
27/1/2017,12:45:17,5427,Chicken Stew
27/1/2017,12:45:17,5427,Coffee
27/1/2017,12:53:31,5428,Soup
27/1/2017,12:56:56,5429,Soup
27/1/2017,13:02:18,5430,Spanish Brunch
27/1/2017,13:02:18,5430,Truffles
27/1/2017,13:02:18,5430,Juice
27/1/2017,13:02:18,5430,Sandwich
27/1/2017,13:03:25,5431,Cookies
27/1/2017,13:15:54,5432,Bread
27/1/2017,13:15:54,5432,Muffin
27/1/2017,13:23:13,5433,Coffee
27/1/2017,13:23:13,5433,Tea
27/1/2017,13:23:13,5433,Brownie
27/1/2017,13:43:16,5434,Tea
27/1/2017,13:44:13,5435,Coffee
27/1/2017,13:44:13,5435,Tea
27/1/2017,13:44:13,5435,Soup
27/1/2017,13:44:13,5435,Extra Salami or Feta
27/1/2017,13:44:55,5436,Baguette
27/1/2017,13:46:30,5437,Bread
27/1/2017,13:46:30,5437,Muffin
27/1/2017,13:46:30,5437,Tea
27/1/2017,13:46:30,5437,Soup
27/1/2017,13:48:27,5438,Coffee
27/1/2017,13:48:27,5438,Soup
27/1/2017,13:48:27,5438,Sandwich
27/1/2017,13:59:18,5440,Coffee
27/1/2017,14:12:26,5441,Tea
27/1/2017,14:13:24,5442,Tea
27/1/2017,14:14:04,5443,Tea
27/1/2017,14:23:41,5444,Coffee
27/1/2017,14:23:41,5444,Scone
27/1/2017,14:26:22,5445,Cookies
27/1/2017,14:26:22,5445,Muffin
27/1/2017,14:26:22,5445,Coffee
27/1/2017,14:49:14,5446,Bread
27/1/2017,14:49:14,5446,Cookies
27/1/2017,14:52:09,5447,Coffee
27/1/2017,15:01:10,5448,Scone
27/1/2017,15:01:10,5448,Soup
27/1/2017,15:01:10,5448,Hot chocolate
27/1/2017,15:05:24,5449,Scone
27/1/2017,15:05:24,5449,Coffee
27/1/2017,15:05:59,5450,Bread
27/1/2017,15:12:26,5451,Bread
27/1/2017,15:12:26,5451,Cookies
27/1/2017,15:52:00,5452,Cake
27/1/2017,15:52:00,5452,Toast
27/1/2017,15:52:00,5452,Scone
27/1/2017,15:52:00,5452,Juice
27/1/2017,15:52:00,5452,Bread
27/1/2017,16:14:03,5453,Cake
27/1/2017,16:14:03,5453,Hot chocolate
27/1/2017,16:14:03,5453,Tea
27/1/2017,16:18:16,5454,Tea
27/1/2017,16:18:16,5454,Tea
27/1/2017,16:18:16,5454,Soup
27/1/2017,16:18:16,5454,Bakewell
27/1/2017,16:38:46,5455,Coffee
27/1/2017,16:38:46,5455,Coffee
27/1/2017,16:38:46,5455,Coffee
27/1/2017,16:38:46,5455,Bread
27/1/2017,16:38:46,5455,Bakewell
27/1/2017,16:38:46,5455,Brownie
27/1/2017,16:38:46,5455,Cookies
27/1/2017,16:38:46,5455,Cake
27/1/2017,16:39:12,5456,Cake
27/1/2017,16:39:12,5456,Coffee
27/1/2017,16:43:56,5457,Coffee
27/1/2017,16:43:56,5457,Cookies
27/1/2017,16:43:56,5457,Cake
27/1/2017,17:03:04,5458,Tea
27/1/2017,17:03:04,5458,Cookies
27/1/2017,17:03:04,5458,Coffee
27/1/2017,20:20:02,5459,Coffee
28/1/2017,8:52:09,5460,Pastry
28/1/2017,8:52:09,5460,Medialuna
28/1/2017,8:52:09,5460,Coffee
28/1/2017,8:52:09,5460,Juice
28/1/2017,8:52:09,5460,Farm House
28/1/2017,8:52:09,5460,Brownie
28/1/2017,8:57:27,5461,Bread
28/1/2017,9:01:06,5462,Coffee
28/1/2017,9:01:06,5462,Bread
28/1/2017,9:01:06,5462,Pastry
28/1/2017,9:01:06,5462,Alfajores
28/1/2017,9:19:50,5463,Scone
28/1/2017,9:20:41,5464,Scone
28/1/2017,9:20:41,5464,Pastry
28/1/2017,9:22:17,5465,Pastry
28/1/2017,9:22:17,5465,Coffee
28/1/2017,9:22:17,5465,Coffee
28/1/2017,9:26:32,5466,Bread
28/1/2017,9:26:32,5466,Eggs
28/1/2017,9:37:37,5467,Coffee
28/1/2017,9:37:37,5467,Toast
28/1/2017,9:40:59,5468,Tea
28/1/2017,9:42:30,5469,Bread
28/1/2017,9:42:30,5469,Baguette
28/1/2017,9:43:17,5470,Farm House
28/1/2017,9:44:49,5471,Bread
28/1/2017,9:44:49,5471,Medialuna
28/1/2017,9:47:06,5472,Farm House
28/1/2017,9:47:06,5472,Baguette
28/1/2017,9:48:09,5473,The Nomad
28/1/2017,9:48:09,5473,Tea
28/1/2017,9:48:09,5473,Coffee
28/1/2017,9:54:31,5474,Coffee
28/1/2017,9:54:31,5474,Bakewell
28/1/2017,9:54:31,5474,Pastry
28/1/2017,9:54:31,5474,Juice
28/1/2017,9:54:31,5474,Hot chocolate
28/1/2017,9:55:55,5475,Baguette
28/1/2017,9:55:55,5475,Coffee
28/1/2017,9:55:55,5475,Bakewell
28/1/2017,10:10:19,5476,Bread
28/1/2017,10:10:40,5477,Coffee
28/1/2017,10:12:32,5478,Coffee
28/1/2017,10:12:32,5478,Coffee
28/1/2017,10:12:32,5478,Coffee
28/1/2017,10:12:32,5478,Pastry
28/1/2017,10:19:45,5479,Coffee
28/1/2017,10:19:45,5479,Coffee
28/1/2017,10:19:45,5479,Hot chocolate
28/1/2017,10:19:45,5479,Muffin
28/1/2017,10:21:32,5480,Scandinavian
28/1/2017,10:23:03,5481,Toast
28/1/2017,10:23:03,5481,Tea
28/1/2017,10:23:03,5481,Coffee
28/1/2017,10:26:02,5482,Bread
28/1/2017,10:31:29,5483,Bread
28/1/2017,10:32:45,5484,Bread
28/1/2017,10:32:45,5484,Medialuna
28/1/2017,10:37:12,5485,Coffee
28/1/2017,10:37:12,5485,Tea
28/1/2017,10:38:58,5486,Coffee
28/1/2017,10:38:58,5486,Cookies
28/1/2017,10:44:26,5487,Frittata
28/1/2017,10:44:26,5487,Pastry
28/1/2017,10:44:26,5487,Vegan mincepie
28/1/2017,10:50:11,5488,Bread
28/1/2017,10:52:15,5489,Coffee
28/1/2017,10:52:15,5489,Muffin
28/1/2017,10:53:24,5490,Medialuna
28/1/2017,10:55:47,5491,Cake
28/1/2017,11:00:56,5492,Coffee
28/1/2017,11:00:56,5492,Brownie
28/1/2017,11:00:56,5492,Bread
28/1/2017,11:00:56,5492,Frittata
28/1/2017,11:00:56,5492,Juice
28/1/2017,11:00:56,5492,Smoothies
28/1/2017,11:00:56,5492,Scone
28/1/2017,11:02:24,5493,Bread
28/1/2017,11:02:24,5493,Coffee
28/1/2017,11:02:24,5493,Bakewell
28/1/2017,11:04:11,5494,Coffee
28/1/2017,11:04:11,5494,Coffee
28/1/2017,11:06:53,5495,Bread
28/1/2017,11:06:53,5495,Focaccia
28/1/2017,11:08:10,5496,The Nomad
28/1/2017,11:08:10,5496,Tea
28/1/2017,11:08:10,5496,Coffee
28/1/2017,11:09:32,5497,Bread
28/1/2017,11:11:32,5498,Bread
28/1/2017,11:11:32,5498,Baguette
28/1/2017,11:12:35,5499,Bread
28/1/2017,11:13:26,5500,Tea
28/1/2017,11:21:15,5501,Coffee
28/1/2017,11:21:15,5501,Coffee
28/1/2017,11:21:15,5501,Medialuna
28/1/2017,11:22:00,5502,Juice
28/1/2017,11:23:12,5503,Coffee
28/1/2017,11:23:12,5503,Hot chocolate
28/1/2017,11:23:12,5503,Brownie
28/1/2017,11:24:25,5504,Coffee
28/1/2017,11:24:25,5504,Coffee
28/1/2017,11:24:25,5504,Medialuna
28/1/2017,11:29:05,5505,Coffee
28/1/2017,11:32:23,5506,Brownie
28/1/2017,11:32:23,5506,Bread
28/1/2017,11:43:56,5507,Coffee
28/1/2017,11:43:56,5507,Scone
28/1/2017,11:48:22,5508,Tea
28/1/2017,11:48:22,5508,Hot chocolate
28/1/2017,11:48:22,5508,Scone
28/1/2017,11:49:08,5509,Salad
28/1/2017,11:49:08,5509,Extra Salami or Feta
28/1/2017,11:49:08,5509,Sandwich
28/1/2017,11:49:08,5509,Coffee
28/1/2017,11:50:18,5510,Cake
28/1/2017,11:50:18,5510,Jam
28/1/2017,11:52:25,5511,Hot chocolate
28/1/2017,11:52:25,5511,Bread
28/1/2017,11:52:25,5511,Brownie
28/1/2017,11:52:25,5511,Scone
28/1/2017,11:55:40,5512,Bakewell
28/1/2017,11:55:40,5512,Cake
28/1/2017,11:55:40,5512,Bread
28/1/2017,11:57:02,5513,Coffee
28/1/2017,11:57:02,5513,Bread
28/1/2017,11:57:02,5513,Muffin
28/1/2017,11:57:02,5513,Cake
28/1/2017,11:58:19,5514,Scone
28/1/2017,11:58:19,5514,Hot chocolate
28/1/2017,11:59:12,5515,Bread
28/1/2017,11:59:12,5515,Jam
28/1/2017,11:59:12,5515,Scone
28/1/2017,12:00:42,5516,Hot chocolate
28/1/2017,12:00:42,5516,Scone
28/1/2017,12:01:58,5517,Scandinavian
28/1/2017,12:04:16,5518,Coffee
28/1/2017,12:12:40,5519,Bread
28/1/2017,12:12:40,5519,Coffee
28/1/2017,12:20:31,5520,Coffee
28/1/2017,12:20:31,5520,Bread
28/1/2017,12:20:31,5520,Frittata
28/1/2017,12:22:48,5521,Bread
28/1/2017,12:22:48,5521,Focaccia
28/1/2017,12:26:03,5522,Bread
28/1/2017,12:26:03,5522,Gingerbread syrup
28/1/2017,12:27:23,5523,Coffee
28/1/2017,12:27:23,5523,Bread
28/1/2017,12:30:03,5524,Bread
28/1/2017,12:37:26,5525,Bread
28/1/2017,12:37:26,5525,Tea
28/1/2017,12:40:49,5526,Bread
28/1/2017,12:50:45,5527,Spanish Brunch
28/1/2017,12:50:45,5527,Toast
28/1/2017,12:50:45,5527,Juice
28/1/2017,12:50:45,5527,Coffee
28/1/2017,13:05:57,5528,Bread
28/1/2017,13:05:57,5528,Focaccia
28/1/2017,13:16:33,5529,Coffee
28/1/2017,13:16:33,5529,Bread
28/1/2017,13:16:33,5529,Frittata
28/1/2017,13:16:33,5529,Salad
28/1/2017,13:16:33,5529,Sandwich
28/1/2017,13:19:03,5530,Coffee
28/1/2017,13:20:06,5531,Brownie
28/1/2017,13:20:06,5531,Tea
28/1/2017,13:22:52,5532,Sandwich
28/1/2017,13:31:58,5533,Bread
28/1/2017,13:34:16,5534,Chicken Stew
28/1/2017,13:34:16,5534,Sandwich
28/1/2017,13:34:16,5534,Sandwich
28/1/2017,13:34:16,5534,Tea
28/1/2017,13:34:16,5534,Bread
28/1/2017,13:35:30,5535,Soup
28/1/2017,13:35:30,5535,Sandwich
28/1/2017,13:35:30,5535,Coffee
28/1/2017,13:37:37,5536,Tea
28/1/2017,13:37:37,5536,Bread
28/1/2017,13:42:20,5537,Bread
28/1/2017,13:51:29,5538,Bread
28/1/2017,13:53:37,5539,Valentine's card
28/1/2017,14:06:07,5540,Coffee
28/1/2017,14:06:07,5540,Coffee
28/1/2017,14:20:01,5541,Scandinavian
28/1/2017,14:20:01,5541,Cake
28/1/2017,14:22:01,5542,Focaccia
28/1/2017,14:23:52,5543,Scandinavian
28/1/2017,14:23:52,5543,Bread
28/1/2017,14:23:52,5543,Jam
28/1/2017,14:23:52,5543,Salad
28/1/2017,14:23:52,5543,Extra Salami or Feta
28/1/2017,14:23:52,5543,Frittata
28/1/2017,14:23:52,5543,Mineral water
28/1/2017,14:27:27,5544,Hot chocolate
28/1/2017,14:45:55,5545,Cake
28/1/2017,14:45:55,5545,Coke
28/1/2017,14:52:44,5546,Scone
28/1/2017,14:52:44,5546,Tea
28/1/2017,14:58:43,5547,Tea
28/1/2017,14:58:43,5547,Tea
28/1/2017,15:07:26,5548,Cake
28/1/2017,15:07:26,5548,Brownie
28/1/2017,15:08:58,5549,Brownie
28/1/2017,15:10:01,5550,Coffee
28/1/2017,15:15:34,5551,Bread
28/1/2017,15:16:07,5552,Bread
28/1/2017,15:16:07,5552,Coffee
28/1/2017,15:16:49,5553,Coffee
28/1/2017,15:16:49,5553,Tea
28/1/2017,15:16:49,5553,Scone
28/1/2017,15:19:02,5554,Coffee
28/1/2017,15:19:02,5554,Coffee
28/1/2017,15:30:39,5555,Coffee
28/1/2017,15:32:58,5556,Tea
28/1/2017,15:32:58,5556,Muffin
28/1/2017,15:43:28,5557,Hot chocolate
28/1/2017,15:43:28,5557,Tea
28/1/2017,15:43:28,5557,Medialuna
28/1/2017,15:49:39,5558,Coffee
28/1/2017,15:49:39,5558,Hot chocolate
28/1/2017,15:49:39,5558,Bread
28/1/2017,15:59:43,5559,Bread
28/1/2017,16:00:59,5560,Coffee
28/1/2017,16:00:59,5560,Coffee
28/1/2017,16:00:59,5560,Tea
28/1/2017,16:00:59,5560,Bread
28/1/2017,16:02:30,5561,Coffee
28/1/2017,16:02:30,5561,Tea
28/1/2017,16:05:18,5562,Coffee
28/1/2017,16:05:18,5562,Coffee
28/1/2017,16:05:18,5562,Tea
28/1/2017,16:05:18,5562,Juice
28/1/2017,16:05:18,5562,Cake
28/1/2017,16:05:18,5562,Bakewell
28/1/2017,16:05:18,5562,Cookies
28/1/2017,16:05:18,5562,Sandwich
28/1/2017,16:41:53,5564,Coffee
28/1/2017,16:49:02,5565,Coffee
29/1/2017,8:57:13,5566,Bread
29/1/2017,8:57:13,5566,Pastry
29/1/2017,9:22:36,5567,Baguette
29/1/2017,9:22:36,5567,Brownie
29/1/2017,9:28:44,5568,Bread
29/1/2017,9:43:57,5569,Cookies
29/1/2017,9:43:57,5569,Coffee
29/1/2017,9:43:57,5569,Pastry
29/1/2017,9:43:57,5569,Cookies
29/1/2017,9:58:16,5570,Coffee
29/1/2017,10:13:37,5571,Coffee
29/1/2017,10:13:37,5571,Hot chocolate
29/1/2017,10:13:37,5571,Bread
29/1/2017,10:18:52,5572,Coffee
29/1/2017,10:35:16,5573,Coffee
29/1/2017,10:35:16,5573,Pastry
29/1/2017,10:35:16,5573,Coffee
29/1/2017,10:52:48,5574,Tea
29/1/2017,10:56:12,5575,Coffee
29/1/2017,11:02:45,5576,Pastry
29/1/2017,11:02:45,5576,Muffin
29/1/2017,11:14:35,5577,Coffee
29/1/2017,11:14:35,5577,Tea
29/1/2017,11:14:35,5577,Soup
29/1/2017,11:17:42,5578,Cookies
29/1/2017,11:17:42,5578,Brownie
29/1/2017,11:20:55,5579,Baguette
29/1/2017,11:21:35,5580,Baguette
29/1/2017,11:22:25,5581,Farm House
29/1/2017,11:25:34,5582,Coffee
29/1/2017,11:34:09,5583,Coffee
29/1/2017,11:34:09,5583,Coffee
29/1/2017,11:34:09,5583,Medialuna
29/1/2017,11:34:09,5583,Cookies
29/1/2017,11:40:08,5584,Farm House
29/1/2017,11:42:01,5585,Coffee
29/1/2017,11:42:01,5585,Granola
29/1/2017,11:42:01,5585,Bread
29/1/2017,11:45:21,5586,Coffee
29/1/2017,11:45:21,5586,Spanish Brunch
29/1/2017,11:51:20,5587,Cake
29/1/2017,11:51:20,5587,Bread
29/1/2017,11:51:20,5587,Baguette
29/1/2017,11:59:02,5588,The Nomad
29/1/2017,11:59:02,5588,Coffee
29/1/2017,11:59:02,5588,Farm House
29/1/2017,11:59:02,5588,Coffee
29/1/2017,12:00:07,5589,Bread
29/1/2017,12:00:07,5589,Bread
29/1/2017,12:06:22,5590,Juice
29/1/2017,12:12:04,5591,Spanish Brunch
29/1/2017,12:12:04,5591,Extra Salami or Feta
29/1/2017,12:12:04,5591,Coffee
29/1/2017,12:21:36,5592,Bread
29/1/2017,12:21:36,5592,Granola
29/1/2017,12:21:36,5592,Pastry
29/1/2017,12:22:37,5593,Bread
29/1/2017,12:22:37,5593,Coffee
29/1/2017,12:22:37,5593,Pastry
29/1/2017,12:27:25,5594,Bread
29/1/2017,12:27:25,5594,Bread
29/1/2017,12:35:10,5595,Brownie
29/1/2017,12:39:29,5596,Spanish Brunch
29/1/2017,12:39:29,5596,Coffee
29/1/2017,12:39:29,5596,Smoothies
29/1/2017,12:48:58,5597,Bread
29/1/2017,12:48:58,5597,Coffee
29/1/2017,12:48:58,5597,Pastry
29/1/2017,12:48:58,5597,Scone
29/1/2017,12:54:43,5598,Hot chocolate
29/1/2017,12:54:43,5598,Coffee
29/1/2017,12:54:43,5598,Sandwich
29/1/2017,12:54:43,5598,Toast
29/1/2017,12:54:43,5598,Cake
29/1/2017,12:57:50,5599,Bread
29/1/2017,12:59:25,5600,Pastry
29/1/2017,12:59:25,5600,Coffee
29/1/2017,12:59:25,5600,Coffee
29/1/2017,12:59:25,5600,Bread
29/1/2017,13:24:52,5601,Hot chocolate
29/1/2017,13:24:52,5601,Tea
29/1/2017,13:24:52,5601,Alfajores
29/1/2017,13:24:52,5601,Medialuna
29/1/2017,13:24:52,5601,Medialuna
29/1/2017,13:54:55,5603,Tea
29/1/2017,13:54:55,5603,Bread
29/1/2017,13:58:30,5604,Sandwich
29/1/2017,13:58:30,5604,Juice
29/1/2017,13:58:30,5604,Truffles
29/1/2017,13:58:30,5604,Coffee
29/1/2017,13:58:30,5604,Medialuna
29/1/2017,13:58:30,5604,Scone
29/1/2017,13:59:54,5605,Bread
29/1/2017,13:59:54,5605,Coffee
29/1/2017,13:59:54,5605,Sandwich
29/1/2017,13:59:54,5605,Medialuna
29/1/2017,14:12:10,5606,Coffee
29/1/2017,14:12:10,5606,Bread
29/1/2017,14:12:10,5606,Pastry
29/1/2017,14:12:10,5606,Frittata
29/1/2017,14:13:43,5607,Frittata
29/1/2017,14:13:43,5607,Bread
29/1/2017,14:17:23,5608,Coffee
29/1/2017,14:17:23,5608,Soup
29/1/2017,14:17:23,5608,Sandwich
29/1/2017,14:22:17,5609,Coffee
29/1/2017,14:22:17,5609,Sandwich
29/1/2017,14:22:17,5609,Salad
29/1/2017,14:50:45,5610,Salad
29/1/2017,14:54:27,5611,Bread
29/1/2017,14:56:00,5612,Fudge
29/1/2017,14:56:00,5612,Jam
29/1/2017,15:03:22,5613,Tea
29/1/2017,15:03:22,5613,Hot chocolate
29/1/2017,15:03:22,5613,Cake
29/1/2017,15:03:22,5613,Medialuna
29/1/2017,15:03:22,5613,Medialuna
29/1/2017,15:04:58,5614,Bakewell
29/1/2017,15:04:58,5614,Hot chocolate
29/1/2017,15:04:58,5614,Toast
29/1/2017,15:04:58,5614,Chicken Stew
29/1/2017,15:25:49,5615,Coffee
29/1/2017,15:25:49,5615,Tea
29/1/2017,15:25:49,5615,Pastry
29/1/2017,15:35:06,5616,Cookies
29/1/2017,15:35:06,5616,Cookies
29/1/2017,15:35:06,5616,Cake
29/1/2017,15:35:06,5616,Baguette
29/1/2017,15:35:06,5616,Cookies
29/1/2017,15:53:37,5617,Bread
29/1/2017,15:53:37,5617,Tea
29/1/2017,15:53:37,5617,Cake
29/1/2017,15:53:37,5617,Bread
29/1/2017,15:53:37,5617,Chicken Stew
29/1/2017,16:03:33,5618,Spanish Brunch
29/1/2017,16:03:33,5618,Coffee
29/1/2017,16:03:33,5618,Hot chocolate
29/1/2017,16:03:33,5618,Bakewell
29/1/2017,16:03:33,5618,Bread
29/1/2017,16:04:36,5620,Medialuna
29/1/2017,16:19:23,5621,Cake
29/1/2017,16:19:23,5621,Scone
29/1/2017,16:19:23,5621,Medialuna
29/1/2017,16:19:23,5621,Coffee
29/1/2017,16:19:23,5621,Tea
29/1/2017,16:31:07,5622,Coffee
29/1/2017,16:31:07,5622,Medialuna
30/1/2017,8:36:03,5623,Bread
30/1/2017,8:58:23,5624,Pastry
30/1/2017,9:25:40,5625,Coffee
30/1/2017,9:25:40,5625,Coffee
30/1/2017,9:44:43,5626,Bread
30/1/2017,9:44:43,5626,Pastry
30/1/2017,9:48:45,5627,Bread
30/1/2017,9:48:45,5627,Bread
30/1/2017,9:53:56,5628,Bread
30/1/2017,9:58:01,5629,Bread
30/1/2017,10:14:14,5630,Bread
30/1/2017,11:00:49,5631,Pastry
30/1/2017,11:01:58,5632,Pastry
30/1/2017,11:01:58,5632,Coffee
30/1/2017,11:01:58,5632,Coffee
30/1/2017,11:04:48,5633,Bread
30/1/2017,11:17:53,5634,Farm House
30/1/2017,11:17:53,5634,Jam
30/1/2017,11:17:53,5634,Scandinavian
30/1/2017,11:33:28,5635,Coffee
30/1/2017,11:33:28,5635,Cookies
30/1/2017,12:08:42,5636,Pastry
30/1/2017,12:08:42,5636,Coffee
30/1/2017,12:08:42,5636,Coffee
30/1/2017,12:22:09,5637,Sandwich
30/1/2017,12:22:09,5637,Sandwich
30/1/2017,12:23:06,5638,Coffee
30/1/2017,12:23:06,5638,Cookies
30/1/2017,12:44:09,5639,Coffee
30/1/2017,12:44:09,5639,Coffee
30/1/2017,12:44:09,5639,Pastry
30/1/2017,12:45:41,5640,Coffee
30/1/2017,12:45:41,5640,Bread
30/1/2017,12:47:02,5641,Coffee
30/1/2017,12:47:02,5641,Coffee
30/1/2017,12:47:02,5641,Bread
30/1/2017,12:47:02,5641,Soup
30/1/2017,12:56:14,5642,Bread
30/1/2017,12:56:14,5642,Jam
30/1/2017,12:56:14,5642,Fudge
30/1/2017,12:56:14,5642,Juice
30/1/2017,13:15:42,5643,Baguette
30/1/2017,13:20:57,5644,Soup
30/1/2017,13:25:26,5645,Soup
30/1/2017,13:55:02,5646,Chicken Stew
30/1/2017,14:13:59,5647,Coffee
30/1/2017,14:13:59,5647,Tea
30/1/2017,14:22:27,5648,Coke
30/1/2017,14:22:27,5648,Sandwich
30/1/2017,14:22:27,5648,Soup
30/1/2017,14:22:27,5648,Bread
30/1/2017,14:25:08,5649,Soup
30/1/2017,14:36:00,5650,Hot chocolate
30/1/2017,14:36:00,5650,Coffee
30/1/2017,14:36:00,5650,Cake
30/1/2017,14:38:51,5651,Coffee
30/1/2017,14:43:15,5652,Pastry
30/1/2017,14:45:04,5653,Bread
30/1/2017,14:45:04,5653,Bread
30/1/2017,15:13:13,5654,Farm House
30/1/2017,15:26:47,5655,Coffee
30/1/2017,15:26:47,5655,Toast
30/1/2017,15:47:07,5656,Cake
30/1/2017,15:47:07,5656,Coffee
30/1/2017,15:49:47,5657,Coffee
30/1/2017,15:49:47,5657,Bread
30/1/2017,15:52:41,5658,Cake
30/1/2017,15:52:41,5658,Hot chocolate
30/1/2017,16:27:18,5659,Coffee
30/1/2017,16:40:32,5660,Tea
30/1/2017,16:40:32,5660,Hot chocolate
30/1/2017,16:40:32,5660,Cookies
30/1/2017,16:54:49,5661,Hot chocolate
31/1/2017,9:08:23,5662,Coffee
31/1/2017,9:09:26,5663,Scandinavian
31/1/2017,9:11:20,5664,Bread
31/1/2017,9:11:20,5664,Bread
31/1/2017,9:17:22,5665,Bread
31/1/2017,9:41:05,5666,Bread
31/1/2017,9:41:05,5666,Toast
31/1/2017,9:45:05,5667,Bread
31/1/2017,9:45:05,5667,Brownie
31/1/2017,9:55:06,5668,Pastry
31/1/2017,9:55:06,5668,Bread
31/1/2017,9:57:02,5669,Tea
31/1/2017,9:57:02,5669,Sandwich
31/1/2017,9:57:51,5670,Coffee
31/1/2017,10:00:24,5671,Coffee
31/1/2017,10:00:24,5671,Bread
31/1/2017,10:02:36,5672,Coffee
31/1/2017,10:02:36,5672,Juice
31/1/2017,10:11:12,5673,Cake
31/1/2017,10:11:12,5673,Coffee
31/1/2017,10:11:12,5673,Spanish Brunch
31/1/2017,10:39:54,5674,Coffee
31/1/2017,10:44:34,5675,Coffee
31/1/2017,10:44:34,5675,Brownie
31/1/2017,10:44:34,5675,Baguette
31/1/2017,10:47:54,5676,Pastry
31/1/2017,10:47:54,5676,Cake
31/1/2017,10:47:54,5676,Coffee
31/1/2017,10:47:54,5676,Coffee
31/1/2017,10:49:13,5677,Hot chocolate
31/1/2017,10:49:13,5677,Coffee
31/1/2017,10:55:57,5678,Farm House
31/1/2017,10:58:26,5679,Tea
31/1/2017,10:58:26,5679,Toast
31/1/2017,11:04:40,5680,Tea
31/1/2017,11:04:40,5680,Coffee
31/1/2017,11:04:40,5680,Pastry
31/1/2017,11:12:15,5681,Bread
31/1/2017,11:12:15,5681,Pastry
31/1/2017,11:12:47,5682,Coffee
31/1/2017,11:33:02,5683,Tea
31/1/2017,11:33:02,5683,Sandwich
31/1/2017,11:33:02,5683,Bread
31/1/2017,11:37:45,5684,Farm House
31/1/2017,11:37:45,5684,Cookies
31/1/2017,11:41:12,5685,Tea
31/1/2017,11:41:12,5685,Cake
31/1/2017,11:41:12,5685,Bakewell
31/1/2017,11:44:13,5686,Coffee
31/1/2017,11:53:48,5687,Bread
31/1/2017,11:56:28,5688,Coffee
31/1/2017,11:58:50,5689,Bread
31/1/2017,12:08:34,5690,Coffee
31/1/2017,12:09:24,5691,Coffee
31/1/2017,12:20:41,5692,Cookies
31/1/2017,12:20:41,5692,Baguette
31/1/2017,12:39:11,5693,Coffee
31/1/2017,12:39:11,5693,Cookies
31/1/2017,12:39:11,5693,Cake
31/1/2017,12:39:11,5693,Spanish Brunch
31/1/2017,12:51:14,5694,Tea
31/1/2017,12:51:14,5694,Coffee
31/1/2017,12:51:14,5694,Sandwich
31/1/2017,12:51:14,5694,Cake
31/1/2017,13:01:21,5695,Coffee
31/1/2017,13:01:21,5695,Coffee
31/1/2017,13:01:21,5695,Cake
31/1/2017,13:08:40,5696,Bread
31/1/2017,13:09:12,5697,Baguette
31/1/2017,13:09:41,5698,Bread
31/1/2017,13:17:16,5699,Coke
31/1/2017,13:17:16,5699,Salad
31/1/2017,13:29:43,5700,Bread
31/1/2017,13:39:48,5701,Soup
31/1/2017,13:41:00,5702,Coffee
31/1/2017,13:41:00,5702,Sandwich
31/1/2017,13:45:37,5703,Brownie
31/1/2017,13:47:39,5704,Bread
31/1/2017,13:48:21,5705,Chicken Stew
31/1/2017,13:48:21,5705,Juice
31/1/2017,13:48:21,5705,Coke
31/1/2017,13:54:55,5706,Baguette
31/1/2017,14:31:04,5707,Soup
31/1/2017,14:31:04,5707,Tea
31/1/2017,14:31:04,5707,Coffee
31/1/2017,14:31:04,5707,Coffee
31/1/2017,15:00:05,5708,Sandwich
31/1/2017,15:00:05,5708,Cookies
31/1/2017,15:00:05,5708,Coffee
31/1/2017,15:00:05,5708,Tea
31/1/2017,15:12:58,5709,Coke
31/1/2017,15:14:42,5710,Toast
31/1/2017,15:14:42,5710,Cake
31/1/2017,15:14:42,5710,Coffee
31/1/2017,15:15:53,5711,Cake
31/1/2017,15:15:53,5711,The Nomad
31/1/2017,16:24:08,5712,Coffee
31/1/2017,16:24:08,5712,Coffee
31/1/2017,16:24:08,5712,Bread
31/1/2017,16:27:51,5713,Cookies
31/1/2017,16:27:51,5713,Hot chocolate
31/1/2017,16:27:51,5713,Tea
31/1/2017,16:27:51,5713,Cake
31/1/2017,16:27:51,5713,Pastry
31/1/2017,16:45:50,5714,Tea
31/1/2017,16:45:50,5714,Coffee
31/1/2017,16:45:50,5714,Cake
31/1/2017,17:01:32,5715,Tea
31/1/2017,17:01:32,5715,Bread
31/1/2017,17:18:04,5716,Brownie
31/1/2017,17:28:11,5717,Coffee
31/1/2017,17:28:11,5717,Cake
31/1/2017,17:28:11,5717,Cookies
1/2/2017,8:37:55,5718,Bread
1/2/2017,8:37:55,5718,Bread
1/2/2017,8:37:55,5718,Bread
1/2/2017,8:40:41,5719,Bread
1/2/2017,9:05:35,5720,Coffee
1/2/2017,9:05:35,5720,Bread
1/2/2017,9:07:40,5721,Bread
1/2/2017,9:07:40,5721,Pastry
1/2/2017,9:31:06,5722,Bread
1/2/2017,9:37:30,5723,Bread
1/2/2017,9:37:30,5723,Coffee
1/2/2017,9:37:30,5723,Toast
1/2/2017,10:00:41,5725,Farm House
1/2/2017,10:28:18,5726,Cake
1/2/2017,10:28:18,5726,Coffee
1/2/2017,10:28:18,5726,Bread
1/2/2017,10:32:53,5727,Bread
1/2/2017,10:32:53,5727,Hot chocolate
1/2/2017,10:33:23,5728,Coffee
1/2/2017,10:33:23,5728,Coffee
1/2/2017,10:35:44,5729,Coffee
1/2/2017,10:35:44,5729,Bread
1/2/2017,10:40:51,5730,Coffee
1/2/2017,10:40:51,5730,Cake
1/2/2017,10:41:30,5731,Cake
1/2/2017,10:41:30,5731,Coffee
1/2/2017,10:46:49,5732,Bread
1/2/2017,10:46:49,5732,Sandwich
1/2/2017,10:46:49,5732,Toast
1/2/2017,10:55:37,5733,Coffee
1/2/2017,10:55:37,5733,Coffee
1/2/2017,10:55:37,5733,Medialuna
1/2/2017,10:59:01,5734,Coffee
1/2/2017,10:59:01,5734,Bread
1/2/2017,10:59:01,5734,Alfajores
1/2/2017,10:59:01,5734,Bakewell
1/2/2017,10:59:01,5734,Tea
1/2/2017,11:06:23,5735,Coffee
1/2/2017,11:06:23,5735,Bread
1/2/2017,11:15:57,5736,Bread
1/2/2017,11:39:13,5737,Coffee
1/2/2017,11:39:13,5737,Bread
1/2/2017,11:40:57,5738,Bread
1/2/2017,11:40:57,5738,Coffee
1/2/2017,11:40:57,5738,Bread
1/2/2017,11:49:41,5739,Bread
1/2/2017,11:58:57,5740,Baguette
1/2/2017,12:11:47,5741,Pastry
1/2/2017,12:13:06,5742,Bread
1/2/2017,12:13:06,5742,Pastry
1/2/2017,12:43:41,5743,Baguette
1/2/2017,12:43:41,5743,Bread
1/2/2017,12:44:28,5744,Bread
1/2/2017,12:44:28,5744,Pastry
1/2/2017,12:44:28,5744,Tea
1/2/2017,12:44:28,5744,Coffee
1/2/2017,13:24:31,5745,Cake
1/2/2017,13:24:31,5745,Bread
1/2/2017,13:38:03,5746,Sandwich
1/2/2017,13:38:03,5746,Coke
1/2/2017,13:38:54,5747,Coke
1/2/2017,13:38:54,5747,Cake
1/2/2017,13:41:37,5748,Hot chocolate
1/2/2017,13:41:37,5748,Coffee
1/2/2017,13:41:37,5748,Pastry
1/2/2017,13:41:37,5748,Bread
1/2/2017,13:43:32,5749,Spanish Brunch
1/2/2017,13:43:32,5749,Chicken Stew
1/2/2017,13:43:32,5749,Tea
1/2/2017,13:43:32,5749,Cookies
1/2/2017,13:45:08,5751,Cake
1/2/2017,13:46:06,5752,Coffee
1/2/2017,13:46:06,5752,Coffee
1/2/2017,13:55:11,5753,Coffee
1/2/2017,14:04:17,5754,Bread
1/2/2017,14:10:29,5755,Bread
1/2/2017,14:10:29,5755,Sandwich
1/2/2017,14:30:53,5756,Coffee
1/2/2017,14:30:53,5756,Bread
1/2/2017,14:30:53,5756,Sandwich
1/2/2017,14:35:39,5757,Coffee
1/2/2017,14:35:39,5757,Coffee
1/2/2017,14:35:39,5757,Cake
1/2/2017,14:37:48,5758,Granola
1/2/2017,14:37:48,5758,Extra Salami or Feta
1/2/2017,14:37:48,5758,Coffee
1/2/2017,14:43:46,5759,Soup
1/2/2017,14:43:46,5759,Juice
1/2/2017,14:43:46,5759,Coffee
1/2/2017,14:44:39,5760,Sandwich
1/2/2017,14:56:56,5761,Baguette
1/2/2017,15:14:04,5762,Coffee
1/2/2017,15:20:41,5763,Coffee
1/2/2017,15:29:10,5764,Hot chocolate
1/2/2017,15:29:10,5764,Coffee
1/2/2017,15:29:10,5764,Alfajores
1/2/2017,15:33:08,5765,Tea
1/2/2017,15:33:08,5765,Coffee
1/2/2017,15:33:08,5765,Bread
1/2/2017,15:44:06,5766,Cake
1/2/2017,15:44:06,5766,Coffee
1/2/2017,15:44:06,5766,Cookies
1/2/2017,15:46:46,5767,Bread
1/2/2017,15:54:50,5768,Bread
1/2/2017,15:56:59,5769,Cookies
1/2/2017,15:56:59,5769,Tea
1/2/2017,15:56:59,5769,Bread
1/2/2017,16:00:36,5770,Coffee
1/2/2017,16:00:36,5770,Vegan mincepie
1/2/2017,16:00:36,5770,Cake
1/2/2017,16:01:23,5771,Bread
1/2/2017,16:01:23,5771,Coffee
1/2/2017,16:01:23,5771,Hot chocolate
1/2/2017,16:20:57,5772,Bread
1/2/2017,16:39:12,5773,Juice
1/2/2017,16:39:12,5773,Cookies
1/2/2017,16:39:12,5773,Brownie
1/2/2017,16:39:12,5773,Alfajores
1/2/2017,16:39:12,5773,Coffee
1/2/2017,17:04:48,5774,Tea
1/2/2017,17:04:48,5774,Truffles
1/2/2017,17:04:48,5774,Cookies
1/2/2017,17:05:42,5775,Coffee
1/2/2017,17:05:42,5775,Coke
2/2/2017,8:35:24,5776,Bread
2/2/2017,9:04:21,5777,Coffee
2/2/2017,9:04:21,5777,Bread
2/2/2017,9:04:21,5777,Toast
2/2/2017,9:06:04,5778,Bread
2/2/2017,9:06:04,5778,Bread
2/2/2017,9:06:04,5778,Coffee
2/2/2017,9:20:05,5779,Cookies
2/2/2017,9:20:53,5780,Coffee
2/2/2017,9:20:53,5780,Bread
2/2/2017,9:39:22,5781,Farm House
2/2/2017,9:51:37,5782,Bread
2/2/2017,10:08:43,5783,Coffee
2/2/2017,10:08:43,5783,Cookies
2/2/2017,10:20:51,5784,Baguette
2/2/2017,10:28:47,5785,Bread
2/2/2017,10:28:47,5785,Bread
2/2/2017,10:50:50,5786,Alfajores
2/2/2017,11:07:59,5787,Juice
2/2/2017,11:07:59,5787,Hot chocolate
2/2/2017,11:07:59,5787,Coffee
2/2/2017,11:07:59,5787,Tea
2/2/2017,11:07:59,5787,Pastry
2/2/2017,11:07:59,5787,Brownie
2/2/2017,11:20:16,5788,Coffee
2/2/2017,11:20:16,5788,Coffee
2/2/2017,11:20:16,5788,Bread
2/2/2017,11:20:55,5789,Cake
2/2/2017,11:20:55,5789,Coffee
2/2/2017,11:25:46,5790,Coffee
2/2/2017,11:25:46,5790,Cake
2/2/2017,11:26:02,5791,Bread
2/2/2017,11:28:36,5792,Bread
2/2/2017,11:28:36,5792,Bread
2/2/2017,11:48:02,5793,Juice
2/2/2017,11:48:02,5793,Tea
2/2/2017,11:48:02,5793,Bread
2/2/2017,11:48:02,5793,Cake
2/2/2017,11:49:05,5794,Tea
2/2/2017,11:49:05,5794,Bread
2/2/2017,11:49:05,5794,Cookies
2/2/2017,11:49:05,5794,Sandwich
2/2/2017,11:49:05,5794,Juice
2/2/2017,12:00:31,5795,Bread
2/2/2017,12:00:31,5795,Cake
2/2/2017,12:21:56,5796,Coke
2/2/2017,12:21:56,5796,Alfajores
2/2/2017,12:21:56,5796,Hot chocolate
2/2/2017,12:39:26,5797,Cake
2/2/2017,12:44:35,5798,Sandwich
2/2/2017,12:46:33,5799,Tea
2/2/2017,12:46:33,5799,Cake
2/2/2017,12:46:33,5799,Pastry
2/2/2017,13:01:10,5800,Bread
2/2/2017,13:01:10,5800,Coffee
2/2/2017,13:01:10,5800,Coffee
2/2/2017,13:01:10,5800,Soup
2/2/2017,13:01:10,5800,Soup
2/2/2017,13:01:10,5800,Bread
2/2/2017,13:01:10,5800,Farm House
2/2/2017,13:12:50,5801,Sandwich
2/2/2017,13:12:50,5801,Bread
2/2/2017,13:38:08,5802,Tea
2/2/2017,13:38:08,5802,Mineral water
2/2/2017,13:38:08,5802,Soup
2/2/2017,13:38:08,5802,Cake
2/2/2017,14:00:10,5803,Bread
2/2/2017,14:00:10,5803,Chicken Stew
2/2/2017,14:00:10,5803,Sandwich
2/2/2017,14:00:10,5803,Coffee
2/2/2017,14:02:09,5804,Medialuna
2/2/2017,14:02:45,5805,Jam
2/2/2017,14:02:45,5805,Scandinavian
2/2/2017,14:09:18,5806,Cake
2/2/2017,14:11:05,5807,Juice
2/2/2017,14:11:05,5807,Coffee
2/2/2017,14:11:05,5807,Coffee
2/2/2017,14:11:05,5807,Bare Popcorn
2/2/2017,14:11:05,5807,Salad
2/2/2017,14:11:05,5807,Extra Salami or Feta
2/2/2017,14:11:05,5807,Spanish Brunch
2/2/2017,14:11:05,5807,Farm House
2/2/2017,14:12:19,5808,Bare Popcorn
2/2/2017,14:15:43,5809,Valentine's card
2/2/2017,14:39:51,5810,Tea
2/2/2017,14:39:51,5810,Sandwich
2/2/2017,14:39:51,5810,Bread
2/2/2017,14:39:51,5810,Cake
2/2/2017,14:42:59,5811,Tea
2/2/2017,14:42:59,5811,Tea
2/2/2017,14:42:59,5811,Spanish Brunch
2/2/2017,14:42:59,5811,Chicken Stew
2/2/2017,14:42:59,5811,Fudge
2/2/2017,14:42:59,5811,Alfajores
2/2/2017,14:43:25,5812,Coffee
2/2/2017,15:10:20,5813,Coffee
2/2/2017,15:10:20,5813,Pastry
2/2/2017,15:10:20,5813,Bread
2/2/2017,15:15:08,5814,Bread
2/2/2017,15:15:08,5814,Alfajores
2/2/2017,15:17:33,5815,Coffee
2/2/2017,15:17:33,5815,Coffee
2/2/2017,15:17:33,5815,Cookies
2/2/2017,15:35:46,5816,Bread
2/2/2017,15:44:42,5817,Coffee
2/2/2017,15:58:52,5818,Coffee
2/2/2017,15:58:52,5818,Coffee
2/2/2017,15:58:52,5818,Juice
2/2/2017,15:58:52,5818,Cake
2/2/2017,15:58:52,5818,Alfajores
2/2/2017,15:59:20,5819,Hot chocolate
2/2/2017,16:04:26,5820,Coke
2/2/2017,16:04:26,5820,Sandwich
2/2/2017,16:11:51,5821,Bread
2/2/2017,16:16:48,5822,Baguette
2/2/2017,16:37:15,5823,Coffee
2/2/2017,16:37:15,5823,Bread
2/2/2017,16:37:15,5823,Cookies
2/2/2017,16:37:15,5823,Juice
2/2/2017,17:34:16,5824,Coffee
2/2/2017,17:34:16,5824,Cake
3/2/2017,8:37:31,5826,Bread
3/2/2017,8:54:47,5827,Bread
3/2/2017,9:02:10,5828,Bread
3/2/2017,9:02:10,5828,Toast
3/2/2017,9:05:25,5829,Bread
3/2/2017,9:05:25,5829,Tea
3/2/2017,9:05:25,5829,Toast
3/2/2017,9:05:25,5829,Cake
3/2/2017,9:08:45,5830,Toast
3/2/2017,9:08:45,5830,Bread
3/2/2017,9:09:56,5831,Cookies
3/2/2017,9:29:18,5832,Coffee
3/2/2017,9:29:18,5832,Coffee
3/2/2017,9:29:18,5832,Toast
3/2/2017,9:41:13,5833,Bread
3/2/2017,9:41:13,5833,Pastry
3/2/2017,9:55:37,5834,Bread
3/2/2017,9:55:37,5834,Hot chocolate
3/2/2017,9:55:37,5834,Medialuna
3/2/2017,10:27:06,5835,Farm House
3/2/2017,10:41:45,5836,Coffee
3/2/2017,10:44:28,5837,Farm House
3/2/2017,10:44:28,5837,Gingerbread syrup
3/2/2017,10:50:03,5838,Coffee
3/2/2017,10:50:03,5838,Coffee
3/2/2017,10:50:03,5838,Coffee
3/2/2017,10:50:03,5838,Bread
3/2/2017,10:50:03,5838,Pastry
3/2/2017,10:50:03,5838,Alfajores
3/2/2017,10:56:48,5839,Coffee
3/2/2017,10:56:48,5839,Sandwich
3/2/2017,10:56:48,5839,Baguette
3/2/2017,10:58:45,5840,Coffee
3/2/2017,10:58:45,5840,Medialuna
3/2/2017,10:59:28,5841,Bread
3/2/2017,11:08:32,5842,Scandinavian
3/2/2017,11:10:03,5843,Cookies
3/2/2017,11:10:03,5843,Bread
3/2/2017,11:10:03,5843,Bread
3/2/2017,11:14:50,5844,Coke
3/2/2017,11:22:03,5845,Medialuna
3/2/2017,11:22:03,5845,Pastry
3/2/2017,11:24:15,5846,Coffee
3/2/2017,11:24:15,5846,Tea
3/2/2017,11:24:15,5846,Toast
3/2/2017,11:24:44,5847,Alfajores
3/2/2017,11:25:13,5848,Bread
3/2/2017,11:35:15,5849,Coffee
3/2/2017,11:35:15,5849,Bread
3/2/2017,11:35:15,5849,Bread
3/2/2017,11:36:00,5850,Coffee
3/2/2017,11:36:00,5850,Bread
3/2/2017,11:36:00,5850,Sandwich
3/2/2017,11:41:14,5851,Coffee
3/2/2017,11:41:14,5851,Alfajores
3/2/2017,11:46:19,5852,Truffles
3/2/2017,11:46:19,5852,Juice
3/2/2017,11:46:19,5852,Coffee
3/2/2017,11:46:19,5852,Bread
3/2/2017,11:46:19,5852,Pastry
3/2/2017,11:46:19,5852,Scone
3/2/2017,11:48:12,5853,Scandinavian
3/2/2017,11:48:12,5853,Bread
3/2/2017,11:49:40,5854,Bread
3/2/2017,12:10:51,5855,Tea
3/2/2017,12:10:51,5855,Soup
3/2/2017,12:11:58,5856,Soup
3/2/2017,12:11:58,5856,Truffles
3/2/2017,12:13:27,5857,Soup
3/2/2017,12:13:27,5857,Scone
3/2/2017,12:13:27,5857,Tea
3/2/2017,12:14:53,5858,Truffles
3/2/2017,12:14:53,5858,Sandwich
3/2/2017,12:17:05,5859,Soup
3/2/2017,12:17:05,5859,Coffee
3/2/2017,12:18:22,5860,Cake
3/2/2017,12:26:43,5861,Soup
3/2/2017,12:36:28,5862,Coffee
3/2/2017,12:36:28,5862,Toast
3/2/2017,12:37:30,5863,Bread
3/2/2017,13:11:24,5864,Bread
3/2/2017,13:19:18,5865,Tea
3/2/2017,13:19:18,5865,Bread
3/2/2017,13:25:19,5866,Coffee
3/2/2017,13:25:19,5866,Chicken Stew
3/2/2017,13:25:19,5866,Toast
3/2/2017,13:49:10,5867,Bread
3/2/2017,13:54:28,5868,Sandwich
3/2/2017,13:54:28,5868,Coffee
3/2/2017,13:54:28,5868,Cake
3/2/2017,13:54:28,5868,Coffee
3/2/2017,13:54:28,5868,Sandwich
3/2/2017,13:58:51,5869,Cake
3/2/2017,14:00:52,5870,Cookies
3/2/2017,14:00:52,5870,Bread
3/2/2017,14:19:46,5871,Coffee
3/2/2017,14:19:46,5871,Hot chocolate
3/2/2017,14:19:46,5871,Juice
3/2/2017,14:19:46,5871,Truffles
3/2/2017,14:19:46,5871,Mineral water
3/2/2017,14:19:46,5871,Sandwich
3/2/2017,14:19:46,5871,Sandwich
3/2/2017,14:30:08,5872,Coffee
3/2/2017,14:30:08,5872,Sandwich
3/2/2017,14:31:08,5873,Coffee
3/2/2017,14:31:08,5873,Bread
3/2/2017,14:49:20,5874,Tea
3/2/2017,14:49:20,5874,Coffee
3/2/2017,14:49:20,5874,Bread
3/2/2017,14:55:02,5875,Afternoon with the baker
3/2/2017,15:11:25,5876,Tea
3/2/2017,15:11:25,5876,Cookies
3/2/2017,15:14:12,5877,Coffee
3/2/2017,15:14:12,5877,Soup
3/2/2017,15:14:59,5878,Soup
3/2/2017,15:14:59,5878,Coffee
3/2/2017,15:47:52,5879,Farm House
3/2/2017,15:57:43,5880,Coffee
3/2/2017,15:57:43,5880,Cake
3/2/2017,15:58:07,5881,Coffee
3/2/2017,15:58:49,5882,Coffee
3/2/2017,16:06:26,5883,Coffee
3/2/2017,16:06:26,5883,Tea
3/2/2017,16:27:43,5884,Bread
3/2/2017,16:27:43,5884,Bread
3/2/2017,16:27:43,5884,Eggs
3/2/2017,16:38:18,5885,Baguette
3/2/2017,16:38:18,5885,Scandinavian
3/2/2017,16:43:37,5886,Coffee
3/2/2017,16:43:37,5886,Bread
3/2/2017,16:44:34,5887,Coffee
3/2/2017,16:44:34,5887,Scone
3/2/2017,16:53:20,5888,Eggs
3/2/2017,16:53:20,5888,Hot chocolate
3/2/2017,16:53:20,5888,Coffee
3/2/2017,16:53:20,5888,Alfajores
3/2/2017,17:19:08,5889,Bread
3/2/2017,17:19:08,5889,Tea
4/2/2017,7:56:19,5890,Coffee
4/2/2017,8:30:07,5891,Coffee
4/2/2017,9:06:33,5892,Cake
4/2/2017,9:08:41,5893,Pastry
4/2/2017,9:08:41,5893,Baguette
4/2/2017,9:17:08,5894,Coffee
4/2/2017,9:17:08,5894,Coffee
4/2/2017,9:17:08,5894,Toast
4/2/2017,9:31:32,5895,Extra Salami or Feta
4/2/2017,9:31:32,5895,Coffee
4/2/2017,9:35:29,5896,Bread
4/2/2017,9:35:29,5896,Pastry
4/2/2017,9:45:28,5897,Scandinavian
4/2/2017,9:48:52,5898,Pastry
4/2/2017,9:48:52,5898,Coffee
4/2/2017,9:53:10,5899,Coffee
4/2/2017,9:53:10,5899,Coffee
4/2/2017,9:53:10,5899,Cookies
4/2/2017,9:55:03,5900,Coffee
4/2/2017,9:57:01,5901,Farm House
4/2/2017,10:00:04,5902,Farm House
4/2/2017,10:00:04,5902,Cake
4/2/2017,10:03:11,5903,Coffee
4/2/2017,10:03:11,5903,Coffee
4/2/2017,10:08:58,5904,Coffee
4/2/2017,10:21:23,5905,Coffee
4/2/2017,10:21:23,5905,Bread
4/2/2017,10:21:23,5905,Bread
4/2/2017,10:21:23,5905,Pastry
4/2/2017,10:22:25,5906,Bread
4/2/2017,10:23:04,5907,Toast
4/2/2017,10:23:04,5907,Truffles
4/2/2017,10:23:04,5907,Bread
4/2/2017,10:30:23,5908,Bread
4/2/2017,10:32:18,5909,Jam
4/2/2017,10:37:20,5910,Coffee
4/2/2017,10:37:20,5910,Coffee
4/2/2017,10:38:41,5911,Coffee
4/2/2017,10:39:03,5912,Bread
4/2/2017,10:48:59,5913,Coffee
4/2/2017,10:49:38,5914,Tea
4/2/2017,10:49:38,5914,Coffee
4/2/2017,10:49:38,5914,Cake
4/2/2017,10:58:00,5915,Coffee
4/2/2017,10:58:00,5915,Coffee
4/2/2017,10:58:00,5915,Brownie
4/2/2017,11:03:22,5916,Farm House
4/2/2017,11:05:02,5917,Coffee
4/2/2017,11:07:58,5918,Sandwich
4/2/2017,11:07:58,5918,Coffee
4/2/2017,11:09:58,5919,Farm House
4/2/2017,11:09:58,5919,Pastry
4/2/2017,11:21:36,5920,Tea
4/2/2017,11:21:36,5920,Truffles
4/2/2017,11:24:33,5921,Bread
4/2/2017,11:38:07,5922,Bread
4/2/2017,11:42:00,5923,Hot chocolate
4/2/2017,11:45:01,5924,Bread
4/2/2017,11:45:01,5924,Baguette
4/2/2017,11:45:37,5925,Bread
4/2/2017,11:48:15,5926,Bread
4/2/2017,11:49:21,5927,Scandinavian
4/2/2017,11:49:21,5927,Farm House
4/2/2017,11:51:05,5928,Pastry
4/2/2017,11:51:05,5928,Bread
4/2/2017,11:51:30,5929,Sandwich
4/2/2017,11:56:40,5930,Bread
4/2/2017,11:56:40,5930,Baguette
4/2/2017,11:57:39,5931,Coffee
4/2/2017,11:57:39,5931,Coffee
4/2/2017,11:57:39,5931,Hot chocolate
4/2/2017,11:57:39,5931,Cake
4/2/2017,11:58:58,5932,Coffee
4/2/2017,11:58:58,5932,Pastry
4/2/2017,12:00:50,5933,Coffee
4/2/2017,12:00:50,5933,Coffee
4/2/2017,12:05:08,5934,Coffee
4/2/2017,12:05:08,5934,Coffee
4/2/2017,12:05:08,5934,Cake
4/2/2017,12:05:08,5934,Brownie
4/2/2017,12:07:39,5935,The Nomad
4/2/2017,12:07:39,5935,Granola
4/2/2017,12:07:39,5935,Coffee
4/2/2017,12:07:39,5935,Coffee
4/2/2017,12:07:39,5935,Cookies
4/2/2017,12:07:39,5935,Pastry
4/2/2017,12:07:39,5935,Scone
4/2/2017,12:07:39,5935,Tea
4/2/2017,12:08:09,5936,Coffee
4/2/2017,12:10:08,5937,Bread
4/2/2017,12:10:08,5937,Fudge
4/2/2017,12:10:08,5937,Cookies
4/2/2017,12:11:28,5938,Scandinavian
4/2/2017,12:11:28,5938,Alfajores
4/2/2017,12:15:44,5939,Scone
4/2/2017,12:15:44,5939,Coffee
4/2/2017,12:19:44,5940,Bread
4/2/2017,12:19:44,5940,Pastry
4/2/2017,12:19:44,5940,Coffee
4/2/2017,12:24:46,5941,Tea
4/2/2017,12:24:46,5941,Alfajores
4/2/2017,12:24:46,5941,Pastry
4/2/2017,12:26:36,5942,Pastry
4/2/2017,12:26:36,5942,Coffee
4/2/2017,12:26:36,5942,Coffee
4/2/2017,12:33:29,5943,Sandwich
4/2/2017,12:33:29,5943,Sandwich
4/2/2017,12:38:34,5944,Cake
4/2/2017,12:42:33,5945,Medialuna
4/2/2017,12:42:33,5945,Bread
4/2/2017,12:44:36,5946,Coffee
4/2/2017,12:44:36,5946,Brownie
4/2/2017,12:44:36,5946,Cake
4/2/2017,12:49:53,5947,Cake
4/2/2017,12:49:53,5947,Cookies
4/2/2017,12:49:53,5947,Tea
4/2/2017,12:49:53,5947,Smoothies
4/2/2017,12:49:53,5947,Coffee
4/2/2017,12:51:42,5948,Tea
4/2/2017,12:51:42,5948,Coffee
4/2/2017,12:51:42,5948,Truffles
4/2/2017,12:52:39,5949,Bread
4/2/2017,12:52:39,5949,Brownie
4/2/2017,12:55:55,5950,Coffee
4/2/2017,12:55:55,5950,Spanish Brunch
4/2/2017,13:05:51,5951,Scandinavian
4/2/2017,13:08:48,5952,Cookies
4/2/2017,13:10:59,5953,Coffee
4/2/2017,13:10:59,5953,Mineral water
4/2/2017,13:10:59,5953,Bread
4/2/2017,13:20:16,5954,Spanish Brunch
4/2/2017,13:20:16,5954,Juice
4/2/2017,13:20:16,5954,Coffee
4/2/2017,13:20:16,5954,Coffee
4/2/2017,13:20:16,5954,Toast
4/2/2017,13:21:59,5955,Scone
4/2/2017,13:38:56,5956,Tea
4/2/2017,13:38:56,5956,Sandwich
4/2/2017,13:40:38,5957,Brownie
4/2/2017,13:40:38,5957,Coffee
4/2/2017,13:40:38,5957,Coffee
4/2/2017,13:42:36,5958,Sandwich
4/2/2017,13:42:36,5958,Sandwich
4/2/2017,13:42:36,5958,Bread
4/2/2017,13:42:36,5958,Coffee
4/2/2017,14:00:05,5959,Bread
4/2/2017,14:00:05,5959,Bread
4/2/2017,14:18:23,5960,Coffee
4/2/2017,14:18:23,5960,Coffee
4/2/2017,14:18:23,5960,Chicken Stew
4/2/2017,14:18:23,5960,Soup
4/2/2017,14:18:23,5960,Sandwich
4/2/2017,14:19:44,5961,Sandwich
4/2/2017,14:19:44,5961,Sandwich
4/2/2017,14:19:44,5961,Salad
4/2/2017,14:19:44,5961,Coffee
4/2/2017,14:19:44,5961,Coffee
4/2/2017,14:19:44,5961,Cake
4/2/2017,14:37:49,5962,Cake
4/2/2017,14:40:54,5963,Coffee
4/2/2017,14:46:29,5964,Cake
4/2/2017,14:46:29,5964,Scone
4/2/2017,14:50:06,5965,Scone
4/2/2017,14:50:06,5965,Coffee
4/2/2017,14:50:06,5965,Coffee
4/2/2017,14:50:06,5965,Coffee
4/2/2017,14:50:06,5965,Cake
4/2/2017,14:52:04,5966,Cake
4/2/2017,14:52:04,5966,Brownie
4/2/2017,14:54:37,5967,Salad
4/2/2017,14:54:37,5967,Sandwich
4/2/2017,14:54:37,5967,Tea
4/2/2017,14:54:37,5967,Tea
4/2/2017,14:54:37,5967,Scone
4/2/2017,14:54:37,5967,Cookies
4/2/2017,14:56:27,5968,Chicken Stew
4/2/2017,14:56:27,5968,Truffles
4/2/2017,14:56:27,5968,Juice
4/2/2017,14:58:07,5969,Coffee
4/2/2017,14:58:07,5969,Alfajores
4/2/2017,14:58:07,5969,Spanish Brunch
4/2/2017,15:15:03,5970,Coffee
4/2/2017,15:16:26,5971,Hot chocolate
4/2/2017,15:16:26,5971,Coffee
4/2/2017,15:16:26,5971,Cake
4/2/2017,15:22:18,5972,Coffee
4/2/2017,15:22:18,5972,Cake
4/2/2017,15:30:42,5973,Cake
4/2/2017,15:30:42,5973,Cake
4/2/2017,15:30:42,5973,Coffee
4/2/2017,15:30:42,5973,Hot chocolate
4/2/2017,15:31:18,5974,Sandwich
4/2/2017,15:32:20,5975,Cookies
4/2/2017,15:50:03,5976,Brownie
4/2/2017,15:50:03,5976,Coffee
4/2/2017,15:52:55,5977,Bread
4/2/2017,15:53:51,5978,Cake
4/2/2017,15:53:51,5978,Cake
4/2/2017,15:53:51,5978,Coffee
4/2/2017,15:59:23,5979,Coffee
4/2/2017,15:59:23,5979,Salad
4/2/2017,16:15:02,5980,Coffee
4/2/2017,16:15:02,5980,Cake
4/2/2017,16:15:02,5980,Cake
4/2/2017,16:16:30,5981,Cake
4/2/2017,16:16:30,5981,Salad
4/2/2017,16:16:30,5981,Valentine's card
4/2/2017,16:18:05,5982,Scandinavian
4/2/2017,16:19:52,5983,Bread
4/2/2017,16:19:52,5983,Coffee
4/2/2017,16:33:02,5984,Brownie
4/2/2017,16:39:21,5985,Tea
4/2/2017,16:39:21,5985,Tea
4/2/2017,16:39:21,5985,Soup
4/2/2017,16:39:21,5985,Juice
4/2/2017,16:39:21,5985,Cake
4/2/2017,16:39:21,5985,Bread
4/2/2017,16:40:34,5986,Bread
4/2/2017,16:40:34,5986,Bread
4/2/2017,16:40:34,5986,Cake
4/2/2017,16:40:34,5986,Bread
4/2/2017,16:40:34,5986,Soup
4/2/2017,16:40:34,5986,Soup
4/2/2017,16:54:02,5987,Bread
4/2/2017,17:03:43,5988,Coffee
4/2/2017,17:03:43,5988,Coffee
4/2/2017,17:03:43,5988,Coffee
4/2/2017,17:03:43,5988,Cake
4/2/2017,17:03:43,5988,Bread
4/2/2017,17:03:43,5988,Alfajores
4/2/2017,18:13:28,5989,Truffles
4/2/2017,18:13:28,5989,Coffee
4/2/2017,18:13:28,5989,Tshirt
4/2/2017,18:21:30,5990,Coffee
4/2/2017,18:22:52,5991,Hot chocolate
4/2/2017,18:28:38,5992,Coffee
4/2/2017,18:31:28,5993,Juice
4/2/2017,18:34:12,5994,Juice
4/2/2017,18:34:12,5994,Truffles
4/2/2017,18:34:12,5994,Mineral water
4/2/2017,18:38:30,5995,Tshirt
4/2/2017,18:39:21,5996,Tshirt
4/2/2017,18:44:56,5997,Tea
4/2/2017,18:44:56,5997,Tea
4/2/2017,18:44:56,5997,Hot chocolate
4/2/2017,18:45:30,5998,Tshirt
4/2/2017,18:53:20,5999,Bread
4/2/2017,18:53:20,5999,Hot chocolate
4/2/2017,18:53:20,5999,Tshirt
4/2/2017,18:58:34,6000,Vegan Feast
4/2/2017,18:58:34,6000,Tea
4/2/2017,19:01:06,6001,Postcard
4/2/2017,19:01:06,6001,Coffee
4/2/2017,19:04:07,6002,Tshirt
4/2/2017,19:04:07,6002,Coke
4/2/2017,19:05:46,6003,Coke
4/2/2017,19:09:13,6004,Tshirt
4/2/2017,19:11:18,6005,Coke
4/2/2017,19:12:59,6006,Truffles
4/2/2017,19:14:34,6007,Tshirt
4/2/2017,19:14:57,6008,Tshirt
4/2/2017,19:16:43,6009,Tea
4/2/2017,19:17:42,6010,Coke
4/2/2017,19:18:23,6011,Tshirt
4/2/2017,19:18:23,6011,Fudge
4/2/2017,19:25:45,6012,Hot chocolate
4/2/2017,19:25:45,6012,Coffee
4/2/2017,19:26:27,6013,Tshirt
4/2/2017,19:27:09,6014,Valentine's card
4/2/2017,19:27:09,6014,Tshirt
4/2/2017,19:41:38,6015,Tshirt
4/2/2017,19:42:59,6016,Tshirt
4/2/2017,19:42:59,6016,Postcard
4/2/2017,19:46:04,6017,Tshirt
4/2/2017,19:56:24,6018,Valentine's card
4/2/2017,19:56:24,6018,Tshirt
4/2/2017,19:56:24,6018,Postcard
4/2/2017,19:57:04,6019,Valentine's card
4/2/2017,19:59:23,6020,Valentine's card
4/2/2017,20:08:19,6021,Postcard
4/2/2017,20:12:57,6022,Nomad bag
4/2/2017,20:12:57,6022,Postcard
4/2/2017,20:12:57,6022,Tshirt
4/2/2017,20:13:27,6023,Tshirt
4/2/2017,20:13:27,6023,Postcard
4/2/2017,20:14:23,6024,Tshirt
4/2/2017,20:14:23,6024,Postcard
4/2/2017,20:15:44,6025,Postcard
4/2/2017,20:15:54,6026,Postcard
4/2/2017,20:39:29,6027,Tshirt
4/2/2017,20:46:29,6028,Tshirt
4/2/2017,20:46:29,6028,Postcard
5/2/2017,9:20:25,6029,Coffee
5/2/2017,9:20:25,6029,Coffee
5/2/2017,9:20:25,6029,Pastry
5/2/2017,9:20:25,6029,Pastry
5/2/2017,9:20:25,6029,Farm House
5/2/2017,9:31:47,6030,Tea
5/2/2017,9:31:47,6030,Coffee
5/2/2017,9:31:47,6030,Coffee
5/2/2017,9:31:47,6030,Pastry
5/2/2017,9:31:47,6030,Scone
5/2/2017,9:32:30,6031,Coffee
5/2/2017,9:32:30,6031,Medialuna
5/2/2017,9:33:57,6032,Coffee
5/2/2017,9:33:57,6032,Bread
5/2/2017,9:55:27,6033,Hot chocolate
5/2/2017,10:10:23,6034,Bread
5/2/2017,10:20:03,6035,Tea
5/2/2017,10:20:03,6035,Tea
5/2/2017,10:20:03,6035,Pastry
5/2/2017,10:20:03,6035,Pastry
5/2/2017,10:28:25,6036,Bread
5/2/2017,10:28:25,6036,Bread
5/2/2017,10:29:30,6037,Coffee
5/2/2017,10:29:30,6037,Coffee
5/2/2017,10:29:30,6037,Tea
5/2/2017,10:31:33,6038,Coffee
5/2/2017,10:31:33,6038,Coffee
5/2/2017,10:31:33,6038,Hot chocolate
5/2/2017,10:31:33,6038,Hot chocolate
5/2/2017,10:31:33,6038,Medialuna
5/2/2017,10:31:33,6038,Scone
5/2/2017,10:31:33,6038,Alfajores
5/2/2017,10:31:33,6038,Spanish Brunch
5/2/2017,10:35:44,6039,Bread
5/2/2017,10:49:43,6040,Coffee
5/2/2017,10:49:43,6040,Coffee
5/2/2017,10:49:43,6040,Alfajores
5/2/2017,10:49:43,6040,Cookies
5/2/2017,11:06:01,6041,Sandwich
5/2/2017,11:06:01,6041,Sandwich
5/2/2017,11:06:01,6041,Coffee
5/2/2017,11:06:01,6041,Scone
5/2/2017,11:28:10,6042,Scone
5/2/2017,11:28:10,6042,Coffee
5/2/2017,11:28:10,6042,Coffee
5/2/2017,11:28:10,6042,Coffee
5/2/2017,11:33:40,6043,Coffee
5/2/2017,11:33:40,6043,Hot chocolate
5/2/2017,11:33:40,6043,Farm House
5/2/2017,11:51:24,6044,Bread
5/2/2017,11:51:24,6044,Coffee
5/2/2017,11:51:24,6044,Coffee
5/2/2017,11:58:01,6045,Hot chocolate
5/2/2017,11:58:01,6045,Hot chocolate
5/2/2017,11:58:01,6045,Coffee
5/2/2017,11:58:01,6045,Coffee
5/2/2017,11:58:01,6045,Coffee
5/2/2017,11:58:01,6045,Cookies
5/2/2017,11:58:01,6045,Cookies
5/2/2017,11:58:01,6045,Brownie
5/2/2017,11:58:01,6045,Pastry
5/2/2017,11:58:01,6045,Baguette
5/2/2017,11:58:44,6046,Coffee
5/2/2017,11:58:44,6046,Cake
5/2/2017,12:00:34,6047,Coffee
5/2/2017,12:04:32,6048,Coffee
5/2/2017,12:04:32,6048,Coffee
5/2/2017,12:04:32,6048,Coffee
5/2/2017,12:04:32,6048,Tea
5/2/2017,12:04:32,6048,Medialuna
5/2/2017,12:04:32,6048,Medialuna
5/2/2017,12:04:32,6048,Cookies
5/2/2017,12:04:32,6048,Cookies
5/2/2017,12:07:51,6049,Bread
5/2/2017,12:07:51,6049,Fudge
5/2/2017,12:07:51,6049,Alfajores
5/2/2017,12:09:41,6050,Coffee
5/2/2017,12:09:41,6050,Tea
5/2/2017,12:09:41,6050,Sandwich
5/2/2017,12:10:23,6051,Spanish Brunch
5/2/2017,12:10:23,6051,Bread
5/2/2017,12:22:47,6052,Cake
5/2/2017,12:22:47,6052,Alfajores
5/2/2017,12:31:43,6053,Bread
5/2/2017,12:32:24,6054,Coffee
5/2/2017,12:32:24,6054,Coffee
5/2/2017,12:32:24,6054,Bread
5/2/2017,12:32:24,6054,Pastry
5/2/2017,12:35:49,6055,Salad
5/2/2017,12:35:49,6055,Coffee
5/2/2017,12:35:49,6055,Coffee
5/2/2017,12:58:48,6056,Coffee
5/2/2017,12:58:48,6056,Coffee
5/2/2017,12:58:48,6056,Coffee
5/2/2017,12:58:48,6056,Bread
5/2/2017,12:58:48,6056,Cookies
5/2/2017,12:58:48,6056,Alfajores
5/2/2017,12:58:48,6056,Sandwich
5/2/2017,12:58:48,6056,Sandwich
5/2/2017,13:03:18,6057,Coffee
5/2/2017,13:03:18,6057,Coffee
5/2/2017,13:03:18,6057,Pastry
5/2/2017,13:03:18,6057,Bread
5/2/2017,13:08:10,6058,Coffee
5/2/2017,13:08:10,6058,Pastry
5/2/2017,13:17:15,6059,Sandwich
5/2/2017,13:17:15,6059,Coffee
5/2/2017,13:17:15,6059,Coke
5/2/2017,13:29:19,6061,Bread
5/2/2017,13:29:19,6061,Scone
5/2/2017,13:29:19,6061,Alfajores
5/2/2017,13:30:54,6062,Brownie
5/2/2017,13:30:54,6062,Bread
5/2/2017,13:30:54,6062,Scandinavian
5/2/2017,13:54:48,6063,Coffee
5/2/2017,13:54:48,6063,Cake
5/2/2017,13:54:48,6063,Bread
5/2/2017,13:56:55,6064,Cake
5/2/2017,13:56:55,6064,Pastry
5/2/2017,13:56:55,6064,Bread
5/2/2017,14:05:37,6065,Cookies
5/2/2017,14:05:37,6065,Cake
5/2/2017,14:07:29,6066,Hot chocolate
5/2/2017,14:07:29,6066,Tea
5/2/2017,14:07:29,6066,Alfajores
5/2/2017,14:19:47,6067,Bread
5/2/2017,14:19:47,6067,Coffee
5/2/2017,14:19:47,6067,Coffee
5/2/2017,14:19:47,6067,Cookies
5/2/2017,14:19:47,6067,Cake
5/2/2017,14:25:22,6068,Scandinavian
5/2/2017,14:32:55,6070,Coffee
5/2/2017,14:32:55,6070,Coffee
5/2/2017,14:32:55,6070,Cake
5/2/2017,14:32:55,6070,Alfajores
5/2/2017,14:36:04,6071,Coffee
5/2/2017,14:36:04,6071,Chicken Stew
5/2/2017,14:36:04,6071,Sandwich
5/2/2017,14:36:04,6071,Fudge
5/2/2017,14:42:35,6072,Coffee
5/2/2017,14:42:35,6072,Sandwich
5/2/2017,14:42:35,6072,Fudge
5/2/2017,14:50:49,6073,Baguette
5/2/2017,14:50:49,6073,Coffee
5/2/2017,14:50:49,6073,Tea
5/2/2017,14:50:49,6073,Cake
5/2/2017,14:57:57,6074,Coffee
5/2/2017,14:57:57,6074,Tea
5/2/2017,15:03:20,6075,Tea
5/2/2017,15:03:20,6075,Bread
5/2/2017,15:18:02,6076,Bread
5/2/2017,15:21:24,6077,Coffee
5/2/2017,15:44:59,6078,Tea
5/2/2017,15:44:59,6078,Coffee
5/2/2017,15:44:59,6078,Sandwich
5/2/2017,15:44:59,6078,Sandwich
5/2/2017,15:44:59,6078,Bread
5/2/2017,15:46:48,6079,Bread
5/2/2017,15:54:11,6080,Spanish Brunch
5/2/2017,15:54:11,6080,Chicken Stew
5/2/2017,15:54:11,6080,Coffee
5/2/2017,15:54:41,6081,Coffee
5/2/2017,15:54:41,6081,Coffee
5/2/2017,15:54:41,6081,Coffee
5/2/2017,15:54:41,6081,Cookies
5/2/2017,15:54:41,6081,Cake
5/2/2017,15:56:23,6082,Hot chocolate
5/2/2017,15:56:23,6082,Hot chocolate
5/2/2017,15:56:23,6082,Bread
5/2/2017,15:56:23,6082,Coffee
6/2/2017,8:29:57,6084,Coffee
6/2/2017,8:29:57,6084,Coffee
6/2/2017,8:29:57,6084,Coffee
6/2/2017,8:30:54,6085,Bread
6/2/2017,8:30:54,6085,Bread
6/2/2017,8:58:26,6086,Tea
6/2/2017,8:58:26,6086,Medialuna
6/2/2017,9:03:39,6087,Coffee
6/2/2017,9:09:46,6088,Bread
6/2/2017,9:09:46,6088,Bread
6/2/2017,9:11:12,6089,Bread
6/2/2017,9:11:12,6089,Coffee
6/2/2017,9:33:29,6090,Coffee
6/2/2017,9:34:11,6091,Tea
6/2/2017,9:39:04,6092,Bread
6/2/2017,9:53:53,6093,Coffee
6/2/2017,9:53:53,6093,Pastry
6/2/2017,9:54:07,6094,Coffee
6/2/2017,10:10:14,6095,Baguette
6/2/2017,10:10:14,6095,Bread
6/2/2017,10:10:14,6095,Pastry
6/2/2017,10:11:27,6096,Pastry
6/2/2017,10:11:27,6096,Pastry
6/2/2017,10:18:37,6097,Cookies
6/2/2017,10:18:37,6097,Coffee
6/2/2017,10:19:34,6098,Coffee
6/2/2017,10:19:34,6098,Sandwich
6/2/2017,10:40:25,6099,Jam
6/2/2017,10:40:25,6099,Bread
6/2/2017,10:40:25,6099,Pastry
6/2/2017,10:41:06,6100,Coffee
6/2/2017,10:49:13,6101,Coffee
6/2/2017,10:50:29,6102,Coffee
6/2/2017,10:50:29,6102,Medialuna
6/2/2017,10:56:19,6103,Cookies
6/2/2017,10:56:19,6103,Bread
6/2/2017,10:56:19,6103,Farm House
6/2/2017,11:35:13,6104,Bread
6/2/2017,11:35:13,6104,Cake
6/2/2017,11:44:41,6105,Coffee
6/2/2017,11:52:10,6107,Bread
6/2/2017,11:53:23,6108,Coffee
6/2/2017,11:53:23,6108,Pastry
6/2/2017,11:57:28,6109,Coffee
6/2/2017,12:00:50,6110,Coffee
6/2/2017,12:00:50,6110,Coffee
6/2/2017,12:00:50,6110,Toast
6/2/2017,12:03:20,6111,Bread
6/2/2017,12:15:42,6112,Coffee
6/2/2017,12:31:44,6113,Hot chocolate
6/2/2017,12:31:44,6113,Coffee
6/2/2017,12:31:44,6113,Toast
6/2/2017,12:31:57,6114,Bread
6/2/2017,12:34:37,6115,Coffee
6/2/2017,12:34:37,6115,Tea
6/2/2017,12:34:37,6115,Cake
6/2/2017,12:34:37,6115,Scone
6/2/2017,12:46:20,6116,Pastry
6/2/2017,12:48:56,6117,Bread
6/2/2017,12:48:56,6117,Bread
6/2/2017,12:48:56,6117,Sandwich
6/2/2017,13:03:11,6118,Baguette
6/2/2017,13:04:40,6119,Bread
6/2/2017,13:26:48,6120,Bread
6/2/2017,13:28:11,6121,Sandwich
6/2/2017,13:29:02,6122,Coffee
6/2/2017,13:31:58,6123,Soup
6/2/2017,13:31:58,6123,Coffee
6/2/2017,13:49:08,6124,Coffee
6/2/2017,14:01:52,6125,Truffles
6/2/2017,14:01:52,6125,Scone
6/2/2017,14:05:37,6126,Coffee
6/2/2017,14:05:37,6126,Mineral water
6/2/2017,14:05:37,6126,Sandwich
6/2/2017,14:05:37,6126,Spanish Brunch
6/2/2017,14:05:37,6126,Alfajores
6/2/2017,14:05:37,6126,Truffles
6/2/2017,14:05:37,6126,Tea
6/2/2017,14:07:17,6127,Bread
6/2/2017,14:07:17,6127,Coffee
6/2/2017,14:09:29,6129,Bread
6/2/2017,14:09:29,6129,Fudge
6/2/2017,14:09:29,6129,Fudge
6/2/2017,14:25:31,6130,Fudge
6/2/2017,14:52:34,6131,Truffles
6/2/2017,14:54:04,6132,Cake
6/2/2017,14:58:09,6133,Coffee
6/2/2017,14:58:09,6133,Cake
6/2/2017,14:58:09,6133,Juice
6/2/2017,15:12:19,6134,Truffles
6/2/2017,15:12:19,6134,Coffee
6/2/2017,15:12:19,6134,Sandwich
6/2/2017,15:12:19,6134,Spanish Brunch
6/2/2017,15:12:19,6134,Brownie
6/2/2017,15:15:10,6135,Medialuna
6/2/2017,15:15:10,6135,Tea
6/2/2017,15:15:10,6135,Brownie
6/2/2017,15:15:10,6135,Tea
6/2/2017,15:15:10,6135,Soup
6/2/2017,15:15:10,6135,Soup
6/2/2017,15:15:51,6136,Coffee
6/2/2017,15:15:51,6136,Cake
6/2/2017,15:15:51,6136,Chicken Stew
6/2/2017,15:34:04,6137,Tea
6/2/2017,15:34:04,6137,Cake
6/2/2017,15:34:54,6138,Bread
6/2/2017,15:42:17,6139,Cookies
6/2/2017,15:42:17,6139,Tea
6/2/2017,15:42:17,6139,Tea
6/2/2017,15:45:24,6140,Coffee
6/2/2017,15:45:24,6140,Juice
6/2/2017,15:45:24,6140,Alfajores
6/2/2017,15:45:52,6141,Bread
6/2/2017,15:46:51,6142,Brownie
6/2/2017,15:46:51,6142,Coffee
6/2/2017,15:46:51,6142,Coffee
6/2/2017,15:46:51,6142,Juice
6/2/2017,15:46:51,6142,Farm House
6/2/2017,15:48:36,6143,Juice
6/2/2017,15:48:36,6143,Cookies
6/2/2017,15:48:36,6143,Brownie
6/2/2017,15:48:36,6143,Tea
6/2/2017,15:50:30,6144,Coffee
6/2/2017,15:50:30,6144,Cake
6/2/2017,15:50:30,6144,Brownie
6/2/2017,15:51:59,6145,Coffee
6/2/2017,16:24:36,6146,Coffee
6/2/2017,16:24:36,6146,Scone
6/2/2017,16:37:37,6147,Tea
6/2/2017,16:37:37,6147,Brownie
6/2/2017,16:37:37,6147,Toast
6/2/2017,17:07:50,6148,Bread
6/2/2017,17:20:47,6149,Pastry
6/2/2017,17:20:47,6149,Medialuna
6/2/2017,17:20:47,6149,Hot chocolate
6/2/2017,17:20:47,6149,Coffee
7/2/2017,8:39:43,6150,Bread
7/2/2017,8:54:43,6151,Sandwich
7/2/2017,8:54:43,6151,Coffee
7/2/2017,9:04:47,6152,Bread
7/2/2017,9:04:47,6152,Farm House
7/2/2017,9:20:13,6153,Hot chocolate
7/2/2017,9:20:47,6154,Hot chocolate
7/2/2017,9:21:15,6155,Hot chocolate
7/2/2017,9:29:22,6156,Tea
7/2/2017,9:29:22,6156,Toast
7/2/2017,9:29:22,6156,Baguette
7/2/2017,9:51:29,6157,Coffee
7/2/2017,10:13:58,6158,Scandinavian
7/2/2017,10:13:58,6158,Bread
7/2/2017,10:13:58,6158,Nomad bag
7/2/2017,10:17:13,6159,Bread
7/2/2017,10:20:21,6160,Bread
7/2/2017,10:20:21,6160,Pastry
7/2/2017,10:28:30,6161,Bread
7/2/2017,10:31:27,6162,Coffee
7/2/2017,10:31:27,6162,Coffee
7/2/2017,10:33:42,6163,Coffee
7/2/2017,10:33:42,6163,Coffee
7/2/2017,10:33:42,6163,Cake
7/2/2017,10:33:42,6163,Bread
7/2/2017,10:51:55,6164,Coffee
7/2/2017,10:51:55,6164,Coffee
7/2/2017,10:56:03,6165,Coffee
7/2/2017,10:56:03,6165,Pastry
7/2/2017,10:56:03,6165,Brownie
7/2/2017,10:59:21,6166,Coffee
7/2/2017,10:59:21,6166,Pastry
7/2/2017,11:02:19,6167,Bread
7/2/2017,11:04:36,6168,Salad
7/2/2017,11:07:33,6169,Coffee
7/2/2017,11:26:48,6170,Bread
7/2/2017,11:26:48,6170,Coffee
7/2/2017,11:43:00,6171,Coffee
7/2/2017,11:43:00,6171,Coffee
7/2/2017,11:43:00,6171,Cake
7/2/2017,11:43:00,6171,Alfajores
7/2/2017,11:44:58,6172,Coffee
7/2/2017,11:47:01,6173,Coffee
7/2/2017,11:47:01,6173,Bread
7/2/2017,11:47:01,6173,Eggs
7/2/2017,11:50:33,6174,Tea
7/2/2017,12:16:22,6175,Bread
7/2/2017,12:23:03,6176,Farm House
7/2/2017,12:30:41,6177,Coffee
7/2/2017,12:30:41,6177,Alfajores
7/2/2017,12:32:15,6178,Coffee
7/2/2017,12:32:15,6178,Coffee
7/2/2017,12:32:15,6178,Pastry
7/2/2017,12:49:41,6179,Juice
7/2/2017,12:49:41,6179,Chicken Stew
7/2/2017,12:50:45,6180,Chicken Stew
7/2/2017,12:50:45,6180,Chocolates
7/2/2017,13:03:45,6181,Soup
7/2/2017,13:03:45,6181,Coffee
7/2/2017,13:06:24,6182,Chicken Stew
7/2/2017,13:06:24,6182,Juice
7/2/2017,13:06:24,6182,Eggs
7/2/2017,13:06:24,6182,Bread
7/2/2017,13:06:24,6182,Cake
7/2/2017,13:27:44,6183,Cake
7/2/2017,13:27:44,6183,Cake
7/2/2017,13:27:44,6183,Coffee
7/2/2017,13:27:44,6183,Hot chocolate
7/2/2017,13:33:14,6184,Coffee
7/2/2017,13:33:14,6184,Coffee
7/2/2017,13:33:14,6184,Cake
7/2/2017,13:41:13,6185,Farm House
7/2/2017,13:44:40,6186,Bread
7/2/2017,13:49:18,6187,Baguette
7/2/2017,14:26:30,6188,Soup
7/2/2017,14:26:57,6189,Spanish Brunch
7/2/2017,14:26:57,6189,Tea
7/2/2017,14:46:51,6190,Coffee
7/2/2017,14:46:51,6190,Cake
7/2/2017,14:52:23,6191,Tea
7/2/2017,14:52:23,6191,Tea
7/2/2017,14:52:23,6191,Spanish Brunch
7/2/2017,15:03:18,6192,Coffee
7/2/2017,15:03:18,6192,Coffee
7/2/2017,15:03:18,6192,Brownie
7/2/2017,15:03:18,6192,Truffles
7/2/2017,15:42:37,6193,Hot chocolate
7/2/2017,15:42:37,6193,Cake
7/2/2017,15:54:36,6194,Bread
7/2/2017,15:54:36,6194,Alfajores
7/2/2017,15:55:58,6195,Tea
7/2/2017,16:19:02,6196,Bread
7/2/2017,16:47:37,6197,Coffee
7/2/2017,16:47:37,6197,Alfajores
7/2/2017,17:01:48,6198,Bread
7/2/2017,17:01:48,6198,Smoothies
7/2/2017,17:01:48,6198,Mineral water
7/2/2017,17:01:48,6198,Alfajores
7/2/2017,17:01:48,6198,Brownie
7/2/2017,17:01:48,6198,Cake
7/2/2017,17:01:48,6198,Bread
7/2/2017,17:06:40,6199,Coffee
7/2/2017,17:06:40,6199,Tea
7/2/2017,17:06:40,6199,Cake
7/2/2017,17:26:00,6200,Baguette
7/2/2017,17:34:23,6201,Sandwich
7/2/2017,17:34:23,6201,Tea
8/2/2017,8:34:11,6202,Coffee
8/2/2017,8:37:15,6203,Alfajores
8/2/2017,9:09:37,6205,Bread
8/2/2017,9:39:18,6206,Bread
8/2/2017,9:39:18,6206,Pastry
8/2/2017,9:42:40,6207,Pastry
8/2/2017,9:42:40,6207,Bread
8/2/2017,9:42:40,6207,Eggs
8/2/2017,9:42:40,6207,Nomad bag
8/2/2017,10:21:59,6208,Coffee
8/2/2017,10:21:59,6208,Coffee
8/2/2017,10:21:59,6208,Alfajores
8/2/2017,10:24:07,6209,Coffee
8/2/2017,10:24:07,6209,Bread
8/2/2017,10:30:26,6210,Coffee
8/2/2017,10:30:45,6211,Bread
8/2/2017,10:36:09,6212,Coffee
8/2/2017,10:48:07,6213,Bread
8/2/2017,10:48:07,6213,Spanish Brunch
8/2/2017,11:16:58,6214,Coffee
8/2/2017,11:41:36,6215,Coffee
8/2/2017,11:41:36,6215,Coffee
8/2/2017,11:41:36,6215,Pastry
8/2/2017,11:41:36,6215,Medialuna
8/2/2017,11:46:18,6216,Mineral water
8/2/2017,11:46:18,6216,Crisps
8/2/2017,11:46:18,6216,Sandwich
8/2/2017,12:04:50,6217,Coffee
8/2/2017,12:04:50,6217,Coffee
8/2/2017,12:04:50,6217,Bread
8/2/2017,12:04:50,6217,Alfajores
8/2/2017,12:04:50,6217,Alfajores
8/2/2017,12:04:50,6217,Pastry
8/2/2017,12:14:37,6218,Medialuna
8/2/2017,12:14:37,6218,Bread
8/2/2017,12:14:37,6218,Tea
8/2/2017,12:22:00,6219,Coffee
8/2/2017,12:25:12,6220,Baguette
8/2/2017,12:25:12,6220,Farm House
8/2/2017,12:27:05,6221,Farm House
8/2/2017,12:56:59,6222,Bread
8/2/2017,12:56:59,6222,Chicken Stew
8/2/2017,13:06:17,6223,Chocolates
8/2/2017,13:06:17,6223,Chocolates
8/2/2017,13:06:17,6223,Coffee
8/2/2017,13:06:17,6223,Tea
8/2/2017,13:14:09,6224,Tea
8/2/2017,13:14:09,6224,Sandwich
8/2/2017,13:14:09,6224,Brownie
8/2/2017,13:14:53,6225,Brownie
8/2/2017,13:14:53,6225,Tea
8/2/2017,13:14:53,6225,Sandwich
8/2/2017,13:14:53,6225,Art Tray
8/2/2017,13:32:11,6226,Sandwich
8/2/2017,13:32:11,6226,Soup
8/2/2017,13:32:11,6226,Soup
8/2/2017,13:32:11,6226,Tea
8/2/2017,13:37:31,6227,Soup
8/2/2017,13:37:31,6227,Coffee
8/2/2017,13:37:31,6227,Hot chocolate
8/2/2017,13:37:31,6227,Brownie
8/2/2017,13:47:08,6228,Soup
8/2/2017,13:47:08,6228,Cake
8/2/2017,13:57:04,6229,Cake
8/2/2017,13:57:04,6229,Bread
8/2/2017,13:57:04,6229,Coffee
8/2/2017,13:57:04,6229,Coffee
8/2/2017,14:00:24,6230,Coffee
8/2/2017,14:06:50,6231,Soup
8/2/2017,14:06:50,6231,Chicken Stew
8/2/2017,14:06:50,6231,Mineral water
8/2/2017,14:07:51,6232,Coffee
8/2/2017,14:07:51,6232,Bread
8/2/2017,14:09:23,6233,Bread
8/2/2017,14:09:23,6233,Coffee
8/2/2017,14:18:35,6234,Coffee
8/2/2017,14:18:35,6234,Pastry
8/2/2017,15:05:19,6235,Tea
8/2/2017,15:05:19,6235,Coffee
8/2/2017,15:05:19,6235,Bread
8/2/2017,15:10:45,6236,Coffee
8/2/2017,15:10:45,6236,Sandwich
8/2/2017,15:12:37,6237,Bread
8/2/2017,15:21:46,6238,Coffee
8/2/2017,15:24:08,6239,Bread
8/2/2017,15:24:08,6239,Mineral water
8/2/2017,15:24:08,6239,Sandwich
8/2/2017,15:24:08,6239,Tea
8/2/2017,15:33:33,6240,Bread
8/2/2017,15:33:33,6240,Bread
8/2/2017,15:33:33,6240,Bread
8/2/2017,15:33:33,6240,Cake
8/2/2017,16:13:19,6241,Coffee
8/2/2017,16:13:19,6241,Tea
8/2/2017,16:13:19,6241,Brownie
8/2/2017,16:17:40,6242,Bread
8/2/2017,16:17:40,6242,Bread
8/2/2017,16:35:04,6243,Hot chocolate
8/2/2017,16:35:04,6243,Hot chocolate
8/2/2017,16:56:31,6244,Coffee
8/2/2017,16:56:31,6244,Cake
8/2/2017,16:59:00,6245,Coffee
8/2/2017,16:59:00,6245,Tea
9/2/2017,8:43:51,6246,Bread
9/2/2017,8:43:51,6246,Bread
9/2/2017,9:29:02,6247,Coffee
9/2/2017,9:29:02,6247,Cookies
9/2/2017,9:37:27,6248,Bread
9/2/2017,9:37:27,6248,Toast
9/2/2017,9:56:57,6249,Bread
9/2/2017,9:56:57,6249,Coffee
9/2/2017,9:56:57,6249,Pastry
9/2/2017,9:56:57,6249,Pastry
9/2/2017,9:59:49,6250,Farm House
9/2/2017,10:00:12,6251,Scandinavian
9/2/2017,10:02:51,6252,Coffee
9/2/2017,10:02:51,6252,Brownie
9/2/2017,10:07:44,6253,Bread
9/2/2017,10:07:44,6253,Hot chocolate
9/2/2017,10:10:30,6254,Coffee
9/2/2017,10:10:30,6254,Toast
9/2/2017,10:49:37,6255,Coffee
9/2/2017,11:01:29,6256,Coffee
9/2/2017,11:01:29,6256,Tea
9/2/2017,11:01:29,6256,Brownie
9/2/2017,11:01:29,6256,Farm House
9/2/2017,11:02:59,6257,Coffee
9/2/2017,11:02:59,6257,Coffee
9/2/2017,11:02:59,6257,Cookies
9/2/2017,11:02:59,6257,Cookies
9/2/2017,11:02:59,6257,Toast
9/2/2017,11:02:59,6257,Juice
9/2/2017,11:15:08,6258,Valentine's card
9/2/2017,11:23:46,6259,Coffee
9/2/2017,11:23:46,6259,Coffee
9/2/2017,11:23:46,6259,Extra Salami or Feta
9/2/2017,11:23:46,6259,Bread
9/2/2017,11:24:19,6260,Valentine's card
9/2/2017,11:32:21,6261,Hot chocolate
9/2/2017,11:32:21,6261,Coffee
9/2/2017,11:32:21,6261,Cookies
9/2/2017,11:32:21,6261,Cookies
9/2/2017,11:51:03,6262,Coffee
9/2/2017,11:51:03,6262,Medialuna
9/2/2017,11:51:03,6262,Medialuna
9/2/2017,11:51:03,6262,Sandwich
9/2/2017,11:57:42,6263,Bread
9/2/2017,12:00:28,6264,Bread
9/2/2017,12:01:00,6265,Bread
9/2/2017,12:02:05,6266,Soup
9/2/2017,12:02:05,6266,Bread
9/2/2017,12:02:05,6266,Coffee
9/2/2017,12:02:54,6267,Coffee
9/2/2017,12:02:54,6267,Soup
9/2/2017,12:02:54,6267,Pastry
9/2/2017,12:02:54,6267,Jam
9/2/2017,12:09:43,6268,Eggs
9/2/2017,12:09:43,6268,Coffee
9/2/2017,12:12:40,6269,Baguette
9/2/2017,12:31:01,6270,Coffee
9/2/2017,12:36:02,6271,Bread
9/2/2017,12:44:28,6272,Pastry
9/2/2017,12:47:56,6273,Scandinavian
9/2/2017,12:47:56,6273,Cookies
9/2/2017,12:55:53,6274,Coke
9/2/2017,12:55:53,6274,Soup
9/2/2017,12:56:27,6275,Sandwich
9/2/2017,12:56:27,6275,Coffee
9/2/2017,12:56:51,6276,Coke
9/2/2017,12:56:51,6276,Sandwich
9/2/2017,13:10:19,6277,Coffee
9/2/2017,13:10:19,6277,Chicken Stew
9/2/2017,13:19:03,6278,Chicken Stew
9/2/2017,13:19:03,6278,Coffee
9/2/2017,13:44:56,6279,Juice
9/2/2017,13:44:56,6279,Toast
9/2/2017,13:44:56,6279,Sandwich
9/2/2017,13:44:56,6279,Sandwich
9/2/2017,13:44:56,6279,Tea
9/2/2017,13:44:56,6279,Coffee
9/2/2017,13:44:56,6279,Cookies
9/2/2017,13:44:56,6279,Cookies
9/2/2017,13:44:56,6279,Alfajores
9/2/2017,13:44:56,6279,Alfajores
9/2/2017,13:44:56,6279,Hot chocolate
9/2/2017,13:53:27,6280,Cookies
9/2/2017,14:06:52,6281,Juice
9/2/2017,14:06:52,6281,Sandwich
9/2/2017,14:06:52,6281,Cake
9/2/2017,14:07:29,6282,Soup
9/2/2017,14:07:29,6282,Bread
9/2/2017,14:08:14,6283,Coffee
9/2/2017,14:08:50,6284,Fudge
9/2/2017,14:08:50,6284,Sandwich
9/2/2017,14:16:43,6285,Baguette
9/2/2017,14:17:37,6286,Coffee
9/2/2017,14:17:37,6286,Coffee
9/2/2017,14:17:37,6286,Pastry
9/2/2017,14:17:37,6286,Pastry
9/2/2017,14:27:51,6287,Medialuna
9/2/2017,14:27:51,6287,Cake
9/2/2017,14:27:51,6287,Tea
9/2/2017,14:27:51,6287,Tea
9/2/2017,14:35:16,6288,Bread
9/2/2017,15:02:32,6289,Coffee
9/2/2017,15:02:32,6289,Brownie
9/2/2017,15:38:53,6290,Soup
9/2/2017,15:38:53,6290,Soup
9/2/2017,15:38:53,6290,Soup
9/2/2017,15:38:53,6290,Bread
9/2/2017,15:38:53,6290,Cake
9/2/2017,15:38:53,6290,Cake
9/2/2017,15:38:53,6290,Tea
9/2/2017,15:38:53,6290,Bread
9/2/2017,15:38:53,6290,Tea
9/2/2017,15:40:57,6291,Coffee
9/2/2017,15:40:57,6291,Juice
9/2/2017,15:40:57,6291,Hot chocolate
9/2/2017,15:40:57,6291,Cake
9/2/2017,15:51:42,6292,Alfajores
9/2/2017,15:51:42,6292,Bread
9/2/2017,15:51:42,6292,Coffee
9/2/2017,15:51:42,6292,Coffee
9/2/2017,17:01:01,6293,Bread
9/2/2017,17:01:01,6293,Cookies
9/2/2017,17:01:01,6293,Bread
10/2/2017,8:34:13,6294,Bread
10/2/2017,8:36:46,6295,Bread
10/2/2017,9:02:33,6296,Cake
10/2/2017,9:02:33,6296,Bread
10/2/2017,9:07:03,6297,Coffee
10/2/2017,9:07:03,6297,Bread
10/2/2017,9:29:08,6298,Coffee
10/2/2017,9:29:08,6298,Tea
10/2/2017,9:33:23,6299,Bread
10/2/2017,9:33:23,6299,Bread
10/2/2017,9:37:06,6300,Coffee
10/2/2017,9:37:06,6300,Coffee
10/2/2017,9:37:06,6300,Juice
10/2/2017,9:37:06,6300,Pastry
10/2/2017,9:37:06,6300,Cookies
10/2/2017,9:38:01,6301,Bread
10/2/2017,9:38:01,6301,Pastry
10/2/2017,9:46:22,6302,Bread
10/2/2017,9:53:56,6303,Coffee
10/2/2017,9:53:56,6303,Cookies
10/2/2017,10:03:53,6304,Hot chocolate
10/2/2017,10:06:06,6305,Coffee
10/2/2017,10:06:06,6305,Hot chocolate
10/2/2017,10:16:30,6306,Coffee
10/2/2017,10:16:30,6306,Cookies
10/2/2017,10:31:00,6307,Coffee
10/2/2017,10:38:31,6308,Coffee
10/2/2017,10:38:31,6308,Toast
10/2/2017,10:45:55,6309,Valentine's card
10/2/2017,10:50:52,6310,Tea
10/2/2017,11:01:36,6311,Bread
10/2/2017,11:15:33,6312,Bread
10/2/2017,11:16:07,6313,Coffee
10/2/2017,11:33:36,6314,Bread
10/2/2017,11:33:36,6314,Juice
10/2/2017,11:33:36,6314,Sandwich
10/2/2017,11:33:36,6314,Sandwich
10/2/2017,11:33:36,6314,Cookies
10/2/2017,11:33:36,6314,Alfajores
10/2/2017,11:57:30,6315,Soup
10/2/2017,11:58:26,6316,Soup
10/2/2017,12:06:09,6317,Scone
10/2/2017,12:06:09,6317,Coffee
10/2/2017,12:11:14,6318,Truffles
10/2/2017,12:11:14,6318,Soup
10/2/2017,12:12:29,6319,Chicken Stew
10/2/2017,12:12:29,6319,Cake
10/2/2017,12:12:29,6319,Juice
10/2/2017,12:16:00,6320,Bread
10/2/2017,12:16:00,6320,Scandinavian
10/2/2017,12:19:50,6321,Coffee
10/2/2017,12:19:50,6321,Coffee
10/2/2017,12:21:12,6322,Sandwich
10/2/2017,12:21:12,6322,Coffee
10/2/2017,12:21:12,6322,Truffles
10/2/2017,12:22:33,6323,Cake
10/2/2017,12:25:09,6324,Bread
10/2/2017,12:26:51,6325,Pastry
10/2/2017,12:26:51,6325,Bread
10/2/2017,12:31:38,6326,Toast
10/2/2017,12:34:59,6327,Bread
10/2/2017,12:41:12,6328,Bread
10/2/2017,12:47:29,6329,Chicken Stew
10/2/2017,12:51:29,6330,Sandwich
10/2/2017,12:51:29,6330,Coke
10/2/2017,12:55:59,6331,Coffee
10/2/2017,12:55:59,6331,Coffee
10/2/2017,12:55:59,6331,Cake
10/2/2017,12:55:59,6331,Cake
10/2/2017,12:55:59,6331,Salad
10/2/2017,12:55:59,6331,Extra Salami or Feta
10/2/2017,12:55:59,6331,Scandinavian
10/2/2017,12:55:59,6331,Bread
10/2/2017,12:56:46,6332,Scandinavian
10/2/2017,13:21:46,6333,Coffee
10/2/2017,13:21:46,6333,Salad
10/2/2017,13:27:38,6334,Truffles
10/2/2017,13:27:38,6334,Duck egg
10/2/2017,13:27:38,6334,Extra Salami or Feta
10/2/2017,13:27:38,6334,Spanish Brunch
10/2/2017,13:27:38,6334,Afternoon with the baker
10/2/2017,13:35:21,6335,Medialuna
10/2/2017,13:35:21,6335,Medialuna
10/2/2017,13:40:52,6336,Tea
10/2/2017,13:40:52,6336,Tea
10/2/2017,13:40:52,6336,Soup
10/2/2017,13:40:52,6336,Cake
10/2/2017,13:40:52,6336,Bread
10/2/2017,13:40:52,6336,Scone
10/2/2017,13:40:52,6336,Cake
10/2/2017,13:48:44,6337,Soup
10/2/2017,13:48:44,6337,Coffee
10/2/2017,13:48:44,6337,Coffee
10/2/2017,14:08:37,6338,Medialuna
10/2/2017,14:08:37,6338,Cake
10/2/2017,14:08:37,6338,Spanish Brunch
10/2/2017,14:08:37,6338,The Nomad
10/2/2017,14:08:37,6338,Cookies
10/2/2017,14:18:15,6339,Bread
10/2/2017,14:18:15,6339,Coffee
10/2/2017,14:18:50,6340,Coffee
10/2/2017,14:22:28,6341,Coffee
10/2/2017,14:22:28,6341,Chicken Stew
10/2/2017,14:22:52,6342,Coffee
10/2/2017,14:27:41,6343,Coffee
10/2/2017,14:27:41,6343,Alfajores
10/2/2017,14:27:41,6343,Pastry
10/2/2017,14:35:27,6344,Coffee
10/2/2017,14:35:46,6345,Coffee
10/2/2017,14:36:50,6346,Coffee
10/2/2017,14:36:50,6346,Brownie
10/2/2017,14:39:34,6347,Soup
10/2/2017,14:41:31,6348,Coffee
10/2/2017,14:41:31,6348,Tea
10/2/2017,14:41:31,6348,Cookies
10/2/2017,14:53:05,6349,Bread
10/2/2017,15:00:16,6350,Bread
10/2/2017,15:03:56,6351,Baguette
10/2/2017,15:03:56,6351,Coffee
10/2/2017,15:16:02,6352,Tea
10/2/2017,15:19:31,6353,Spanish Brunch
10/2/2017,15:20:09,6354,Coffee
10/2/2017,15:48:28,6355,Cake
10/2/2017,15:48:28,6355,Cake
10/2/2017,15:48:28,6355,Cookies
10/2/2017,15:50:54,6356,Juice
10/2/2017,15:50:54,6356,Coffee
10/2/2017,15:50:54,6356,Cookies
10/2/2017,15:50:54,6356,Tea
10/2/2017,15:50:54,6356,Alfajores
10/2/2017,15:53:08,6357,Cake
10/2/2017,15:53:08,6357,Cookies
10/2/2017,15:53:08,6357,Coffee
10/2/2017,15:53:08,6357,Hot chocolate
10/2/2017,15:54:59,6358,Bread
10/2/2017,15:54:59,6358,Coffee
10/2/2017,15:54:59,6358,Bread
10/2/2017,16:28:46,6359,Coffee
10/2/2017,16:28:46,6359,Scone
10/2/2017,16:31:35,6360,Brownie
10/2/2017,16:31:35,6360,Coffee
10/2/2017,16:31:35,6360,Coffee
10/2/2017,16:31:35,6360,Baguette
11/2/2017,8:12:13,6361,Coffee
11/2/2017,8:12:13,6361,Bread
11/2/2017,8:12:13,6361,Scone
11/2/2017,8:37:50,6362,Coffee
11/2/2017,8:37:50,6362,Coffee
11/2/2017,8:40:48,6363,Medialuna
11/2/2017,8:48:59,6364,Bread
11/2/2017,8:59:57,6365,Bread
11/2/2017,8:59:57,6365,Farm House
11/2/2017,8:59:57,6365,Nomad bag
11/2/2017,9:02:01,6366,Bread
11/2/2017,9:02:01,6366,Pastry
11/2/2017,9:06:15,6367,Toast
11/2/2017,9:06:15,6367,Pastry
11/2/2017,9:06:15,6367,Tea
11/2/2017,9:06:15,6367,Coffee
11/2/2017,9:06:15,6367,Coffee
11/2/2017,9:18:16,6368,Scone
11/2/2017,9:18:16,6368,Pastry
11/2/2017,9:28:50,6369,Cake
11/2/2017,9:28:50,6369,Tea
11/2/2017,9:28:50,6369,Toast
11/2/2017,9:36:32,6370,Baguette
11/2/2017,9:50:02,6371,Bread
11/2/2017,9:51:47,6372,Tea
11/2/2017,9:51:47,6372,Toast
11/2/2017,10:17:14,6373,Coffee
11/2/2017,10:22:06,6374,Hot chocolate
11/2/2017,10:22:06,6374,Bread
11/2/2017,10:22:06,6374,Pastry
11/2/2017,10:22:06,6374,Pastry
11/2/2017,10:32:41,6375,Tea
11/2/2017,10:36:34,6376,Scandinavian
11/2/2017,10:36:34,6376,Pastry
11/2/2017,10:36:34,6376,Alfajores
11/2/2017,10:48:55,6377,Fudge
11/2/2017,10:54:41,6378,Tea
11/2/2017,10:54:41,6378,Tea
11/2/2017,10:54:41,6378,Pastry
11/2/2017,10:54:41,6378,Toast
11/2/2017,10:54:41,6378,Bread
11/2/2017,10:54:41,6378,Brownie
11/2/2017,10:54:41,6378,Cake
11/2/2017,10:59:48,6379,Coffee
11/2/2017,10:59:48,6379,The Nomad
11/2/2017,11:02:53,6380,Cookies
11/2/2017,11:02:53,6380,Cake
11/2/2017,11:07:24,6381,Bread
11/2/2017,11:15:52,6382,Coffee
11/2/2017,11:15:52,6382,Bread
11/2/2017,11:16:58,6383,Coffee
11/2/2017,11:16:58,6383,Pastry
11/2/2017,11:25:12,6384,Cookies
11/2/2017,11:25:12,6384,Cookies
11/2/2017,11:25:12,6384,Cake
11/2/2017,11:31:16,6385,Bread
11/2/2017,11:32:06,6386,Bread
11/2/2017,11:33:16,6387,Coffee
11/2/2017,11:33:16,6387,Pastry
11/2/2017,11:36:07,6388,Spanish Brunch
11/2/2017,11:36:07,6388,Coffee
11/2/2017,11:36:07,6388,Coffee
11/2/2017,11:36:07,6388,Juice
11/2/2017,11:36:57,6389,Coffee
11/2/2017,11:36:57,6389,Coffee
11/2/2017,11:36:57,6389,Bread
11/2/2017,11:36:57,6389,Toast
11/2/2017,11:52:19,6390,Coffee
11/2/2017,11:52:19,6390,Coffee
11/2/2017,11:52:19,6390,Coffee
11/2/2017,11:59:57,6391,Bread
11/2/2017,12:03:22,6392,Coffee
11/2/2017,12:03:22,6392,Bread
11/2/2017,12:14:31,6393,Coffee
11/2/2017,12:14:31,6393,Coffee
11/2/2017,12:16:37,6394,Baguette
11/2/2017,12:32:28,6395,Tea
11/2/2017,12:32:28,6395,Tea
11/2/2017,12:32:28,6395,Scone
11/2/2017,12:35:41,6396,Coffee
11/2/2017,12:35:41,6396,Hot chocolate
11/2/2017,12:35:41,6396,Bread
11/2/2017,12:36:32,6397,Bread
11/2/2017,12:41:37,6398,Bread
11/2/2017,12:41:37,6398,Cookies
11/2/2017,12:41:37,6398,Chicken Stew
11/2/2017,12:42:13,6399,Sandwich
11/2/2017,12:42:13,6399,Hot chocolate
11/2/2017,12:42:13,6399,Bread
11/2/2017,12:47:23,6400,Soup
11/2/2017,12:47:23,6400,The Nomad
11/2/2017,12:47:23,6400,Truffles
11/2/2017,12:55:21,6401,Baguette
11/2/2017,12:58:06,6402,Pastry
11/2/2017,13:05:30,6403,Bread
11/2/2017,13:05:30,6403,Cake
11/2/2017,13:06:26,6404,Soup
11/2/2017,13:06:26,6404,Coffee
11/2/2017,13:24:22,6405,Bread
11/2/2017,13:42:42,6406,Bread
11/2/2017,13:57:08,6407,Coffee
11/2/2017,13:57:08,6407,Bread
11/2/2017,13:57:08,6407,Cake
11/2/2017,13:57:08,6407,Cake
11/2/2017,13:58:35,6408,Soup
11/2/2017,13:58:35,6408,Chicken Stew
11/2/2017,13:58:35,6408,Coffee
11/2/2017,13:58:35,6408,Tea
11/2/2017,13:59:13,6409,Hot chocolate
11/2/2017,14:01:54,6410,Nomad bag
11/2/2017,14:01:54,6410,Bread
11/2/2017,14:01:54,6410,Coffee
11/2/2017,14:01:54,6410,Coffee
11/2/2017,14:01:54,6410,Cake
11/2/2017,14:01:54,6410,Cake
11/2/2017,14:06:04,6411,Bread
11/2/2017,14:08:27,6412,Spanish Brunch
11/2/2017,14:08:27,6412,The Nomad
11/2/2017,14:08:27,6412,Tea
11/2/2017,14:08:27,6412,Tea
11/2/2017,14:08:27,6412,Juice
11/2/2017,14:08:27,6412,Art Tray
11/2/2017,14:08:27,6412,Cake
11/2/2017,14:08:27,6412,Cake
11/2/2017,14:08:27,6412,Alfajores
11/2/2017,14:08:27,6412,Tea
11/2/2017,14:08:27,6412,Hot chocolate
11/2/2017,14:18:01,6413,Alfajores
11/2/2017,14:18:01,6413,Brownie
11/2/2017,14:23:05,6414,Coffee
11/2/2017,14:23:05,6414,Hot chocolate
11/2/2017,14:23:05,6414,Coffee
11/2/2017,14:23:05,6414,Bread
11/2/2017,14:23:05,6414,Cake
11/2/2017,14:23:34,6415,Cake
11/2/2017,14:23:34,6415,Bread
11/2/2017,14:23:34,6415,Chicken Stew
11/2/2017,14:30:30,6416,Coffee
11/2/2017,14:30:30,6416,Coffee
11/2/2017,14:30:30,6416,Coffee
11/2/2017,14:30:30,6416,Brownie
11/2/2017,14:33:40,6417,Valentine's card
11/2/2017,14:39:56,6418,Bread
11/2/2017,14:54:34,6419,Bread
11/2/2017,14:58:52,6420,Coffee
11/2/2017,14:58:52,6420,Coffee
11/2/2017,14:58:52,6420,Chicken Stew
11/2/2017,14:58:52,6420,Pastry
11/2/2017,15:30:31,6421,Tea
11/2/2017,15:30:31,6421,Bread
11/2/2017,15:39:36,6422,Soup
11/2/2017,15:39:36,6422,Spanish Brunch
11/2/2017,15:39:36,6422,Sandwich
11/2/2017,15:39:36,6422,Coffee
11/2/2017,15:39:36,6422,Tea
11/2/2017,15:48:21,6423,Coffee
11/2/2017,15:48:21,6423,Tea
11/2/2017,16:00:42,6424,Coffee
11/2/2017,16:00:42,6424,Juice
11/2/2017,16:15:31,6425,Coffee
11/2/2017,16:15:31,6425,Cake
11/2/2017,16:15:31,6425,Pastry
11/2/2017,16:21:22,6426,Bread
11/2/2017,16:21:22,6426,Hot chocolate
11/2/2017,16:21:22,6426,Sandwich
11/2/2017,16:44:43,6427,Bread
11/2/2017,16:48:55,6428,Bread
11/2/2017,16:48:55,6428,Tea
11/2/2017,16:48:55,6428,Tea
11/2/2017,16:48:55,6428,Bread
11/2/2017,16:48:55,6428,Cake
11/2/2017,17:00:15,6429,Afternoon with the baker
11/2/2017,17:07:32,6430,Bread
11/2/2017,17:12:12,6431,Bread
11/2/2017,17:12:12,6431,Scandinavian
11/2/2017,17:15:48,6432,Tea
11/2/2017,17:15:48,6432,Tea
11/2/2017,17:15:48,6432,Cake
11/2/2017,17:15:48,6432,Medialuna
11/2/2017,17:15:48,6432,Medialuna
11/2/2017,17:15:48,6432,Coffee
11/2/2017,17:15:48,6432,Scandinavian
11/2/2017,17:31:07,6433,Scandinavian
11/2/2017,17:35:06,6434,Bread
11/2/2017,17:35:06,6434,Soup
12/2/2017,9:39:15,6435,Cake
12/2/2017,9:39:15,6435,Bread
12/2/2017,9:39:15,6435,Cookies
12/2/2017,9:39:15,6435,Eggs
12/2/2017,9:39:15,6435,Juice
12/2/2017,9:44:46,6436,Coffee
12/2/2017,10:07:57,6437,Coffee
12/2/2017,10:07:57,6437,Tea
12/2/2017,10:07:57,6437,Pastry
12/2/2017,10:09:16,6438,Medialuna
12/2/2017,10:09:16,6438,Coffee
12/2/2017,10:11:11,6439,Coffee
12/2/2017,10:11:11,6439,Toast
12/2/2017,10:14:18,6440,Pastry
12/2/2017,10:14:18,6440,Pastry
12/2/2017,10:14:18,6440,Pastry
12/2/2017,10:14:18,6440,Bread
12/2/2017,10:17:14,6441,Coffee
12/2/2017,10:17:14,6441,Coffee
12/2/2017,10:17:14,6441,Pastry
12/2/2017,10:17:14,6441,Cookies
12/2/2017,10:17:14,6441,Bread
12/2/2017,10:29:35,6442,Bread
12/2/2017,10:31:59,6443,Pastry
12/2/2017,10:31:59,6443,Medialuna
12/2/2017,10:31:59,6443,Baguette
12/2/2017,10:33:43,6444,Coffee
12/2/2017,10:33:43,6444,Scone
12/2/2017,10:42:27,6445,Bread
12/2/2017,10:42:27,6445,Bread
12/2/2017,10:51:59,6446,Coffee
12/2/2017,10:57:04,6447,Bread
12/2/2017,11:05:51,6448,Bread
12/2/2017,11:05:51,6448,Coffee
12/2/2017,11:05:51,6448,Scone
12/2/2017,11:08:17,6449,Bread
12/2/2017,11:08:17,6449,Baguette
12/2/2017,11:08:17,6449,Hot chocolate
12/2/2017,11:08:17,6449,Coffee
12/2/2017,11:08:17,6449,Toast
12/2/2017,11:09:15,6450,Coffee
12/2/2017,11:12:56,6451,Coffee
12/2/2017,11:12:56,6451,Coffee
12/2/2017,11:12:56,6451,Coffee
12/2/2017,11:12:56,6451,Bread
12/2/2017,11:12:56,6451,Cake
12/2/2017,11:14:03,6452,Coffee
12/2/2017,11:15:00,6453,Coffee
12/2/2017,11:15:00,6453,Coffee
12/2/2017,11:15:00,6453,Scone
12/2/2017,11:15:00,6453,Cake
12/2/2017,11:16:44,6454,Scone
12/2/2017,11:16:44,6454,Bread
12/2/2017,11:16:44,6454,Baguette
12/2/2017,11:19:08,6455,Cake
12/2/2017,11:24:43,6456,Coffee
12/2/2017,11:24:43,6456,Spanish Brunch
12/2/2017,11:24:43,6456,Bread
12/2/2017,11:37:59,6457,Pastry
12/2/2017,11:37:59,6457,Brownie
12/2/2017,11:50:11,6458,Toast
12/2/2017,12:11:32,6459,Bread
12/2/2017,12:11:32,6459,Bread
12/2/2017,12:12:33,6460,Bread
12/2/2017,12:15:53,6461,Farm House
12/2/2017,12:16:59,6462,Spanish Brunch
12/2/2017,12:16:59,6462,Cake
12/2/2017,12:37:46,6463,Bread
12/2/2017,12:46:52,6464,Coffee
12/2/2017,12:53:01,6465,Coffee
12/2/2017,12:53:01,6465,Coffee
12/2/2017,12:53:01,6465,Cake
12/2/2017,12:53:22,6466,Bread
12/2/2017,13:24:58,6467,Coffee
12/2/2017,13:24:58,6467,Coffee
12/2/2017,13:24:58,6467,Coffee
12/2/2017,13:40:32,6468,Tea
12/2/2017,13:40:32,6468,Cake
12/2/2017,13:43:18,6469,Hot chocolate
12/2/2017,13:43:18,6469,Soup
12/2/2017,13:44:58,6470,Tea
12/2/2017,13:56:38,6471,Alfajores
12/2/2017,13:56:38,6471,Bread
12/2/2017,14:15:13,6472,Cake
12/2/2017,14:15:13,6472,Bread
12/2/2017,14:27:31,6473,Coffee
12/2/2017,14:35:34,6474,Coffee
12/2/2017,14:35:34,6474,Coffee
12/2/2017,14:35:34,6474,Coffee
12/2/2017,14:35:34,6474,Tea
12/2/2017,14:35:34,6474,Toast
12/2/2017,14:35:34,6474,Duck egg
12/2/2017,14:35:34,6474,Extra Salami or Feta
12/2/2017,14:35:34,6474,Chicken Stew
12/2/2017,14:35:34,6474,Cookies
12/2/2017,14:35:34,6474,Brownie
12/2/2017,14:35:34,6474,Bread
12/2/2017,14:46:59,6475,Bread
12/2/2017,14:56:07,6476,Coffee
12/2/2017,14:56:07,6476,Sandwich
12/2/2017,14:56:32,6477,Coffee
12/2/2017,14:56:32,6477,Cake
12/2/2017,14:58:29,6478,Brownie
12/2/2017,14:58:29,6478,Bread
12/2/2017,15:34:48,6479,Coffee
12/2/2017,15:34:48,6479,Coffee
12/2/2017,15:34:48,6479,Alfajores
12/2/2017,15:34:48,6479,Cake
12/2/2017,15:34:48,6479,Brownie
12/2/2017,15:35:37,6480,Coffee
12/2/2017,15:35:37,6480,Brownie
12/2/2017,18:35:27,6481,Afternoon with the baker
12/2/2017,18:37:47,6482,Afternoon with the baker
13/2/2017,8:35:01,6483,Bread
13/2/2017,9:04:35,6484,Coffee
13/2/2017,9:04:35,6484,Medialuna
13/2/2017,9:04:35,6484,Baguette
13/2/2017,9:33:28,6485,Coffee
13/2/2017,9:33:58,6486,Hot chocolate
13/2/2017,9:33:58,6486,Toast
13/2/2017,9:47:21,6487,Coffee
13/2/2017,9:47:21,6487,Bread
13/2/2017,9:47:21,6487,Medialuna
13/2/2017,9:47:21,6487,Alfajores
13/2/2017,10:03:37,6488,Alfajores
13/2/2017,10:03:37,6488,Medialuna
13/2/2017,10:03:37,6488,Coffee
13/2/2017,10:03:37,6488,Bread
13/2/2017,10:13:23,6489,Focaccia
13/2/2017,10:13:23,6489,Bread
13/2/2017,10:17:46,6490,Coffee
13/2/2017,10:37:23,6491,Coffee
13/2/2017,10:37:23,6491,Coffee
13/2/2017,10:38:25,6492,Coffee
13/2/2017,10:42:11,6493,Hot chocolate
13/2/2017,10:53:03,6494,Coffee
13/2/2017,10:53:03,6494,Juice
13/2/2017,11:02:54,6495,Coffee
13/2/2017,11:02:54,6495,Pastry
13/2/2017,11:04:06,6496,Pastry
13/2/2017,11:04:06,6496,Coffee
13/2/2017,11:20:26,6497,Scandinavian
13/2/2017,11:36:58,6498,Juice
13/2/2017,11:36:58,6498,Chocolates
13/2/2017,11:36:58,6498,Hot chocolate
13/2/2017,11:36:58,6498,Coffee
13/2/2017,11:36:58,6498,Bread
13/2/2017,11:36:58,6498,Cookies
13/2/2017,11:37:41,6499,Tea
13/2/2017,11:37:41,6499,Coffee
13/2/2017,11:46:12,6500,Bread
13/2/2017,11:48:05,6501,Coffee
13/2/2017,11:48:05,6501,Brownie
13/2/2017,11:48:05,6501,Farm House
13/2/2017,11:50:52,6502,Bread
13/2/2017,11:50:52,6502,Cookies
13/2/2017,11:50:52,6502,Coffee
13/2/2017,11:56:04,6503,Coffee
13/2/2017,11:56:04,6503,Coffee
13/2/2017,11:57:27,6504,Coffee
13/2/2017,12:06:21,6505,Coffee
13/2/2017,12:06:21,6505,Coffee
13/2/2017,12:06:21,6505,Scone
13/2/2017,12:06:21,6505,Cake
13/2/2017,12:06:21,6505,Farm House
13/2/2017,12:06:21,6505,Juice
13/2/2017,12:07:14,6506,Coffee
13/2/2017,12:07:14,6506,Coffee
13/2/2017,12:07:14,6506,Cookies
13/2/2017,12:18:18,6507,Scone
13/2/2017,12:18:18,6507,Coffee
13/2/2017,12:22:43,6508,Bread
13/2/2017,12:29:12,6509,Bread
13/2/2017,12:29:12,6509,Cookies
13/2/2017,12:34:21,6510,Coffee
13/2/2017,12:36:04,6511,Cookies
13/2/2017,12:36:04,6511,Cake
13/2/2017,12:36:04,6511,Cake
13/2/2017,12:36:04,6511,Truffles
13/2/2017,12:47:43,6512,Baguette
13/2/2017,12:50:29,6513,Bread
13/2/2017,12:50:29,6513,Tea
13/2/2017,13:13:25,6514,Farm House
13/2/2017,13:13:46,6515,Coffee
13/2/2017,13:16:19,6516,Soup
13/2/2017,13:22:48,6517,Coffee
13/2/2017,13:22:48,6517,Tea
13/2/2017,13:22:48,6517,Sandwich
13/2/2017,13:22:48,6517,Sandwich
13/2/2017,13:33:32,6518,Soup
13/2/2017,13:33:32,6518,Tea
13/2/2017,13:33:32,6518,Tea
13/2/2017,13:44:36,6519,Coke
13/2/2017,13:44:36,6519,Juice
13/2/2017,13:44:36,6519,Coffee
13/2/2017,13:44:36,6519,Chicken Stew
13/2/2017,13:44:36,6519,Sandwich
13/2/2017,13:44:36,6519,Sandwich
13/2/2017,13:44:36,6519,Sandwich
13/2/2017,13:44:36,6519,Cookies
13/2/2017,13:44:36,6519,Cookies
13/2/2017,14:03:22,6520,Cake
13/2/2017,14:12:02,6521,Truffles
13/2/2017,14:12:02,6521,Bread
13/2/2017,14:12:02,6521,Sandwich
13/2/2017,14:12:02,6521,Soup
13/2/2017,14:13:04,6522,Cake
13/2/2017,14:13:04,6522,Coffee
13/2/2017,14:13:04,6522,Cookies
13/2/2017,14:13:04,6522,Coke
13/2/2017,14:16:21,6523,Truffles
13/2/2017,14:16:21,6523,Salad
13/2/2017,14:16:21,6523,Chicken Stew
13/2/2017,14:16:21,6523,Medialuna
13/2/2017,14:16:21,6523,Brownie
13/2/2017,14:21:59,6524,Coffee
13/2/2017,14:21:59,6524,Coffee
13/2/2017,14:21:59,6524,Alfajores
13/2/2017,14:21:59,6524,Cookies
13/2/2017,14:44:25,6525,Coffee
13/2/2017,14:44:25,6525,Bread
13/2/2017,14:44:25,6525,Soup
13/2/2017,14:44:25,6525,Sandwich
13/2/2017,14:57:38,6526,Bread
13/2/2017,14:57:38,6526,Alfajores
13/2/2017,14:58:52,6527,Bread
13/2/2017,15:00:43,6528,Tea
13/2/2017,15:00:43,6528,Sandwich
13/2/2017,15:09:04,6529,Alfajores
13/2/2017,15:09:04,6529,Bread
13/2/2017,15:09:04,6529,Coffee
13/2/2017,15:22:03,6530,Sandwich
13/2/2017,15:22:03,6530,Sandwich
13/2/2017,15:22:03,6530,Truffles
13/2/2017,15:22:03,6530,Tea
13/2/2017,15:23:27,6531,Cake
13/2/2017,15:25:43,6532,Farm House
13/2/2017,15:25:43,6532,Coffee
13/2/2017,15:53:39,6533,Tea
13/2/2017,15:53:39,6533,Coffee
13/2/2017,15:53:39,6533,Soup
13/2/2017,15:53:39,6533,Cake
13/2/2017,15:54:53,6534,Bread
13/2/2017,15:54:53,6534,Coffee
13/2/2017,15:56:39,6535,Chicken Stew
13/2/2017,15:56:39,6535,Coffee
13/2/2017,16:01:54,6536,Coffee
13/2/2017,16:01:54,6536,Coffee
13/2/2017,16:23:17,6537,Bread
13/2/2017,16:23:17,6537,Coffee
13/2/2017,16:29:05,6538,Tea
13/2/2017,16:29:05,6538,Toast
13/2/2017,17:07:59,6539,Coffee
13/2/2017,17:07:59,6539,Coffee
13/2/2017,17:51:35,6540,Tea
13/2/2017,17:51:35,6540,Hot chocolate
13/2/2017,17:51:35,6540,Cake
13/2/2017,17:51:35,6540,Eggs
13/2/2017,17:51:35,6540,Fudge
13/2/2017,17:51:35,6540,Bread
13/2/2017,17:55:24,6541,Bread
14/2/2017,8:16:23,6542,Coffee
14/2/2017,8:16:23,6542,Bread
14/2/2017,8:16:23,6542,Cake
14/2/2017,8:31:38,6543,Alfajores
14/2/2017,8:31:38,6543,Coffee
14/2/2017,8:55:20,6544,Bread
14/2/2017,8:55:20,6544,Bread
14/2/2017,8:56:50,6545,Afternoon with the baker
14/2/2017,9:33:15,6546,Medialuna
14/2/2017,9:33:15,6546,Alfajores
14/2/2017,9:54:03,6547,Coffee
14/2/2017,9:54:03,6547,Coffee
14/2/2017,10:03:42,6548,Coffee
14/2/2017,10:03:42,6548,Bread
14/2/2017,10:03:42,6548,Mineral water
14/2/2017,10:03:42,6548,Toast
14/2/2017,10:48:23,6549,Bread
14/2/2017,10:48:23,6549,Pastry
14/2/2017,11:02:57,6550,Tea
14/2/2017,11:09:59,6551,Coffee
14/2/2017,11:09:59,6551,Tea
14/2/2017,11:09:59,6551,Cake
14/2/2017,11:32:02,6552,Coffee
14/2/2017,11:32:02,6552,Coffee
14/2/2017,11:32:02,6552,Cake
14/2/2017,11:32:02,6552,Toast
14/2/2017,11:38:52,6553,Coffee
14/2/2017,11:38:52,6553,Pastry
14/2/2017,11:38:52,6553,Alfajores
14/2/2017,11:38:52,6553,Farm House
14/2/2017,11:40:15,6554,Hot chocolate
14/2/2017,11:40:15,6554,Cake
14/2/2017,11:40:47,6555,Hot chocolate
14/2/2017,11:40:47,6555,Cake
14/2/2017,12:15:53,6556,Bread
14/2/2017,12:16:43,6557,Coffee
14/2/2017,12:16:43,6557,Coffee
14/2/2017,12:16:43,6557,Tea
14/2/2017,12:16:43,6557,Cake
14/2/2017,12:16:43,6557,Alfajores
14/2/2017,12:18:43,6558,Cookies
14/2/2017,12:18:43,6558,Scone
14/2/2017,12:18:43,6558,Coffee
14/2/2017,12:18:43,6558,Hot chocolate
14/2/2017,12:33:55,6559,Coffee
14/2/2017,12:33:55,6559,Coffee
14/2/2017,12:33:55,6559,Hot chocolate
14/2/2017,12:33:55,6559,Coffee
14/2/2017,12:33:55,6559,Cake
14/2/2017,12:33:55,6559,Medialuna
14/2/2017,12:36:44,6560,Coffee
14/2/2017,12:36:44,6560,Coffee
14/2/2017,12:36:44,6560,Coffee
14/2/2017,12:36:44,6560,Coffee
14/2/2017,12:36:44,6560,Medialuna
14/2/2017,12:36:44,6560,Cookies
14/2/2017,12:40:43,6561,Coffee
14/2/2017,12:40:43,6561,Cake
14/2/2017,12:59:56,6562,Bread
14/2/2017,12:59:56,6562,Bread
14/2/2017,13:08:40,6563,Sandwich
14/2/2017,13:08:40,6563,Coffee
14/2/2017,13:11:49,6565,Bread
14/2/2017,13:17:28,6566,Coffee
14/2/2017,13:17:28,6566,Cake
14/2/2017,13:18:15,6567,Coffee
14/2/2017,13:18:15,6567,Coke
14/2/2017,13:18:15,6567,Pastry
14/2/2017,13:33:19,6568,Salad
14/2/2017,13:49:40,6569,Bread
14/2/2017,14:06:22,6570,Bread
14/2/2017,14:06:22,6570,Cake
14/2/2017,14:10:44,6571,Farm House
14/2/2017,14:10:44,6571,Cake
14/2/2017,14:27:47,6572,Coke
14/2/2017,14:34:33,6573,Bread
14/2/2017,14:37:31,6574,Cookies
14/2/2017,14:37:31,6574,Cookies
14/2/2017,14:37:31,6574,Spanish Brunch
14/2/2017,14:37:31,6574,Toast
14/2/2017,14:37:31,6574,Coffee
14/2/2017,14:37:31,6574,Bread
14/2/2017,14:44:59,6575,Tea
14/2/2017,14:44:59,6575,Tea
14/2/2017,14:47:20,6576,Coffee
14/2/2017,15:09:09,6577,Hot chocolate
14/2/2017,15:09:09,6577,Hot chocolate
14/2/2017,15:09:09,6577,Hot chocolate
14/2/2017,15:09:09,6577,Smoothies
14/2/2017,15:09:09,6577,Cookies
14/2/2017,15:09:09,6577,Cookies
14/2/2017,15:11:16,6578,Coffee
14/2/2017,15:11:16,6578,Juice
14/2/2017,15:11:16,6578,Bread
14/2/2017,15:11:16,6578,Bread
14/2/2017,15:11:16,6578,Afternoon with the baker
14/2/2017,15:12:51,6579,Coffee
14/2/2017,15:21:41,6580,Alfajores
14/2/2017,15:21:41,6580,Bread
14/2/2017,15:39:06,6581,Soup
14/2/2017,15:39:06,6581,Tea
14/2/2017,15:55:47,6582,Tea
14/2/2017,15:55:47,6582,Alfajores
14/2/2017,16:16:36,6583,Bread
14/2/2017,16:16:36,6583,Vegan mincepie
14/2/2017,16:29:36,6584,Baguette
14/2/2017,16:29:36,6584,Alfajores
14/2/2017,16:31:34,6585,Baguette
14/2/2017,16:42:03,6586,Bread
14/2/2017,16:50:20,6587,Coffee
14/2/2017,16:50:20,6587,Coffee
14/2/2017,23:29:03,6588,Valentine's card
14/2/2017,23:38:41,6589,Valentine's card
15/2/2017,7:58:43,6592,Coffee
15/2/2017,7:58:43,6592,Coffee
15/2/2017,7:59:55,6593,Toast
15/2/2017,8:37:00,6594,Bread
15/2/2017,9:54:39,6595,Coffee
15/2/2017,9:54:39,6595,Coffee
15/2/2017,9:56:04,6596,Pastry
15/2/2017,10:24:04,6597,Bread
15/2/2017,10:34:09,6598,Pastry
15/2/2017,10:34:09,6598,Coffee
15/2/2017,10:34:09,6598,Coffee
15/2/2017,10:50:52,6599,Baguette
15/2/2017,11:12:50,6600,Coffee
15/2/2017,11:16:49,6601,Tea
15/2/2017,11:16:49,6601,Tea
15/2/2017,11:16:49,6601,The Nomad
15/2/2017,11:16:49,6601,Pastry
15/2/2017,11:22:31,6602,Bread
15/2/2017,11:26:30,6603,Coffee
15/2/2017,11:26:30,6603,Bread
15/2/2017,11:55:18,6604,Medialuna
15/2/2017,11:55:18,6604,Medialuna
15/2/2017,11:55:18,6604,Medialuna
15/2/2017,11:55:18,6604,Baguette
15/2/2017,12:00:27,6605,Hot chocolate
15/2/2017,12:00:27,6605,Coffee
15/2/2017,12:00:27,6605,Medialuna
15/2/2017,12:00:27,6605,Soup
15/2/2017,12:00:27,6605,Cake
15/2/2017,12:07:28,6606,Bread
15/2/2017,12:07:28,6606,Coffee
15/2/2017,12:28:50,6607,Bread
15/2/2017,12:28:50,6607,Medialuna
15/2/2017,12:29:17,6608,Vegan Feast
15/2/2017,12:44:07,6609,Sandwich
15/2/2017,12:44:07,6609,Truffles
15/2/2017,13:06:51,6610,Coffee
15/2/2017,13:06:51,6610,Toast
15/2/2017,13:22:48,6611,Soup
15/2/2017,13:25:01,6612,The Nomad
15/2/2017,13:25:01,6612,Coffee
15/2/2017,13:25:01,6612,Coffee
15/2/2017,13:46:20,6613,Sandwich
15/2/2017,13:46:20,6613,Juice
15/2/2017,14:11:28,6614,Soup
15/2/2017,14:11:28,6614,Soup
15/2/2017,14:11:28,6614,Cake
15/2/2017,14:11:28,6614,Cake
15/2/2017,14:11:28,6614,Tea
15/2/2017,14:11:28,6614,Tea
15/2/2017,14:16:26,6616,Bread
15/2/2017,14:23:16,6617,Baguette
15/2/2017,14:23:16,6617,Coffee
15/2/2017,14:23:16,6617,Coffee
15/2/2017,14:23:16,6617,Coffee
15/2/2017,14:23:16,6617,Salad
15/2/2017,14:23:16,6617,Art Tray
15/2/2017,14:23:16,6617,Alfajores
15/2/2017,14:40:41,6618,Coffee
15/2/2017,14:40:41,6618,Bread
15/2/2017,14:41:27,6619,Bread
15/2/2017,14:54:25,6620,Cake
15/2/2017,14:56:10,6621,Baguette
15/2/2017,15:24:42,6622,Hot chocolate
15/2/2017,15:24:42,6622,Alfajores
15/2/2017,15:26:54,6623,Coffee
15/2/2017,15:26:54,6623,Hot chocolate
15/2/2017,15:26:54,6623,Coffee
15/2/2017,15:26:54,6623,Medialuna
15/2/2017,15:26:54,6623,Jammie Dodgers
15/2/2017,15:34:46,6624,Coffee
15/2/2017,15:34:46,6624,Vegan mincepie
15/2/2017,15:34:46,6624,Pastry
15/2/2017,15:43:04,6625,Hot chocolate
15/2/2017,15:43:04,6625,Coffee
15/2/2017,15:43:04,6625,Alfajores
15/2/2017,15:43:04,6625,Cake
15/2/2017,16:54:32,6626,Brownie
15/2/2017,17:18:00,6627,Bread
16/2/2017,9:08:10,6628,Coffee
16/2/2017,9:08:10,6628,Bread
16/2/2017,9:20:51,6629,Bread
16/2/2017,9:20:51,6629,Cake
16/2/2017,9:58:05,6630,Cake
16/2/2017,9:58:05,6630,Coffee
16/2/2017,10:02:17,6631,Coffee
16/2/2017,10:15:05,6632,Farm House
16/2/2017,10:27:30,6633,Cookies
16/2/2017,10:34:58,6634,Brownie
16/2/2017,10:39:28,6635,Coffee
16/2/2017,10:48:04,6636,Baguette
16/2/2017,10:55:25,6637,Coffee
16/2/2017,11:23:06,6638,Medialuna
16/2/2017,11:23:06,6638,Alfajores
16/2/2017,11:23:06,6638,Hot chocolate
16/2/2017,11:23:06,6638,Hot chocolate
16/2/2017,11:23:06,6638,Bread
16/2/2017,11:38:33,6639,Pastry
16/2/2017,11:38:33,6639,Medialuna
16/2/2017,11:38:33,6639,Alfajores
16/2/2017,11:38:33,6639,Alfajores
16/2/2017,11:38:33,6639,Cake
16/2/2017,11:55:22,6640,Coffee
16/2/2017,12:02:19,6641,Hot chocolate
16/2/2017,12:02:19,6641,Coffee
16/2/2017,12:02:19,6641,Cake
16/2/2017,12:02:19,6641,Cookies
16/2/2017,12:02:19,6641,Spanish Brunch
16/2/2017,12:02:19,6641,Duck egg
16/2/2017,12:05:31,6642,Coffee
16/2/2017,12:05:31,6642,Pastry
16/2/2017,12:12:53,6643,Smoothies
16/2/2017,12:12:53,6643,Sandwich
16/2/2017,12:12:53,6643,Soup
16/2/2017,12:19:11,6644,Coffee
16/2/2017,12:19:11,6644,Juice
16/2/2017,12:19:11,6644,Jammie Dodgers
16/2/2017,12:19:11,6644,Chicken Stew
16/2/2017,12:19:11,6644,Tea
16/2/2017,12:20:55,6645,Hot chocolate
16/2/2017,12:20:55,6645,Juice
16/2/2017,12:20:55,6645,Hot chocolate
16/2/2017,12:20:55,6645,Toast
16/2/2017,12:20:55,6645,Chicken Stew
16/2/2017,12:20:55,6645,Tea
16/2/2017,12:20:55,6645,Tea
16/2/2017,12:24:43,6646,Coffee
16/2/2017,12:33:00,6647,Coffee
16/2/2017,12:33:00,6647,Coffee
16/2/2017,12:33:00,6647,Pastry
16/2/2017,12:33:00,6647,Pastry
16/2/2017,12:45:14,6648,Coffee
16/2/2017,12:45:14,6648,Coffee
16/2/2017,12:45:14,6648,Cookies
16/2/2017,12:45:14,6648,Cake
16/2/2017,12:45:47,6649,Coffee
16/2/2017,12:47:55,6650,Fudge
16/2/2017,12:53:29,6651,Coffee
16/2/2017,12:53:29,6651,Cake
16/2/2017,12:53:29,6651,Brownie
16/2/2017,12:53:29,6651,Alfajores
16/2/2017,12:54:35,6652,Cake
16/2/2017,13:02:33,6653,Tea
16/2/2017,13:02:33,6653,Tea
16/2/2017,13:02:33,6653,Soup
16/2/2017,13:30:23,6654,Hot chocolate
16/2/2017,13:30:23,6654,Sandwich
16/2/2017,13:30:23,6654,Sandwich
16/2/2017,14:10:19,6655,Afternoon with the baker
16/2/2017,14:10:53,6656,Soup
16/2/2017,14:10:53,6656,Soup
16/2/2017,14:10:53,6656,Tea
16/2/2017,14:10:53,6656,Truffles
16/2/2017,14:12:21,6657,Coffee
16/2/2017,14:12:21,6657,Coffee
16/2/2017,14:12:21,6657,Brownie
16/2/2017,14:12:21,6657,Cake
16/2/2017,14:12:21,6657,Sandwich
16/2/2017,14:12:21,6657,Sandwich
16/2/2017,14:26:05,6658,Cookies
16/2/2017,14:27:41,6659,Coffee
16/2/2017,14:29:53,6660,Coffee
16/2/2017,14:29:53,6660,Coffee
16/2/2017,14:29:53,6660,Juice
16/2/2017,14:29:53,6660,Extra Salami or Feta
16/2/2017,14:29:53,6660,Salad
16/2/2017,14:29:53,6660,Toast
16/2/2017,14:40:32,6661,Pastry
16/2/2017,14:40:32,6661,Coffee
16/2/2017,14:40:32,6661,Coffee
16/2/2017,14:40:32,6661,Muffin
16/2/2017,14:40:32,6661,Alfajores
16/2/2017,15:10:06,6662,Bread
16/2/2017,15:19:18,6663,Baguette
16/2/2017,15:21:44,6664,Afternoon with the baker
16/2/2017,15:21:44,6664,Brownie
16/2/2017,15:21:44,6664,Cookies
16/2/2017,15:21:44,6664,Cookies
16/2/2017,15:26:01,6665,Cookies
16/2/2017,15:26:01,6665,Farm House
16/2/2017,15:28:40,6666,Baguette
16/2/2017,15:28:40,6666,Cake
16/2/2017,15:34:09,6667,Cake
16/2/2017,15:45:08,6668,Bread
16/2/2017,15:52:35,6669,Coffee
16/2/2017,15:58:34,6670,Tea
16/2/2017,15:58:34,6670,Medialuna
16/2/2017,17:19:39,6671,Bread
17/2/2017,8:14:03,6672,Coffee
17/2/2017,9:23:02,6673,Bread
17/2/2017,9:24:16,6674,Coffee
17/2/2017,9:24:16,6674,Coffee
17/2/2017,9:24:16,6674,Pastry
17/2/2017,9:24:16,6674,Medialuna
17/2/2017,9:49:53,6675,Jammie Dodgers
17/2/2017,9:49:53,6675,Coffee
17/2/2017,9:49:53,6675,Bread
17/2/2017,9:50:39,6676,Coffee
17/2/2017,9:54:05,6677,Spanish Brunch
17/2/2017,9:54:05,6677,Tea
17/2/2017,9:57:57,6678,Coffee
17/2/2017,9:57:57,6678,Spanish Brunch
17/2/2017,9:57:57,6678,Bread
17/2/2017,10:38:10,6679,Tea
17/2/2017,10:38:10,6679,Coffee
17/2/2017,10:38:10,6679,Cookies
17/2/2017,10:38:10,6679,Cookies
17/2/2017,10:45:57,6680,Bread
17/2/2017,10:45:57,6680,Bread
17/2/2017,10:50:03,6681,Scandinavian
17/2/2017,10:50:03,6681,Baguette
17/2/2017,10:50:16,6682,Farm House
17/2/2017,11:02:14,6683,Bread
17/2/2017,11:05:21,6684,Cake
17/2/2017,11:05:21,6684,Cookies
17/2/2017,11:05:21,6684,Coffee
17/2/2017,11:05:21,6684,Coffee
17/2/2017,11:08:25,6685,Coffee
17/2/2017,11:08:25,6685,Tea
17/2/2017,11:08:25,6685,Scone
17/2/2017,11:08:25,6685,Bread
17/2/2017,11:08:40,6686,Coffee
17/2/2017,11:09:23,6687,Tea
17/2/2017,11:09:23,6687,Cake
17/2/2017,11:11:27,6688,Pastry
17/2/2017,11:11:27,6688,Coffee
17/2/2017,11:11:27,6688,Coffee
17/2/2017,11:13:21,6689,Farm House
17/2/2017,11:31:27,6690,Juice
17/2/2017,11:31:27,6690,Bread
17/2/2017,11:31:27,6690,Sandwich
17/2/2017,11:31:27,6690,Sandwich
17/2/2017,11:31:27,6690,Sandwich
17/2/2017,11:31:27,6690,Coke
17/2/2017,11:43:33,6691,Bread
17/2/2017,11:43:33,6691,Bread
17/2/2017,11:43:33,6691,Tea
17/2/2017,11:43:33,6691,Jammie Dodgers
17/2/2017,11:43:33,6691,Tiffin
17/2/2017,11:43:50,6692,Bread
17/2/2017,11:43:50,6692,Tea
17/2/2017,11:46:41,6693,Juice
17/2/2017,11:46:41,6693,Coffee
17/2/2017,11:46:41,6693,Coffee
17/2/2017,11:46:41,6693,Hot chocolate
17/2/2017,11:46:41,6693,Hot chocolate
17/2/2017,11:46:41,6693,Chocolates
17/2/2017,11:46:41,6693,Jammie Dodgers
17/2/2017,11:49:18,6694,Brownie
17/2/2017,11:49:18,6694,Pastry
17/2/2017,11:49:18,6694,Juice
17/2/2017,11:49:18,6694,Bread
17/2/2017,11:49:18,6694,Scone
17/2/2017,11:58:28,6695,Cake
17/2/2017,11:58:28,6695,Muffin
17/2/2017,11:59:25,6696,Brownie
17/2/2017,11:59:25,6696,Sandwich
17/2/2017,11:59:25,6696,Baguette
17/2/2017,12:09:01,6697,Coffee
17/2/2017,12:33:14,6698,Coffee
17/2/2017,12:33:14,6698,Sandwich
17/2/2017,12:33:14,6698,Sandwich
17/2/2017,12:38:04,6699,Coffee
17/2/2017,12:38:04,6699,Toast
17/2/2017,13:06:30,6700,Pastry
17/2/2017,13:08:20,6701,Tiffin
17/2/2017,13:08:20,6701,Sandwich
17/2/2017,13:09:38,6702,Muffin
17/2/2017,13:09:56,6703,Bread
17/2/2017,13:10:22,6704,Bread
17/2/2017,13:13:38,6705,Chicken Stew
17/2/2017,13:13:38,6705,Scone
17/2/2017,13:13:38,6705,Brownie
17/2/2017,13:13:38,6705,Medialuna
17/2/2017,13:14:15,6706,Scone
17/2/2017,13:16:24,6707,Sandwich
17/2/2017,13:16:24,6707,Soup
17/2/2017,13:16:24,6707,Coffee
17/2/2017,13:22:16,6708,Scandinavian
17/2/2017,13:22:16,6708,Bread
17/2/2017,13:27:44,6709,Chicken Stew
17/2/2017,13:27:44,6709,Tea
17/2/2017,13:31:44,6710,Cake
17/2/2017,13:31:44,6710,Coffee
17/2/2017,13:31:44,6710,Coffee
17/2/2017,13:31:44,6710,Sandwich
17/2/2017,13:31:44,6710,Sandwich
17/2/2017,13:41:33,6711,Bread
17/2/2017,13:56:37,6712,Bread
17/2/2017,13:56:37,6712,Scone
17/2/2017,14:04:25,6713,Sandwich
17/2/2017,14:04:25,6713,Tea
17/2/2017,14:04:25,6713,Tea
17/2/2017,14:12:58,6714,Cake
17/2/2017,14:12:58,6714,Tiffin
17/2/2017,14:16:41,6715,Baguette
17/2/2017,14:16:41,6715,Scandinavian
17/2/2017,14:18:20,6716,Coffee
17/2/2017,14:18:20,6716,Coffee
17/2/2017,14:18:20,6716,Coffee
17/2/2017,14:18:20,6716,Tea
17/2/2017,14:18:20,6716,Coke
17/2/2017,14:18:20,6716,Tiffin
17/2/2017,14:18:20,6716,Medialuna
17/2/2017,14:18:20,6716,Bread
17/2/2017,14:18:20,6716,Soup
17/2/2017,14:18:20,6716,Chicken Stew
17/2/2017,14:18:20,6716,Sandwich
17/2/2017,14:19:21,6717,Coffee
17/2/2017,14:19:21,6717,Bread
17/2/2017,14:27:38,6718,Hot chocolate
17/2/2017,14:27:38,6718,Bread
17/2/2017,14:27:38,6718,Muffin
17/2/2017,14:32:04,6719,Coffee
17/2/2017,14:32:04,6719,Scone
17/2/2017,14:33:50,6720,Coffee
17/2/2017,14:33:50,6720,Hot chocolate
17/2/2017,14:36:12,6721,Tea
17/2/2017,14:36:12,6721,Coffee
17/2/2017,14:42:18,6722,Muffin
17/2/2017,14:45:07,6723,Sandwich
17/2/2017,14:45:07,6723,Sandwich
17/2/2017,14:45:07,6723,Sandwich
17/2/2017,14:45:07,6723,Coke
17/2/2017,14:45:07,6723,Truffles
17/2/2017,14:45:07,6723,Coffee
17/2/2017,14:46:15,6724,Baguette
17/2/2017,15:32:55,6725,Bread
17/2/2017,15:32:55,6725,Medialuna
17/2/2017,15:32:55,6725,Brownie
17/2/2017,15:32:55,6725,Truffles
17/2/2017,15:42:33,6726,Coffee
17/2/2017,15:42:33,6726,Coffee
17/2/2017,15:42:33,6726,Mineral water
17/2/2017,15:42:33,6726,Hot chocolate
17/2/2017,15:42:33,6726,Alfajores
17/2/2017,15:45:16,6727,Cake
17/2/2017,15:45:16,6727,Mineral water
17/2/2017,15:45:16,6727,Coffee
17/2/2017,15:45:16,6727,Sandwich
17/2/2017,16:04:30,6728,Coffee
17/2/2017,16:04:30,6728,Jammie Dodgers
17/2/2017,16:32:40,6729,Coffee
17/2/2017,16:38:06,6730,Bread
17/2/2017,16:38:06,6730,Bread
17/2/2017,16:38:06,6730,Coffee
17/2/2017,16:38:06,6730,Coffee
17/2/2017,16:38:06,6730,Tea
17/2/2017,16:38:06,6730,Brownie
17/2/2017,16:38:06,6730,Bread
17/2/2017,16:38:06,6730,Alfajores
17/2/2017,16:46:25,6731,Scone
17/2/2017,16:46:25,6731,Bread
17/2/2017,16:46:25,6731,Tea
17/2/2017,16:46:25,6731,Coffee
17/2/2017,16:51:09,6732,Cake
17/2/2017,17:01:03,6733,Cake
17/2/2017,17:01:03,6733,Bread
17/2/2017,17:08:21,6734,Muffin
17/2/2017,17:08:21,6734,Scone
17/2/2017,17:08:21,6734,Cake
17/2/2017,17:08:21,6734,Tea
17/2/2017,17:08:21,6734,Tea
17/2/2017,17:08:21,6734,Tea
18/2/2017,8:36:52,6735,Baguette
18/2/2017,8:49:09,6736,Bread
18/2/2017,8:54:12,6737,Bread
18/2/2017,8:54:12,6737,Pastry
18/2/2017,9:06:18,6739,Medialuna
18/2/2017,9:06:18,6739,Tea
18/2/2017,9:08:51,6740,Coffee
18/2/2017,9:08:51,6740,Tea
18/2/2017,9:20:44,6741,Bread
18/2/2017,9:25:03,6742,Scone
18/2/2017,9:25:03,6742,Fudge
18/2/2017,9:26:55,6743,Cake
18/2/2017,9:26:55,6743,Chocolates
18/2/2017,9:27:25,6744,Coffee
18/2/2017,9:29:34,6745,Bread
18/2/2017,9:29:34,6745,Pastry
18/2/2017,9:41:24,6746,Baguette
18/2/2017,9:44:21,6747,Bread
18/2/2017,9:44:21,6747,Sandwich
18/2/2017,9:46:04,6748,Sandwich
18/2/2017,9:46:04,6748,Tea
18/2/2017,9:46:04,6748,Coffee
18/2/2017,9:52:02,6749,Bread
18/2/2017,9:52:02,6749,Baguette
18/2/2017,9:53:14,6750,Medialuna
18/2/2017,9:53:14,6750,Medialuna
18/2/2017,9:57:13,6751,Scone
18/2/2017,9:57:13,6751,Bread
18/2/2017,9:57:13,6751,Nomad bag
18/2/2017,9:57:13,6751,Coffee
18/2/2017,10:13:26,6752,Coffee
18/2/2017,10:16:29,6753,Bread
18/2/2017,10:19:15,6754,Coffee
18/2/2017,10:19:15,6754,Coffee
18/2/2017,10:19:15,6754,Pastry
18/2/2017,10:30:02,6755,Bread
18/2/2017,10:31:47,6756,Scandinavian
18/2/2017,10:31:47,6756,Cake
18/2/2017,10:31:47,6756,Bread
18/2/2017,10:31:47,6756,Scandinavian
18/2/2017,10:36:15,6757,Bread
18/2/2017,10:36:15,6757,Bread
18/2/2017,10:38:11,6758,Bread
18/2/2017,10:39:30,6759,Coffee
18/2/2017,10:40:49,6760,Bread
18/2/2017,10:40:49,6760,Tea
18/2/2017,10:45:04,6761,Bread
18/2/2017,10:45:04,6761,Tea
18/2/2017,10:47:13,6762,Tea
18/2/2017,10:47:50,6763,Tea
18/2/2017,10:49:33,6764,Scandinavian
18/2/2017,10:54:46,6765,Coffee
18/2/2017,10:56:52,6766,Bread
18/2/2017,10:58:43,6767,Coffee
18/2/2017,11:03:32,6769,Coffee
18/2/2017,11:03:32,6769,Coffee
18/2/2017,11:03:32,6769,Juice
18/2/2017,11:03:32,6769,Spanish Brunch
18/2/2017,11:03:32,6769,Alfajores
18/2/2017,11:04:36,6770,Sandwich
18/2/2017,11:06:13,6771,Eggs
18/2/2017,11:06:13,6771,Juice
18/2/2017,11:06:13,6771,Coffee
18/2/2017,11:06:13,6771,Jammie Dodgers
18/2/2017,11:07:25,6772,Bread
18/2/2017,11:08:42,6773,Pastry
18/2/2017,11:08:42,6773,Pastry
18/2/2017,11:08:42,6773,Bread
18/2/2017,11:09:08,6774,Coffee
18/2/2017,11:14:38,6775,Coffee
18/2/2017,11:14:38,6775,Medialuna
18/2/2017,11:14:38,6775,Bread
18/2/2017,11:14:38,6775,Eggs
18/2/2017,11:16:55,6776,Bread
18/2/2017,11:16:55,6776,Bread
18/2/2017,11:16:55,6776,Pastry
18/2/2017,11:18:26,6777,Jam
18/2/2017,11:21:38,6778,Bread
18/2/2017,11:21:38,6778,Tea
18/2/2017,11:21:38,6778,Brownie
18/2/2017,11:21:38,6778,Jammie Dodgers
18/2/2017,11:21:38,6778,Spanish Brunch
18/2/2017,11:21:38,6778,Toast
18/2/2017,11:21:38,6778,Cake
18/2/2017,11:23:07,6779,Bread
18/2/2017,11:23:07,6779,Bread
18/2/2017,11:23:07,6779,Brownie
18/2/2017,11:23:07,6779,Pastry
18/2/2017,11:30:34,6780,Bread
18/2/2017,11:33:49,6781,Coffee
18/2/2017,11:35:46,6782,Coffee
18/2/2017,11:35:46,6782,Coffee
18/2/2017,11:49:25,6783,Bread
18/2/2017,11:49:25,6783,Scandinavian
18/2/2017,11:49:55,6784,Bread
18/2/2017,11:49:55,6784,Coffee
18/2/2017,11:49:55,6784,Coffee
18/2/2017,11:51:31,6785,Farm House
18/2/2017,11:51:31,6785,Bread
18/2/2017,11:51:31,6785,Coffee
18/2/2017,11:51:31,6785,Toast
18/2/2017,12:07:36,6786,Afternoon with the baker
18/2/2017,12:10:27,6787,Coffee
18/2/2017,12:10:27,6787,Coffee
18/2/2017,12:10:27,6787,Jammie Dodgers
18/2/2017,12:10:27,6787,Alfajores
18/2/2017,12:10:27,6787,Juice
18/2/2017,12:17:57,6788,Hot chocolate
18/2/2017,12:17:57,6788,Bread
18/2/2017,12:26:15,6789,Coffee
18/2/2017,12:26:15,6789,Spanish Brunch
18/2/2017,12:26:15,6789,Coffee
18/2/2017,12:26:15,6789,Toast
18/2/2017,12:26:15,6789,Sandwich
18/2/2017,12:26:15,6789,Bread
18/2/2017,12:26:52,6790,Coffee
18/2/2017,12:26:52,6790,Coffee
18/2/2017,12:30:33,6791,Bread
18/2/2017,12:30:33,6791,Coffee
18/2/2017,12:30:33,6791,Jammie Dodgers
18/2/2017,12:30:33,6791,Alfajores
18/2/2017,12:36:43,6792,Bread
18/2/2017,12:36:43,6792,Scone
18/2/2017,12:46:18,6794,Sandwich
18/2/2017,12:56:25,6795,Coffee
18/2/2017,12:56:25,6795,Coffee
18/2/2017,12:56:25,6795,Brownie
18/2/2017,12:56:25,6795,Sandwich
18/2/2017,12:57:46,6796,Hot chocolate
18/2/2017,13:05:40,6797,Smoothies
18/2/2017,13:05:40,6797,Tea
18/2/2017,13:05:40,6797,Chicken Stew
18/2/2017,13:05:40,6797,Spanish Brunch
18/2/2017,13:05:40,6797,Farm House
18/2/2017,13:05:40,6797,Cake
18/2/2017,13:06:03,6798,Coffee
18/2/2017,13:07:02,6799,Chicken Stew
18/2/2017,13:07:02,6799,Coffee
18/2/2017,13:07:02,6799,Bread
18/2/2017,13:08:23,6800,Juice
18/2/2017,13:08:23,6800,Coffee
18/2/2017,13:08:23,6800,Coffee
18/2/2017,13:08:23,6800,Chicken Stew
18/2/2017,13:08:23,6800,Granola
18/2/2017,13:31:17,6801,Jam
18/2/2017,13:38:38,6802,Chicken Stew
18/2/2017,13:39:16,6803,Spanish Brunch
18/2/2017,13:39:16,6803,Coffee
18/2/2017,13:44:08,6804,Coffee
18/2/2017,13:44:08,6804,Sandwich
18/2/2017,13:54:13,6805,Coffee
18/2/2017,13:54:13,6805,Juice
18/2/2017,13:54:13,6805,Toast
18/2/2017,14:14:17,6806,Sandwich
18/2/2017,14:14:17,6806,Sandwich
18/2/2017,14:14:17,6806,Coffee
18/2/2017,14:14:17,6806,Coffee
18/2/2017,14:14:17,6806,Pastry
18/2/2017,14:14:17,6806,Scandinavian
18/2/2017,14:14:35,6807,Eggs
18/2/2017,14:24:23,6808,Coffee
18/2/2017,14:24:23,6808,Cake
18/2/2017,14:27:59,6809,Coffee
18/2/2017,14:31:39,6810,Cake
18/2/2017,14:31:39,6810,Scone
18/2/2017,14:31:39,6810,Chicken Stew
18/2/2017,14:31:39,6810,Soup
18/2/2017,14:32:28,6811,Spanish Brunch
18/2/2017,14:32:28,6811,Extra Salami or Feta
18/2/2017,14:32:28,6811,Truffles
18/2/2017,14:32:28,6811,Coke
18/2/2017,14:32:28,6811,Brownie
18/2/2017,14:37:21,6812,Farm House
18/2/2017,14:54:13,6813,Scandinavian
18/2/2017,14:54:13,6813,Scone
18/2/2017,15:04:47,6814,Sandwich
18/2/2017,15:04:47,6814,Bread
18/2/2017,15:04:47,6814,Bread
18/2/2017,15:04:47,6814,Muffin
18/2/2017,15:18:56,6815,Bread
18/2/2017,15:27:52,6816,Bread
18/2/2017,15:27:52,6816,Brownie
18/2/2017,15:29:52,6818,Soup
18/2/2017,15:29:52,6818,Soup
18/2/2017,15:29:52,6818,Coffee
18/2/2017,15:29:52,6818,Coffee
18/2/2017,15:36:56,6819,Chicken Stew
18/2/2017,15:36:56,6819,Sandwich
18/2/2017,15:36:56,6819,Tea
18/2/2017,15:36:56,6819,Cake
18/2/2017,15:43:49,6820,Spanish Brunch
18/2/2017,15:43:49,6820,Chicken Stew
18/2/2017,15:43:49,6820,Sandwich
18/2/2017,15:43:49,6820,Coffee
18/2/2017,15:43:49,6820,Coffee
18/2/2017,15:43:49,6820,Juice
18/2/2017,15:53:47,6821,Coffee
18/2/2017,15:55:50,6822,Scandinavian
18/2/2017,16:10:41,6823,Scone
18/2/2017,16:16:19,6824,Hot chocolate
18/2/2017,16:16:19,6824,Coffee
18/2/2017,16:16:19,6824,Mineral water
18/2/2017,16:16:19,6824,Tiffin
18/2/2017,16:16:19,6824,Cake
18/2/2017,16:22:25,6825,Muffin
18/2/2017,16:22:25,6825,Alfajores
18/2/2017,16:25:03,6826,Bread
18/2/2017,16:25:03,6826,Bread
18/2/2017,16:28:34,6827,Bread
18/2/2017,16:28:34,6827,Bread
18/2/2017,16:28:34,6827,Jammie Dodgers
18/2/2017,16:28:34,6827,Alfajores
18/2/2017,16:29:42,6828,Cake
18/2/2017,16:29:42,6828,Coffee
18/2/2017,16:29:42,6828,Tea
18/2/2017,16:41:54,6829,Coffee
18/2/2017,16:41:54,6829,Coffee
18/2/2017,16:41:54,6829,Coke
18/2/2017,16:41:54,6829,Brownie
18/2/2017,16:41:54,6829,Cake
18/2/2017,16:41:54,6829,Muffin
18/2/2017,16:44:04,6830,Bread
18/2/2017,16:44:04,6830,Tiffin
18/2/2017,16:44:04,6830,Cookies
18/2/2017,16:44:04,6830,Toast
18/2/2017,17:12:59,6831,Coffee
18/2/2017,17:12:59,6831,Coffee
19/2/2017,9:45:11,6832,Cake
19/2/2017,9:45:11,6832,Cake
19/2/2017,9:55:47,6833,Coffee
19/2/2017,9:55:47,6833,Bread
19/2/2017,9:59:20,6834,Juice
19/2/2017,9:59:20,6834,Hot chocolate
19/2/2017,9:59:20,6834,Alfajores
19/2/2017,9:59:20,6834,Brownie
19/2/2017,9:59:20,6834,Vegan mincepie
19/2/2017,9:59:20,6834,Vegan mincepie
19/2/2017,10:16:03,6835,Pastry
19/2/2017,10:16:03,6835,Medialuna
19/2/2017,10:16:03,6835,Medialuna
19/2/2017,10:16:27,6836,Bread
19/2/2017,10:16:27,6836,Tiffin
19/2/2017,10:16:27,6836,Cookies
19/2/2017,10:16:27,6836,Toast
19/2/2017,10:38:25,6837,Coffee
19/2/2017,10:38:25,6837,Coffee
19/2/2017,10:39:34,6838,Smoothies
19/2/2017,10:39:34,6838,Coffee
19/2/2017,10:39:34,6838,Bread
19/2/2017,10:39:34,6838,Spanish Brunch
19/2/2017,10:39:34,6838,Bread
19/2/2017,10:45:39,6839,Cake
19/2/2017,10:48:28,6840,Coffee
19/2/2017,10:48:28,6840,Coffee
19/2/2017,10:48:28,6840,Smoothies
19/2/2017,10:48:28,6840,Juice
19/2/2017,10:48:28,6840,Granola
19/2/2017,11:04:14,6841,Coffee
19/2/2017,11:04:14,6841,Coffee
19/2/2017,11:04:14,6841,Cake
19/2/2017,11:04:14,6841,Pastry
19/2/2017,11:06:40,6842,Hot chocolate
19/2/2017,11:06:40,6842,Hot chocolate
19/2/2017,11:06:40,6842,Coffee
19/2/2017,11:06:40,6842,Bread
19/2/2017,11:06:40,6842,Bread
19/2/2017,11:19:08,6843,Bread
19/2/2017,11:28:31,6844,Hot chocolate
19/2/2017,11:28:31,6844,Brownie
19/2/2017,11:29:31,6845,Coffee
19/2/2017,11:29:31,6845,Cake
19/2/2017,11:31:02,6846,Coffee
19/2/2017,11:31:02,6846,Smoothies
19/2/2017,11:31:02,6846,Alfajores
19/2/2017,11:31:02,6846,Alfajores
19/2/2017,11:31:57,6847,Juice
19/2/2017,11:31:57,6847,Coffee
19/2/2017,11:38:09,6848,Spanish Brunch
19/2/2017,11:38:09,6848,Coffee
19/2/2017,11:38:09,6848,Tea
19/2/2017,11:38:09,6848,Juice
19/2/2017,11:44:34,6849,Coffee
19/2/2017,11:44:34,6849,Coffee
19/2/2017,11:44:34,6849,Tiffin
19/2/2017,11:44:34,6849,Medialuna
19/2/2017,11:44:34,6849,Brownie
19/2/2017,11:44:34,6849,Mineral water
19/2/2017,11:46:55,6850,Coffee
19/2/2017,11:46:55,6850,Coffee
19/2/2017,11:46:55,6850,Coffee
19/2/2017,11:46:55,6850,Coffee
19/2/2017,11:46:55,6850,Toast
19/2/2017,11:59:43,6851,Bread
19/2/2017,11:59:43,6851,Coffee
19/2/2017,11:59:43,6851,Medialuna
19/2/2017,11:59:43,6851,Spanish Brunch
19/2/2017,11:59:43,6851,Medialuna
19/2/2017,12:03:14,6852,Bread
19/2/2017,12:03:14,6852,Tea
19/2/2017,12:03:14,6852,Cake
19/2/2017,12:14:46,6853,Coffee
19/2/2017,12:14:46,6853,Coffee
19/2/2017,12:14:46,6853,Scone
19/2/2017,12:18:54,6854,Coffee
19/2/2017,12:18:54,6854,Tea
19/2/2017,12:18:54,6854,Medialuna
19/2/2017,12:18:54,6854,Toast
19/2/2017,12:18:54,6854,Farm House
19/2/2017,12:25:10,6855,Tea
19/2/2017,12:25:10,6855,Tea
19/2/2017,12:25:10,6855,Cake
19/2/2017,12:25:10,6855,Spanish Brunch
19/2/2017,12:25:10,6855,Duck egg
19/2/2017,12:25:10,6855,Jam
19/2/2017,12:36:00,6856,Bread
19/2/2017,12:36:00,6856,Bread
19/2/2017,12:38:58,6857,Coffee
19/2/2017,12:38:58,6857,Coffee
19/2/2017,12:38:58,6857,Pastry
19/2/2017,12:48:42,6858,Coffee
19/2/2017,12:48:42,6858,Tea
19/2/2017,12:48:42,6858,Spanish Brunch
19/2/2017,12:48:42,6858,Alfajores
19/2/2017,12:48:42,6858,Cake
19/2/2017,12:52:10,6859,Bread
19/2/2017,12:52:10,6859,Coffee
19/2/2017,12:52:10,6859,Tea
19/2/2017,12:52:10,6859,Toast
19/2/2017,12:53:53,6860,Farm House
19/2/2017,12:53:53,6860,Cake
19/2/2017,12:55:01,6861,Tea
19/2/2017,12:55:01,6861,Pastry
19/2/2017,12:55:01,6861,Scone
19/2/2017,12:55:01,6861,Tiffin
19/2/2017,12:59:02,6862,Tiffin
19/2/2017,12:59:02,6862,Bread
19/2/2017,12:59:46,6863,Bread
19/2/2017,12:59:46,6863,Bread
19/2/2017,12:59:46,6863,Coffee
19/2/2017,12:59:46,6863,Cake
19/2/2017,12:59:46,6863,Alfajores
19/2/2017,13:03:52,6864,Tiffin
19/2/2017,13:03:52,6864,Farm House
19/2/2017,13:25:11,6865,Coffee
19/2/2017,13:25:11,6865,Spanish Brunch
19/2/2017,13:39:43,6866,Alfajores
19/2/2017,13:43:13,6867,Coffee
19/2/2017,13:43:13,6867,Bread
19/2/2017,13:43:50,6868,Coffee
19/2/2017,13:49:43,6869,Coffee
19/2/2017,13:49:43,6869,Coffee
19/2/2017,13:49:43,6869,Sandwich
19/2/2017,13:49:43,6869,Sandwich
19/2/2017,13:49:43,6869,Alfajores
19/2/2017,13:49:43,6869,Alfajores
19/2/2017,13:52:35,6870,Scone
19/2/2017,13:52:35,6870,Coffee
19/2/2017,13:52:35,6870,Coffee
19/2/2017,13:54:41,6871,Bread
19/2/2017,13:54:41,6871,Bread
19/2/2017,13:54:41,6871,Scone
19/2/2017,13:54:41,6871,Sandwich
19/2/2017,13:54:41,6871,Alfajores
19/2/2017,13:55:27,6872,Coffee
19/2/2017,13:55:27,6872,Coffee
19/2/2017,13:57:06,6873,Coffee
19/2/2017,13:57:06,6873,Spanish Brunch
19/2/2017,13:57:06,6873,Baguette
19/2/2017,13:58:27,6874,Coffee
19/2/2017,14:01:45,6875,Cake
19/2/2017,14:03:23,6876,Coffee
19/2/2017,14:03:23,6876,Cake
19/2/2017,14:04:37,6877,Bread
19/2/2017,14:05:10,6878,Sandwich
19/2/2017,14:05:10,6878,Coke
19/2/2017,14:05:10,6878,Bread
19/2/2017,14:05:10,6878,Cake
19/2/2017,14:08:42,6879,Coffee
19/2/2017,14:08:42,6879,Cake
19/2/2017,14:08:42,6879,Bread
19/2/2017,14:08:42,6879,Cookies
19/2/2017,14:10:31,6880,The Nomad
19/2/2017,14:23:27,6881,Tea
19/2/2017,14:23:27,6881,Bread
19/2/2017,14:23:27,6881,Alfajores
19/2/2017,14:33:33,6882,Cake
19/2/2017,14:33:33,6882,Cake
19/2/2017,14:33:33,6882,Coffee granules
19/2/2017,14:35:33,6883,Coffee
19/2/2017,14:35:33,6883,Salad
19/2/2017,14:35:33,6883,Cake
19/2/2017,14:35:33,6883,Extra Salami or Feta
19/2/2017,14:35:33,6883,Cake
19/2/2017,14:35:33,6883,Tea
19/2/2017,14:37:19,6884,Coffee
19/2/2017,14:43:20,6885,Coffee
19/2/2017,14:43:20,6885,Tea
19/2/2017,14:43:20,6885,Medialuna
19/2/2017,14:43:20,6885,Brownie
19/2/2017,14:43:20,6885,Juice
19/2/2017,15:27:46,6886,Baguette
19/2/2017,15:41:59,6887,Coffee
19/2/2017,15:41:59,6887,Coffee
19/2/2017,15:41:59,6887,Coffee
19/2/2017,15:41:59,6887,Coffee
19/2/2017,15:41:59,6887,Cake
19/2/2017,18:23:31,6888,Afternoon with the baker
19/2/2017,18:40:23,6889,Afternoon with the baker
20/2/2017,8:21:13,6890,Bread
20/2/2017,8:21:13,6890,Brownie
20/2/2017,9:27:33,6891,Coffee
20/2/2017,10:04:01,6892,The Nomad
20/2/2017,10:04:01,6892,Coffee
20/2/2017,10:14:10,6893,Coffee
20/2/2017,10:24:37,6894,Coffee
20/2/2017,10:24:37,6894,Scone
20/2/2017,10:25:27,6895,Coffee
20/2/2017,10:25:27,6895,Medialuna
20/2/2017,10:37:48,6896,Bread
20/2/2017,10:42:04,6897,Fudge
20/2/2017,10:42:04,6897,Fudge
20/2/2017,10:49:15,6898,Coffee
20/2/2017,10:49:15,6898,Bread
20/2/2017,10:50:16,6899,Coffee
20/2/2017,10:50:16,6899,Juice
20/2/2017,10:50:16,6899,Bread
20/2/2017,10:55:29,6900,Alfajores
20/2/2017,10:55:29,6900,Bread
20/2/2017,10:55:29,6900,Coffee
20/2/2017,10:55:29,6900,Coffee
20/2/2017,10:58:32,6901,Coffee
20/2/2017,11:00:52,6902,Coffee
20/2/2017,11:23:01,6903,Coffee
20/2/2017,11:23:01,6903,Medialuna
20/2/2017,11:25:25,6904,Pastry
20/2/2017,11:27:32,6905,Scone
20/2/2017,11:27:32,6905,Cookies
20/2/2017,11:27:32,6905,Hot chocolate
20/2/2017,11:27:32,6905,Coffee
20/2/2017,11:46:08,6906,Bread
20/2/2017,11:58:28,6907,Salad
20/2/2017,11:59:57,6908,Coffee
20/2/2017,11:59:57,6908,Tea
20/2/2017,11:59:57,6908,Coffee
20/2/2017,11:59:57,6908,Pastry
20/2/2017,12:07:51,6909,Bread
20/2/2017,12:11:53,6910,Bread
20/2/2017,12:15:36,6911,Bread
20/2/2017,12:16:06,6912,Scone
20/2/2017,12:18:26,6913,Sandwich
20/2/2017,12:18:26,6913,Sandwich
20/2/2017,12:18:26,6913,Coffee
20/2/2017,12:18:26,6913,Coffee
20/2/2017,12:22:54,6914,Bread
20/2/2017,12:28:42,6915,Coffee
20/2/2017,12:28:42,6915,Coffee
20/2/2017,12:35:57,6916,Juice
20/2/2017,12:35:57,6916,Sandwich
20/2/2017,12:35:57,6916,Spanish Brunch
20/2/2017,12:35:57,6916,Tea
20/2/2017,12:35:57,6916,Alfajores
20/2/2017,12:35:57,6916,Scone
20/2/2017,12:40:35,6917,Bread
20/2/2017,12:43:02,6918,Hot chocolate
20/2/2017,12:59:42,6919,Sandwich
20/2/2017,13:12:53,6920,Coffee
20/2/2017,13:12:53,6920,Cake
20/2/2017,13:17:45,6921,Alfajores
20/2/2017,13:17:45,6921,Brownie
20/2/2017,13:17:45,6921,Bread
20/2/2017,13:17:45,6921,Bread
20/2/2017,13:37:37,6922,Coffee
20/2/2017,13:37:37,6922,Bread
20/2/2017,13:55:19,6923,Smoothies
20/2/2017,13:55:19,6923,Coffee
20/2/2017,13:55:19,6923,Bread
20/2/2017,13:55:19,6923,Cookies
20/2/2017,14:08:20,6924,Toast
20/2/2017,14:08:20,6924,Spanish Brunch
20/2/2017,14:08:20,6924,Coke
20/2/2017,14:08:20,6924,Tea
20/2/2017,14:08:20,6924,Coffee
20/2/2017,14:13:52,6925,Bread
20/2/2017,14:13:52,6925,Bread
20/2/2017,14:13:52,6925,Scone
20/2/2017,14:13:52,6925,Sandwich
20/2/2017,14:13:52,6925,The Nomad
20/2/2017,14:20:44,6926,Coffee
20/2/2017,14:20:44,6926,Bread
20/2/2017,15:19:32,6927,Coffee
20/2/2017,15:19:32,6927,Cookies
20/2/2017,15:36:40,6928,Pastry
20/2/2017,15:36:40,6928,Jammie Dodgers
20/2/2017,15:39:27,6929,Medialuna
20/2/2017,15:39:27,6929,Coffee
20/2/2017,15:39:27,6929,Hot chocolate
20/2/2017,15:39:56,6930,Tea
20/2/2017,15:39:56,6930,Bread
20/2/2017,15:41:05,6931,Truffles
20/2/2017,15:43:46,6932,Juice
20/2/2017,15:43:46,6932,Tea
20/2/2017,15:43:46,6932,Cake
20/2/2017,15:47:25,6933,Bread
20/2/2017,15:47:25,6933,Tea
20/2/2017,15:48:44,6934,Coffee
20/2/2017,15:48:44,6934,Cake
20/2/2017,15:52:01,6935,Juice
20/2/2017,16:06:44,6936,Bread
20/2/2017,16:06:44,6936,Bread
20/2/2017,16:06:44,6936,Bread
20/2/2017,16:06:44,6936,Coffee
20/2/2017,16:19:36,6937,Coffee
20/2/2017,16:19:36,6937,Medialuna
20/2/2017,16:24:59,6938,Coffee
20/2/2017,16:24:59,6938,Bread
20/2/2017,16:26:39,6939,Alfajores
20/2/2017,16:26:39,6939,Bread
20/2/2017,16:28:40,6940,Cookies
20/2/2017,16:28:40,6940,Alfajores
20/2/2017,16:28:40,6940,Pastry
20/2/2017,16:28:40,6940,Medialuna
20/2/2017,16:49:30,6941,Eggs
21/2/2017,9:18:55,6942,Coffee
21/2/2017,9:18:55,6942,Toast
21/2/2017,9:19:57,6943,Coffee
21/2/2017,9:27:44,6944,Bread
21/2/2017,9:59:40,6945,Bread
21/2/2017,9:59:40,6945,Coffee
21/2/2017,9:59:40,6945,Pastry
21/2/2017,10:09:14,6946,Farm House
21/2/2017,10:29:09,6947,Tea
21/2/2017,11:02:39,6948,Coffee
21/2/2017,11:31:47,6950,Coffee
21/2/2017,11:31:47,6950,Bread
21/2/2017,11:31:47,6950,Pastry
21/2/2017,11:34:29,6951,Jam
21/2/2017,11:34:29,6951,Coffee
21/2/2017,11:34:29,6951,Bread
21/2/2017,11:34:29,6951,Scone
21/2/2017,11:39:28,6952,Tea
21/2/2017,11:39:28,6952,Scone
21/2/2017,12:02:06,6953,Coffee
21/2/2017,12:11:37,6954,Tea
21/2/2017,12:13:19,6955,Bread
21/2/2017,12:13:19,6955,Coffee
21/2/2017,12:15:27,6956,Baguette
21/2/2017,12:18:07,6957,Coffee
21/2/2017,12:44:17,6958,Coffee
21/2/2017,12:44:17,6958,Coffee
21/2/2017,12:44:17,6958,Bread
21/2/2017,12:44:17,6958,Pastry
21/2/2017,12:48:04,6959,Bread
21/2/2017,12:48:41,6960,Bread
21/2/2017,12:48:41,6960,Coffee
21/2/2017,12:48:41,6960,Coffee
21/2/2017,13:00:22,6961,Tea
21/2/2017,13:00:22,6961,Scone
21/2/2017,13:11:53,6962,Coffee
21/2/2017,13:17:57,6963,Sandwich
21/2/2017,13:17:57,6963,Tea
21/2/2017,13:18:53,6964,Bread
21/2/2017,14:04:06,6965,Coffee
21/2/2017,14:04:06,6965,Coffee
21/2/2017,14:04:06,6965,Tea
21/2/2017,14:04:06,6965,Medialuna
21/2/2017,14:23:51,6966,Tea
21/2/2017,14:23:51,6966,Tea
21/2/2017,14:23:51,6966,Coffee
21/2/2017,14:23:51,6966,Coffee
21/2/2017,14:23:51,6966,Sandwich
21/2/2017,14:29:37,6967,Bread
21/2/2017,14:46:38,6968,Coffee
21/2/2017,14:46:38,6968,Pastry
21/2/2017,14:57:47,6969,Cake
21/2/2017,14:59:27,6970,Coffee
21/2/2017,14:59:27,6970,Coffee
21/2/2017,14:59:27,6970,Salad
21/2/2017,15:06:17,6971,Bread
21/2/2017,15:08:46,6972,Bread
21/2/2017,15:09:29,6973,Jam
21/2/2017,15:12:10,6974,Coffee
21/2/2017,15:12:10,6974,Cake
21/2/2017,15:12:10,6974,Toast
21/2/2017,15:13:39,6975,Coffee
21/2/2017,15:13:39,6975,Toast
21/2/2017,15:27:30,6976,Cake
21/2/2017,15:27:30,6976,Tea
21/2/2017,15:36:48,6977,Truffles
21/2/2017,15:36:48,6977,Alfajores
21/2/2017,15:36:48,6977,Soup
21/2/2017,15:48:24,6978,Cake
21/2/2017,15:48:24,6978,Alfajores
21/2/2017,16:02:34,6979,Coffee
21/2/2017,16:02:34,6979,Cookies
21/2/2017,16:02:34,6979,Mineral water
21/2/2017,16:02:34,6979,Tea
21/2/2017,16:02:34,6979,Alfajores
21/2/2017,16:07:01,6980,Coffee
21/2/2017,16:07:01,6980,Toast
21/2/2017,16:07:01,6980,Coffee
21/2/2017,16:07:01,6980,Cookies
21/2/2017,16:24:10,6981,Coffee
21/2/2017,16:24:10,6981,Tea
21/2/2017,16:24:10,6981,Scone
21/2/2017,16:41:42,6982,Cookies
21/2/2017,16:53:53,6983,Farm House
21/2/2017,17:03:16,6984,Tea
21/2/2017,17:03:16,6984,Chicken Stew
21/2/2017,17:04:24,6985,Coffee
21/2/2017,17:04:24,6985,Cookies
22/2/2017,8:44:52,6986,Bread
22/2/2017,8:55:01,6987,Bread
22/2/2017,9:10:39,6988,Coffee
22/2/2017,9:10:39,6988,Pastry
22/2/2017,9:10:39,6988,Cake
22/2/2017,9:25:10,6989,Bread
22/2/2017,9:31:14,6990,Coffee
22/2/2017,9:46:33,6991,Alfajores
22/2/2017,9:46:33,6991,Alfajores
22/2/2017,10:05:24,6992,Alfajores
22/2/2017,10:05:24,6992,Alfajores
22/2/2017,10:32:58,6993,Coffee
22/2/2017,10:32:58,6993,Coffee
22/2/2017,10:32:58,6993,Pastry
22/2/2017,10:39:33,6994,Cake
22/2/2017,10:39:33,6994,Coffee
22/2/2017,10:39:59,6995,Coffee
22/2/2017,11:30:17,6996,Bread
22/2/2017,11:30:17,6996,Medialuna
22/2/2017,11:32:34,6997,Bread
22/2/2017,11:32:34,6997,Coffee
22/2/2017,11:32:34,6997,Hot chocolate
22/2/2017,11:47:18,6998,Coffee
22/2/2017,11:47:18,6998,Bread
22/2/2017,11:47:18,6998,Pastry
22/2/2017,11:50:53,6999,Toast
22/2/2017,11:54:20,7000,Coffee
22/2/2017,11:58:57,7001,Bread
22/2/2017,11:58:57,7001,Tea
22/2/2017,11:58:57,7001,Spanish Brunch
22/2/2017,12:11:04,7002,Coffee
22/2/2017,12:11:04,7002,Coffee
22/2/2017,12:11:04,7002,Pastry
22/2/2017,12:11:04,7002,Pastry
22/2/2017,12:11:48,7003,Coffee
22/2/2017,12:11:48,7003,Coffee
22/2/2017,12:12:45,7004,Farm House
22/2/2017,12:22:56,7005,Tea
22/2/2017,12:22:56,7005,Toast
22/2/2017,12:24:03,7006,Bread
22/2/2017,12:55:17,7007,Scone
22/2/2017,12:55:17,7007,Bread
22/2/2017,12:55:17,7007,Baguette
22/2/2017,13:12:36,7008,Sandwich
22/2/2017,13:12:36,7008,Bread
22/2/2017,13:12:36,7008,Alfajores
22/2/2017,13:12:36,7008,Fudge
22/2/2017,13:16:00,7009,Coffee
22/2/2017,13:16:00,7009,Sandwich
22/2/2017,13:17:03,7010,Tea
22/2/2017,13:20:41,7011,Coffee
22/2/2017,13:20:41,7011,Pastry
22/2/2017,13:20:41,7011,Bread
22/2/2017,14:11:57,7012,Truffles
22/2/2017,14:11:57,7012,Coffee
22/2/2017,14:11:57,7012,Sandwich
22/2/2017,14:11:57,7012,Sandwich
22/2/2017,14:11:57,7012,Salad
22/2/2017,14:26:14,7013,Coffee
22/2/2017,14:33:24,7014,Tea
22/2/2017,14:33:24,7014,Coke
22/2/2017,14:33:24,7014,Pastry
22/2/2017,14:33:24,7014,Brownie
22/2/2017,14:33:24,7014,Scone
22/2/2017,14:33:24,7014,Alfajores
22/2/2017,14:50:58,7015,Tea
22/2/2017,14:50:58,7015,Bread
22/2/2017,14:51:18,7016,Bread
22/2/2017,14:51:18,7016,Tea
22/2/2017,14:52:16,7017,Bread
22/2/2017,14:53:41,7018,Tea
22/2/2017,14:53:41,7018,Tea
22/2/2017,14:53:41,7018,Tea
22/2/2017,14:53:41,7018,Brownie
22/2/2017,14:53:41,7018,Bread
22/2/2017,15:06:27,7019,Bread
22/2/2017,15:06:27,7019,Bread
22/2/2017,15:06:27,7019,Chicken Stew
22/2/2017,15:06:27,7019,Sandwich
22/2/2017,15:08:27,7020,Coffee
22/2/2017,15:15:07,7021,Coffee
22/2/2017,15:15:07,7021,Sandwich
22/2/2017,15:20:06,7022,Bread
22/2/2017,15:20:06,7022,Scone
22/2/2017,15:26:25,7023,Soup
22/2/2017,15:26:25,7023,Sandwich
22/2/2017,15:26:25,7023,Coffee
22/2/2017,15:26:25,7023,Tea
22/2/2017,15:26:25,7023,Cake
22/2/2017,15:33:16,7024,Farm House
22/2/2017,15:34:34,7025,Scandinavian
22/2/2017,15:40:58,7026,Tea
22/2/2017,15:40:58,7026,Coffee
22/2/2017,15:40:58,7026,Scone
22/2/2017,15:56:27,7027,Smoothies
22/2/2017,15:56:27,7027,Coffee
22/2/2017,15:56:27,7027,Coffee
22/2/2017,15:56:27,7027,Cake
22/2/2017,16:12:23,7028,Coffee
22/2/2017,16:12:23,7028,Coffee
22/2/2017,16:12:23,7028,Coffee
22/2/2017,16:12:23,7028,Sandwich
22/2/2017,16:12:23,7028,Sandwich
22/2/2017,16:21:55,7029,Brownie
22/2/2017,16:21:55,7029,Farm House
22/2/2017,16:59:36,7030,Coffee
22/2/2017,16:59:36,7030,Cake
22/2/2017,17:07:06,7031,Alfajores
22/2/2017,17:07:06,7031,Cookies
22/2/2017,17:07:06,7031,Cake
22/2/2017,17:07:06,7031,Bread
22/2/2017,17:41:14,7032,Coffee
22/2/2017,17:41:14,7032,Juice
23/2/2017,8:56:20,7033,Bread
23/2/2017,9:07:58,7034,Bread
23/2/2017,9:07:58,7034,Brownie
23/2/2017,9:07:58,7034,Coffee
23/2/2017,9:13:46,7035,Cake
23/2/2017,9:15:33,7036,Brownie
23/2/2017,9:15:33,7036,Coffee
23/2/2017,9:15:33,7036,Coffee
23/2/2017,9:15:33,7036,Bread
23/2/2017,9:33:18,7037,Brownie
23/2/2017,9:33:18,7037,Coffee
23/2/2017,9:43:49,7038,Coffee
23/2/2017,9:43:49,7038,Bread
23/2/2017,9:51:53,7039,Hot chocolate
23/2/2017,9:52:18,7040,Coffee
23/2/2017,9:52:18,7040,Coffee
23/2/2017,10:00:28,7041,Coffee
23/2/2017,10:00:28,7041,Coffee
23/2/2017,10:47:24,7042,Medialuna
23/2/2017,10:47:24,7042,Bread
23/2/2017,10:57:26,7043,Hot chocolate
23/2/2017,10:57:26,7043,Coffee
23/2/2017,10:57:26,7043,Toast
23/2/2017,10:57:26,7043,Bread
23/2/2017,11:03:22,7044,Coffee
23/2/2017,11:22:42,7045,Coffee
23/2/2017,11:22:42,7045,Tiffin
23/2/2017,11:23:57,7046,Muffin
23/2/2017,11:23:57,7046,Cookies
23/2/2017,11:23:57,7046,Hot chocolate
23/2/2017,11:23:57,7046,Juice
23/2/2017,11:24:39,7047,Coffee
23/2/2017,11:24:39,7047,Juice
23/2/2017,11:24:39,7047,Cookies
23/2/2017,11:24:39,7047,Bread
23/2/2017,11:35:56,7048,Coffee
23/2/2017,11:35:56,7048,Coffee
23/2/2017,11:35:56,7048,Coffee
23/2/2017,11:35:56,7048,Toast
23/2/2017,11:35:56,7048,Sandwich
23/2/2017,11:55:04,7049,Baguette
23/2/2017,12:15:36,7050,Juice
23/2/2017,12:15:36,7050,Baguette
23/2/2017,12:31:45,7051,Chicken Stew
23/2/2017,12:31:45,7051,Coffee
23/2/2017,12:46:01,7052,Bread
23/2/2017,12:50:56,7053,Coffee
23/2/2017,13:06:58,7054,Sandwich
23/2/2017,13:11:08,7055,Cake
23/2/2017,13:11:08,7055,Brownie
23/2/2017,13:11:08,7055,Tea
23/2/2017,13:11:08,7055,Soup
23/2/2017,13:17:13,7056,Tea
23/2/2017,13:17:13,7056,Scone
23/2/2017,13:17:56,7057,Scone
23/2/2017,13:17:56,7057,Tea
23/2/2017,13:26:37,7058,Coffee
23/2/2017,13:26:37,7058,Tea
23/2/2017,13:26:37,7058,Cake
23/2/2017,13:38:10,7059,Chicken Stew
23/2/2017,13:46:36,7060,Coffee
23/2/2017,13:46:36,7060,Alfajores
23/2/2017,14:08:20,7061,Bread
23/2/2017,14:21:03,7062,Spanish Brunch
23/2/2017,14:21:03,7062,Coffee
23/2/2017,15:02:29,7063,Mineral water
23/2/2017,15:02:29,7063,Soup
23/2/2017,15:02:29,7063,Soup
23/2/2017,15:25:45,7064,Tiffin
23/2/2017,15:25:45,7064,Muffin
23/2/2017,15:27:31,7065,Coffee
23/2/2017,15:35:21,7066,Bread
23/2/2017,15:41:11,7067,Cake
23/2/2017,15:41:11,7067,Cookies
23/2/2017,15:49:38,7068,Tea
23/2/2017,15:49:38,7068,Spanish Brunch
23/2/2017,15:50:40,7069,Coffee
23/2/2017,15:50:40,7069,Hot chocolate
23/2/2017,15:57:45,7070,Coffee
23/2/2017,15:57:45,7070,Juice
23/2/2017,15:57:45,7070,Coffee
23/2/2017,15:57:45,7070,Jammie Dodgers
23/2/2017,15:57:45,7070,Muffin
23/2/2017,15:57:45,7070,Cake
23/2/2017,15:57:45,7070,Bread
23/2/2017,16:08:25,7071,Coffee
23/2/2017,16:08:25,7071,Tiffin
23/2/2017,16:17:16,7072,Hot chocolate
23/2/2017,16:17:16,7072,Hot chocolate
23/2/2017,16:17:16,7072,Coffee
23/2/2017,16:17:16,7072,Muffin
23/2/2017,16:17:16,7072,Tiffin
23/2/2017,16:17:16,7072,Alfajores
23/2/2017,16:32:01,7073,Bread
23/2/2017,16:32:01,7073,Bread
23/2/2017,16:36:34,7074,Tea
23/2/2017,17:14:02,7075,Coffee
23/2/2017,17:14:02,7075,Coffee
23/2/2017,17:14:02,7075,Tiffin
23/2/2017,17:14:02,7075,Muffin
23/2/2017,17:14:02,7075,Sandwich
23/2/2017,17:14:02,7075,Sandwich
23/2/2017,17:14:35,7076,Jam
24/2/2017,8:20:53,7077,Toast
24/2/2017,8:28:03,7078,Afternoon with the baker
24/2/2017,8:28:03,7078,Brownie
24/2/2017,9:00:42,7079,Coffee
24/2/2017,9:00:42,7079,Pastry
24/2/2017,9:20:10,7080,Bread
24/2/2017,9:26:44,7081,Bread
24/2/2017,9:40:02,7082,Baguette
24/2/2017,9:42:40,7083,Coffee
24/2/2017,9:43:52,7084,Coffee
24/2/2017,9:43:52,7084,Coffee
24/2/2017,9:43:52,7084,Juice
24/2/2017,9:43:52,7084,Scone
24/2/2017,9:43:52,7084,Cookies
24/2/2017,10:09:46,7085,Toast
24/2/2017,10:09:46,7085,Coffee
24/2/2017,10:09:46,7085,Coffee
24/2/2017,10:09:46,7085,Coffee
24/2/2017,10:16:12,7086,Coffee
24/2/2017,10:16:12,7086,Coffee
24/2/2017,10:33:24,7087,Tea
24/2/2017,10:35:22,7088,Tiffin
24/2/2017,10:35:49,7089,Tea
24/2/2017,10:39:10,7090,Coffee
24/2/2017,10:39:10,7090,Coffee
24/2/2017,10:39:10,7090,Coffee
24/2/2017,10:46:10,7091,Brownie
24/2/2017,10:46:10,7091,Cake
24/2/2017,10:46:10,7091,Tea
24/2/2017,10:49:24,7092,Coffee
24/2/2017,10:49:24,7092,Cookies
24/2/2017,10:49:24,7092,Bread
24/2/2017,10:51:32,7093,Pastry
24/2/2017,11:12:11,7094,Sandwich
24/2/2017,11:12:11,7094,Toast
24/2/2017,11:12:11,7094,Tea
24/2/2017,11:12:11,7094,Tea
24/2/2017,11:17:43,7095,Bread
24/2/2017,11:17:43,7095,Toast
24/2/2017,11:35:32,7096,Farm House
24/2/2017,11:38:56,7097,Coffee
24/2/2017,11:38:56,7097,Toast
24/2/2017,11:44:17,7098,Bread
24/2/2017,11:44:17,7098,Medialuna
24/2/2017,11:56:24,7099,Coffee
24/2/2017,11:56:24,7099,Alfajores
24/2/2017,11:56:24,7099,Muffin
24/2/2017,11:56:24,7099,Coffee
24/2/2017,12:29:26,7100,Bread
24/2/2017,12:29:26,7100,Coffee
24/2/2017,12:33:07,7101,Sandwich
24/2/2017,12:33:07,7101,Bread
24/2/2017,12:33:31,7102,Tea
24/2/2017,12:39:55,7103,Bread
24/2/2017,12:40:35,7104,Bread
24/2/2017,12:43:20,7105,Bread
24/2/2017,12:43:20,7105,Bread
24/2/2017,12:43:20,7105,Coffee
24/2/2017,12:43:20,7105,Coffee
24/2/2017,12:43:20,7105,Coffee
24/2/2017,12:43:20,7105,Tiffin
24/2/2017,12:43:20,7105,Medialuna
24/2/2017,12:43:20,7105,Sandwich
24/2/2017,12:45:47,7106,Coffee
24/2/2017,12:45:47,7106,Soup
24/2/2017,12:45:47,7106,Sandwich
24/2/2017,12:45:47,7106,Cake
24/2/2017,12:48:41,7107,Tea
24/2/2017,12:48:41,7107,Coffee
24/2/2017,12:48:41,7107,Sandwich
24/2/2017,12:48:41,7107,Muffin
24/2/2017,12:49:45,7108,Cake
24/2/2017,12:49:45,7108,Tea
24/2/2017,12:49:45,7108,Coffee
24/2/2017,12:54:37,7109,Soup
24/2/2017,12:54:37,7109,Soup
24/2/2017,12:54:37,7109,Coffee
24/2/2017,12:54:37,7109,Coffee
24/2/2017,13:07:19,7110,Bread
24/2/2017,13:25:48,7111,Cake
24/2/2017,13:25:48,7111,Bread
24/2/2017,13:27:31,7112,Coffee
24/2/2017,13:27:31,7112,Coffee
24/2/2017,13:27:31,7112,Brownie
24/2/2017,13:31:12,7113,Jam
24/2/2017,13:43:46,7114,Brownie
24/2/2017,13:43:46,7114,Cake
24/2/2017,13:48:36,7115,Coffee
24/2/2017,13:48:36,7115,Cake
24/2/2017,13:48:36,7115,Muffin
24/2/2017,13:48:36,7115,Toast
24/2/2017,13:48:36,7115,Coffee
24/2/2017,14:00:01,7116,Tea
24/2/2017,14:00:01,7116,Tea
24/2/2017,14:06:17,7117,Tea
24/2/2017,14:06:17,7117,Scone
24/2/2017,14:06:17,7117,Coffee
24/2/2017,14:17:45,7118,Bread
24/2/2017,14:17:45,7118,Bread
24/2/2017,14:18:49,7119,Tiffin
24/2/2017,14:18:49,7119,Mineral water
24/2/2017,14:20:18,7120,Alfajores
24/2/2017,14:20:18,7120,Scone
24/2/2017,14:20:18,7120,Bread
24/2/2017,14:35:01,7121,Bread
24/2/2017,14:35:01,7121,Smoothies
24/2/2017,14:35:01,7121,Chicken Stew
24/2/2017,14:36:20,7122,Soup
24/2/2017,14:36:20,7122,Soup
24/2/2017,14:41:48,7123,Sandwich
24/2/2017,14:41:48,7123,Bread
24/2/2017,14:54:01,7124,Tea
24/2/2017,14:54:01,7124,Tiffin
24/2/2017,15:12:00,7125,Bread
24/2/2017,15:21:34,7126,Spanish Brunch
24/2/2017,15:22:52,7127,Coffee
24/2/2017,15:22:52,7127,Coffee
24/2/2017,15:24:56,7128,Coffee
24/2/2017,15:24:56,7128,Brownie
24/2/2017,16:12:58,7129,Coffee
24/2/2017,16:12:58,7129,Truffles
24/2/2017,16:19:16,7130,Sandwich
24/2/2017,16:19:16,7130,Sandwich
24/2/2017,16:19:16,7130,Bread
24/2/2017,16:19:16,7130,Coffee
24/2/2017,16:19:16,7130,Mineral water
24/2/2017,16:23:48,7131,Bread
24/2/2017,16:25:30,7132,Bread
24/2/2017,16:25:30,7132,Coffee
24/2/2017,16:49:59,7133,Alfajores
24/2/2017,16:49:59,7133,Mineral water
24/2/2017,16:49:59,7133,Coffee
24/2/2017,16:49:59,7133,Hot chocolate
24/2/2017,16:49:59,7133,Cookies
24/2/2017,16:49:59,7133,Cookies
24/2/2017,16:51:20,7134,Farm House
24/2/2017,16:52:42,7135,Tea
24/2/2017,16:52:42,7135,Bread
24/2/2017,16:52:42,7135,Brownie
24/2/2017,17:22:26,7136,Coffee
24/2/2017,17:22:26,7136,Alfajores
24/2/2017,17:22:26,7136,Tea
25/2/2017,8:04:48,7137,Coffee
25/2/2017,8:04:48,7137,Bread
25/2/2017,8:04:48,7137,Pastry
25/2/2017,8:04:48,7137,Farm House
25/2/2017,8:12:49,7138,Eggs
25/2/2017,8:45:07,7139,Bread
25/2/2017,8:45:07,7139,Coffee
25/2/2017,8:59:44,7140,Bread
25/2/2017,9:00:36,7141,Coffee
25/2/2017,9:00:36,7141,Coke
25/2/2017,9:00:36,7141,Toast
25/2/2017,9:04:12,7142,Cake
25/2/2017,9:04:12,7142,Muffin
25/2/2017,9:04:12,7142,Muffin
25/2/2017,9:04:12,7142,Muffin
25/2/2017,9:05:06,7143,Bread
25/2/2017,9:16:22,7144,Bread
25/2/2017,9:17:08,7145,Scandinavian
25/2/2017,9:33:19,7146,Bread
25/2/2017,9:33:19,7146,Bread
25/2/2017,9:33:19,7146,Pastry
25/2/2017,9:33:19,7146,Medialuna
25/2/2017,9:41:43,7147,Bread
25/2/2017,9:41:43,7147,Bread
25/2/2017,9:43:06,7148,Bread
25/2/2017,9:46:10,7149,Baguette
25/2/2017,9:46:10,7149,Scandinavian
25/2/2017,9:54:13,7150,Cookies
25/2/2017,9:54:13,7150,Bread
25/2/2017,9:57:30,7151,Coffee
25/2/2017,9:57:30,7151,Coffee
25/2/2017,9:57:30,7151,Cake
25/2/2017,9:57:30,7151,Cake
25/2/2017,10:08:59,7152,Bread
25/2/2017,10:10:13,7153,Pastry
25/2/2017,10:10:13,7153,Coffee
25/2/2017,10:10:13,7153,Bread
25/2/2017,10:11:52,7154,Pastry
25/2/2017,10:11:52,7154,Pastry
25/2/2017,10:11:52,7154,Coffee
25/2/2017,10:18:02,7155,Scone
25/2/2017,10:25:02,7156,Toast
25/2/2017,10:25:02,7156,Coffee
25/2/2017,10:34:28,7157,Bread
25/2/2017,10:34:28,7157,Scone
25/2/2017,10:37:15,7158,Bread
25/2/2017,10:37:15,7158,Pastry
25/2/2017,10:46:22,7160,Tea
25/2/2017,10:46:22,7160,Bread
25/2/2017,10:46:22,7160,Alfajores
25/2/2017,10:46:22,7160,Medialuna
25/2/2017,10:46:22,7160,Bread
25/2/2017,10:46:22,7160,Jam
25/2/2017,10:47:23,7161,Coffee
25/2/2017,10:47:23,7161,Brownie
25/2/2017,10:47:23,7161,Coffee
25/2/2017,10:51:02,7162,Tea
25/2/2017,10:55:13,7163,Cookies
25/2/2017,10:55:13,7163,Juice
25/2/2017,10:55:13,7163,Coffee
25/2/2017,10:55:13,7163,Coffee
25/2/2017,11:26:15,7164,Scandinavian
25/2/2017,11:38:14,7165,Coffee
25/2/2017,11:38:14,7165,Coffee
25/2/2017,11:38:14,7165,Cookies
25/2/2017,11:40:38,7166,Coffee
25/2/2017,11:40:38,7166,Coffee
25/2/2017,11:40:38,7166,Pastry
25/2/2017,11:40:38,7166,Pastry
25/2/2017,11:41:10,7167,Coffee
25/2/2017,11:41:10,7167,Coffee
25/2/2017,11:46:36,7168,Medialuna
25/2/2017,11:47:28,7169,Medialuna
25/2/2017,11:55:43,7170,Coffee
25/2/2017,11:55:43,7170,Coffee
25/2/2017,11:55:43,7170,Coffee
25/2/2017,11:58:51,7171,Tea
25/2/2017,11:58:51,7171,Coffee
25/2/2017,11:58:51,7171,Coffee
25/2/2017,11:58:51,7171,Coke
25/2/2017,11:59:30,7172,Bread
25/2/2017,11:59:30,7172,Coffee
25/2/2017,11:59:30,7172,Coffee
25/2/2017,12:00:08,7173,Tiffin
25/2/2017,12:00:08,7173,Medialuna
25/2/2017,12:06:14,7174,Alfajores
25/2/2017,12:06:14,7174,Brownie
25/2/2017,12:06:14,7174,Bread
25/2/2017,12:06:14,7174,Baguette
25/2/2017,12:08:54,7175,Coffee
25/2/2017,12:08:54,7175,Cake
25/2/2017,12:08:54,7175,Alfajores
25/2/2017,12:08:54,7175,Tea
25/2/2017,12:08:54,7175,Tea
25/2/2017,12:09:50,7176,Coffee
25/2/2017,12:09:50,7176,Cake
25/2/2017,12:17:51,7177,The Nomad
25/2/2017,12:17:51,7177,Chicken Stew
25/2/2017,12:17:51,7177,Cake
25/2/2017,12:17:51,7177,Coffee
25/2/2017,12:17:51,7177,Coffee
25/2/2017,12:22:52,7178,Hot chocolate
25/2/2017,12:22:52,7178,Brownie
25/2/2017,12:30:55,7179,Coffee
25/2/2017,12:30:55,7179,Nomad bag
25/2/2017,12:32:47,7180,Coffee
25/2/2017,12:55:37,7181,Coffee
25/2/2017,13:06:36,7182,Coffee
25/2/2017,13:26:00,7183,Coffee
25/2/2017,13:28:12,7184,Coffee
25/2/2017,14:05:36,7185,Bread
25/2/2017,14:05:36,7185,Mineral water
25/2/2017,14:07:03,7186,Salad
25/2/2017,14:07:03,7186,Soup
25/2/2017,14:07:03,7186,Cake
25/2/2017,14:11:41,7187,Extra Salami or Feta
25/2/2017,14:11:41,7187,Tea
25/2/2017,14:12:06,7188,Bread
25/2/2017,14:12:06,7188,Soup
25/2/2017,14:12:38,7189,Coffee
25/2/2017,14:12:38,7189,Sandwich
25/2/2017,14:13:29,7190,Sandwich
25/2/2017,14:13:29,7190,Tea
25/2/2017,14:15:09,7191,Coffee
25/2/2017,14:15:09,7191,Extra Salami or Feta
25/2/2017,14:15:09,7191,Salad
25/2/2017,14:15:09,7191,Bread
25/2/2017,14:15:09,7191,Sandwich
25/2/2017,14:15:36,7192,Bread
25/2/2017,14:15:36,7192,Sandwich
25/2/2017,14:47:08,7193,Coffee
25/2/2017,14:50:51,7194,Hot chocolate
25/2/2017,14:50:51,7194,Coke
25/2/2017,14:50:51,7194,Juice
25/2/2017,14:50:51,7194,Chocolates
25/2/2017,14:50:51,7194,Tea
25/2/2017,14:55:13,7195,Coffee
25/2/2017,14:55:13,7195,Coffee
25/2/2017,15:06:25,7196,Cake
25/2/2017,15:11:03,7197,Cake
25/2/2017,15:11:03,7197,Coffee
25/2/2017,15:18:54,7198,Soup
25/2/2017,15:18:54,7198,Soup
25/2/2017,15:18:54,7198,Coffee
25/2/2017,15:18:54,7198,Coffee
25/2/2017,15:18:54,7198,Cookies
25/2/2017,15:18:54,7198,Scone
25/2/2017,15:18:54,7198,Hot chocolate
25/2/2017,15:40:17,7199,Tea
25/2/2017,15:40:17,7199,Tiffin
25/2/2017,15:40:17,7199,Bread
25/2/2017,15:42:11,7200,Scone
25/2/2017,15:42:11,7200,Muffin
25/2/2017,15:42:11,7200,Cake
25/2/2017,15:42:11,7200,Tea
25/2/2017,15:42:11,7200,Bread
25/2/2017,16:10:01,7201,Sandwich
25/2/2017,16:15:46,7202,Coke
25/2/2017,16:40:24,7203,Coffee
25/2/2017,16:40:24,7203,Coffee
25/2/2017,16:40:24,7203,Cake
25/2/2017,16:40:24,7203,Cake
25/2/2017,16:41:22,7204,Coffee
25/2/2017,16:41:22,7204,Sandwich
25/2/2017,16:41:47,7205,Bread
25/2/2017,16:41:47,7205,Medialuna
25/2/2017,16:51:56,7206,Cake
25/2/2017,16:51:56,7206,Cake
25/2/2017,16:58:21,7207,Cookies
25/2/2017,16:58:21,7207,Coffee
25/2/2017,16:58:21,7207,Bread
25/2/2017,17:15:06,7208,Hot chocolate
25/2/2017,17:15:06,7208,Cake
25/2/2017,17:15:50,7209,Hot chocolate
25/2/2017,17:15:50,7209,Cake
26/2/2017,9:07:07,7210,Coffee
26/2/2017,9:07:07,7210,Medialuna
26/2/2017,9:07:07,7210,Fudge
26/2/2017,9:26:10,7211,Bread
26/2/2017,9:26:41,7212,Coffee
26/2/2017,9:26:41,7212,Medialuna
26/2/2017,9:26:41,7212,Fudge
26/2/2017,9:33:50,7213,Coffee
26/2/2017,9:34:38,7214,Coffee
26/2/2017,9:34:38,7214,Coffee
26/2/2017,9:34:38,7214,Scone
26/2/2017,9:34:38,7214,Medialuna
26/2/2017,9:35:48,7215,Bread
26/2/2017,9:38:10,7216,Medialuna
26/2/2017,10:06:53,7217,Coffee
26/2/2017,10:06:53,7217,Medialuna
26/2/2017,10:17:37,7218,Cake
26/2/2017,10:17:37,7218,Coffee
26/2/2017,10:17:37,7218,Coffee
26/2/2017,10:17:37,7218,Juice
26/2/2017,10:17:37,7218,Soup
26/2/2017,10:18:06,7219,Coffee
26/2/2017,10:18:38,7220,Coffee
26/2/2017,10:20:40,7221,Tea
26/2/2017,10:20:40,7221,Coffee
26/2/2017,10:20:40,7221,Medialuna
26/2/2017,10:20:40,7221,Art Tray
26/2/2017,10:26:04,7222,Coffee
26/2/2017,10:39:19,7223,Coffee
26/2/2017,10:39:19,7223,Toast
26/2/2017,10:39:19,7223,Medialuna
26/2/2017,10:39:19,7223,Coffee
26/2/2017,10:50:53,7224,Medialuna
26/2/2017,10:50:53,7224,Medialuna
26/2/2017,10:50:53,7224,Cake
26/2/2017,10:50:53,7224,Scone
26/2/2017,11:00:15,7225,Farm House
26/2/2017,11:00:15,7225,Eggs
26/2/2017,11:00:15,7225,Bread
26/2/2017,11:00:15,7225,Medialuna
26/2/2017,11:09:06,7226,Coffee
26/2/2017,11:11:08,7227,Farm House
26/2/2017,11:30:41,7228,Bread
26/2/2017,11:30:41,7228,Alfajores
26/2/2017,11:31:31,7229,Scone
26/2/2017,11:31:31,7229,Jammie Dodgers
26/2/2017,11:31:31,7229,Cake
26/2/2017,11:36:55,7230,Bread
26/2/2017,11:36:55,7230,Scone
26/2/2017,11:37:47,7231,Bread
26/2/2017,11:43:02,7232,Coffee
26/2/2017,11:43:02,7232,Coffee
26/2/2017,11:43:02,7232,Hot chocolate
26/2/2017,11:51:04,7233,Coffee
26/2/2017,11:51:04,7233,Hot chocolate
26/2/2017,11:51:04,7233,Sandwich
26/2/2017,11:51:04,7233,Cake
26/2/2017,11:55:41,7234,Alfajores
26/2/2017,11:55:41,7234,Pastry
26/2/2017,11:55:41,7234,Baguette
26/2/2017,11:55:41,7234,Coffee
26/2/2017,11:55:41,7234,Coffee
26/2/2017,11:59:05,7235,Bread
26/2/2017,12:00:21,7236,Tea
26/2/2017,12:00:21,7236,Tea
26/2/2017,12:00:21,7236,The Nomad
26/2/2017,12:01:07,7237,Coffee
26/2/2017,12:01:07,7237,Coffee
26/2/2017,12:01:07,7237,Alfajores
26/2/2017,12:01:07,7237,Scone
26/2/2017,12:04:22,7238,Sandwich
26/2/2017,12:04:22,7238,Coffee
26/2/2017,12:04:22,7238,Coffee
26/2/2017,12:04:22,7238,Juice
26/2/2017,12:04:22,7238,Bread
26/2/2017,12:15:48,7239,Farm House
26/2/2017,12:15:48,7239,Cookies
26/2/2017,12:17:12,7240,Cake
26/2/2017,12:17:12,7240,Jammie Dodgers
26/2/2017,12:19:50,7241,Hot chocolate
26/2/2017,12:19:50,7241,Bread
26/2/2017,12:20:05,7242,Bread
26/2/2017,12:32:02,7243,Tea
26/2/2017,12:32:02,7243,Cookies
26/2/2017,13:01:12,7244,Coffee
26/2/2017,13:01:12,7244,Coffee
26/2/2017,13:08:30,7245,Coffee
26/2/2017,13:08:30,7245,Coffee
26/2/2017,13:08:30,7245,Coffee
26/2/2017,13:08:30,7245,Juice
26/2/2017,13:08:30,7245,Sandwich
26/2/2017,13:08:30,7245,Sandwich
26/2/2017,13:08:30,7245,Cookies
26/2/2017,13:08:30,7245,Cookies
26/2/2017,13:08:30,7245,Extra Salami or Feta
26/2/2017,13:18:15,7246,Coffee
26/2/2017,13:47:44,7247,Jammie Dodgers
26/2/2017,13:47:44,7247,Tiffin
26/2/2017,13:47:44,7247,Bread
26/2/2017,13:47:44,7247,Juice
26/2/2017,13:47:44,7247,Tea
26/2/2017,13:47:44,7247,Coffee
26/2/2017,13:48:33,7248,Pastry
26/2/2017,13:48:33,7248,Cake
26/2/2017,13:48:33,7248,Bread
26/2/2017,13:48:33,7248,Coffee
26/2/2017,13:48:33,7248,Tea
26/2/2017,13:51:51,7249,Pastry
26/2/2017,13:51:51,7249,Coffee
26/2/2017,13:52:32,7250,Toast
26/2/2017,13:53:11,7251,Coffee
26/2/2017,13:53:11,7251,Bread
26/2/2017,13:53:54,7252,Coffee
26/2/2017,13:55:32,7253,Spanish Brunch
26/2/2017,13:55:32,7253,Soup
26/2/2017,13:55:32,7253,Tea
26/2/2017,13:55:32,7253,Tea
26/2/2017,13:57:41,7254,Coffee
26/2/2017,13:57:41,7254,Coffee
26/2/2017,13:57:41,7254,Coffee
26/2/2017,13:57:41,7254,Art Tray
26/2/2017,13:57:41,7254,Soup
26/2/2017,13:57:41,7254,Soup
26/2/2017,13:57:41,7254,Salad
26/2/2017,13:57:41,7254,Spanish Brunch
26/2/2017,14:02:38,7255,Sandwich
26/2/2017,14:02:38,7255,Sandwich
26/2/2017,14:02:38,7255,Cookies
26/2/2017,14:06:39,7256,Juice
26/2/2017,14:06:39,7256,Spanish Brunch
26/2/2017,14:08:55,7257,Cake
26/2/2017,14:27:21,7258,Bread
26/2/2017,14:28:14,7259,Soup
26/2/2017,14:28:14,7259,Spanish Brunch
26/2/2017,14:28:14,7259,Coffee
26/2/2017,14:28:14,7259,Coffee
26/2/2017,14:32:48,7260,Bread
26/2/2017,14:45:07,7261,Coffee
26/2/2017,14:45:07,7261,Coffee
26/2/2017,14:45:07,7261,Scone
26/2/2017,14:45:07,7261,Cake
26/2/2017,14:45:34,7262,Coffee
26/2/2017,14:45:34,7262,Coffee
26/2/2017,14:45:34,7262,Scone
26/2/2017,14:45:34,7262,Cake
26/2/2017,14:48:23,7263,Coffee
26/2/2017,14:48:23,7263,Hot chocolate
26/2/2017,14:48:23,7263,Cake
26/2/2017,14:52:34,7264,Chicken Stew
26/2/2017,14:58:54,7265,Coffee
26/2/2017,14:58:54,7265,Coffee
26/2/2017,14:58:54,7265,Cake
26/2/2017,15:02:36,7266,Coffee
26/2/2017,15:02:36,7266,Hot chocolate
26/2/2017,15:02:36,7266,Sandwich
26/2/2017,15:02:36,7266,Sandwich
26/2/2017,15:05:52,7267,Coffee
26/2/2017,15:05:52,7267,Coffee
26/2/2017,15:05:52,7267,Sandwich
26/2/2017,15:05:52,7267,Sandwich
26/2/2017,15:05:52,7267,Jammie Dodgers
26/2/2017,15:05:52,7267,Tiffin
26/2/2017,15:15:24,7268,Coffee
26/2/2017,15:15:24,7268,Coffee
26/2/2017,15:42:54,7269,Bread
26/2/2017,15:42:54,7269,Bread
26/2/2017,15:46:25,7270,Coffee
26/2/2017,15:46:25,7270,Cookies
26/2/2017,15:46:25,7270,Jammie Dodgers
26/2/2017,15:46:25,7270,Cake
26/2/2017,15:46:25,7270,Tiffin
26/2/2017,15:49:05,7271,Coffee
26/2/2017,15:49:05,7271,Soup
26/2/2017,15:49:50,7272,Coffee
26/2/2017,15:49:50,7272,Spanish Brunch
26/2/2017,15:51:26,7273,Spanish Brunch
26/2/2017,15:51:26,7273,Coffee
26/2/2017,15:51:26,7273,Coffee
26/2/2017,16:00:26,7274,Scone
26/2/2017,16:00:26,7274,Cake
26/2/2017,16:00:26,7274,Tea
26/2/2017,16:00:26,7274,Tea
26/2/2017,16:01:03,7275,Jam
26/2/2017,16:01:03,7275,Fudge
26/2/2017,16:23:43,7276,Cake
26/2/2017,16:23:43,7276,Truffles
27/2/2017,9:02:15,7277,Coffee
27/2/2017,9:32:13,7278,Coffee
27/2/2017,9:32:13,7278,Pastry
27/2/2017,9:56:12,7279,Coffee
27/2/2017,9:56:12,7279,Coffee
27/2/2017,9:56:12,7279,Medialuna
27/2/2017,10:00:20,7280,Coffee
27/2/2017,10:00:20,7280,Coffee
27/2/2017,10:02:33,7281,Coffee
27/2/2017,10:02:33,7281,Bread
27/2/2017,10:16:39,7282,Coffee
27/2/2017,10:16:39,7282,Medialuna
27/2/2017,10:17:37,7283,Tea
27/2/2017,10:17:37,7283,Pastry
27/2/2017,10:22:38,7284,Farm House
27/2/2017,10:40:55,7285,Coffee
27/2/2017,10:40:55,7285,Jammie Dodgers
27/2/2017,10:40:55,7285,Juice
27/2/2017,10:54:38,7286,Bread
27/2/2017,10:54:38,7286,Coffee
27/2/2017,10:54:38,7286,Pastry
27/2/2017,10:54:38,7286,Pastry
27/2/2017,11:03:36,7287,Bread
27/2/2017,11:05:32,7288,Bread
27/2/2017,11:05:32,7288,Coffee
27/2/2017,11:14:19,7289,Coffee
27/2/2017,11:17:54,7290,Bread
27/2/2017,11:28:25,7291,Bread
27/2/2017,11:28:25,7291,Tea
27/2/2017,11:28:25,7291,Tea
27/2/2017,11:28:25,7291,Medialuna
27/2/2017,11:48:24,7292,Coffee
27/2/2017,11:48:24,7292,Coffee
27/2/2017,11:53:43,7293,Coffee
27/2/2017,11:53:43,7293,Spanish Brunch
27/2/2017,12:18:47,7294,Sandwich
27/2/2017,12:18:47,7294,Coke
27/2/2017,12:35:28,7295,Soup
27/2/2017,12:37:57,7296,Bread
27/2/2017,12:37:57,7296,Soup
27/2/2017,12:41:49,7297,Coffee
27/2/2017,12:41:49,7297,Toast
27/2/2017,12:49:58,7298,Granola
27/2/2017,12:49:58,7298,Coffee
27/2/2017,13:00:05,7299,Tea
27/2/2017,13:00:05,7299,Tea
27/2/2017,13:00:05,7299,Medialuna
27/2/2017,13:00:05,7299,Jammie Dodgers
27/2/2017,13:04:31,7300,Farm House
27/2/2017,13:08:23,7301,Chicken Stew
27/2/2017,13:13:22,7302,Coffee
27/2/2017,13:32:27,7303,Tea
27/2/2017,13:32:27,7303,Tea
27/2/2017,13:49:09,7304,Bread
27/2/2017,13:49:09,7304,Bread
27/2/2017,14:11:31,7305,Coffee
27/2/2017,14:11:31,7305,Coffee
27/2/2017,14:11:31,7305,Pastry
27/2/2017,14:11:31,7305,Pastry
27/2/2017,14:11:31,7305,Soup
27/2/2017,14:11:31,7305,Chicken Stew
27/2/2017,14:14:21,7306,Coffee
27/2/2017,14:14:21,7306,Coffee
27/2/2017,14:14:21,7306,Jammie Dodgers
27/2/2017,14:14:21,7306,Truffles
27/2/2017,14:26:27,7307,Bread
27/2/2017,14:26:27,7307,Bread
27/2/2017,14:26:27,7307,Coffee
27/2/2017,14:44:28,7308,Bread
27/2/2017,15:19:37,7309,Bread
27/2/2017,15:19:37,7309,Bread
27/2/2017,16:01:51,7310,Coffee
27/2/2017,16:01:51,7310,Tea
27/2/2017,16:01:51,7310,Tiffin
27/2/2017,16:02:12,7311,Bread
27/2/2017,16:58:09,7313,Bread
28/2/2017,8:38:42,7314,Bread
28/2/2017,8:42:09,7315,Bread
28/2/2017,8:48:43,7316,Bread
28/2/2017,9:09:47,7317,Bread
28/2/2017,9:09:47,7317,Pastry
28/2/2017,9:30:27,7318,Juice
28/2/2017,9:30:27,7318,Tea
28/2/2017,9:32:57,7319,Farm House
28/2/2017,9:50:58,7320,Coffee
28/2/2017,9:50:58,7320,Tea
28/2/2017,9:50:58,7320,Toast
28/2/2017,9:54:52,7321,Baguette
28/2/2017,9:59:39,7322,Baguette
28/2/2017,9:59:39,7322,Pastry
28/2/2017,9:59:39,7322,Cake
28/2/2017,9:59:39,7322,Truffles
28/2/2017,9:59:39,7322,Coffee
28/2/2017,10:08:17,7323,Coffee
28/2/2017,10:24:29,7324,Coke
28/2/2017,10:24:29,7324,Bread
28/2/2017,10:28:19,7325,Bread
28/2/2017,10:28:19,7325,Cookies
28/2/2017,10:34:37,7326,Bread
28/2/2017,10:34:37,7326,Bread
28/2/2017,10:40:42,7327,Pastry
28/2/2017,10:40:42,7327,Coffee
28/2/2017,10:40:42,7327,Coffee
28/2/2017,10:41:17,7328,Bread
28/2/2017,10:58:04,7329,Bread
28/2/2017,10:58:04,7329,Bread
28/2/2017,10:58:04,7329,Bread
28/2/2017,11:16:37,7330,Coffee
28/2/2017,11:16:37,7330,Coffee
28/2/2017,11:16:37,7330,Bread
28/2/2017,11:18:40,7331,Bread
28/2/2017,11:18:40,7331,Bread
28/2/2017,11:18:40,7331,Tea
28/2/2017,11:18:40,7331,Pastry
28/2/2017,11:30:11,7332,Coffee
28/2/2017,11:30:11,7332,Bread
28/2/2017,11:37:43,7333,Scandinavian
28/2/2017,11:40:58,7334,Coffee
28/2/2017,11:40:58,7334,Bread
28/2/2017,11:55:21,7335,Coffee
28/2/2017,11:55:21,7335,Coffee
28/2/2017,11:55:40,7336,Bread
28/2/2017,12:08:16,7337,Baguette
28/2/2017,12:24:37,7338,Jammie Dodgers
28/2/2017,12:24:37,7338,Bread
28/2/2017,12:35:22,7339,Coffee
28/2/2017,12:51:10,7340,Bread
28/2/2017,13:26:56,7341,Mineral water
28/2/2017,13:26:56,7341,Coffee
28/2/2017,13:26:56,7341,Soup
28/2/2017,13:32:11,7342,Bread
28/2/2017,13:32:11,7342,Pastry
28/2/2017,13:32:57,7343,Tea
28/2/2017,13:32:57,7343,Cookies
28/2/2017,13:36:28,7344,Coffee
28/2/2017,13:38:13,7345,Coffee
28/2/2017,13:44:07,7346,Coffee
28/2/2017,13:44:07,7346,Coke
28/2/2017,13:44:07,7346,Sandwich
28/2/2017,13:44:07,7346,Soup
28/2/2017,14:02:12,7347,Coffee
28/2/2017,14:02:12,7347,Farm House
28/2/2017,14:17:29,7348,Baguette
28/2/2017,14:17:29,7348,Scandinavian
28/2/2017,14:17:29,7348,Pastry
28/2/2017,14:19:47,7349,Hot chocolate
28/2/2017,14:19:47,7349,Tea
28/2/2017,14:19:47,7349,Sandwich
28/2/2017,14:19:47,7349,Sandwich
28/2/2017,14:20:04,7350,Coffee
28/2/2017,14:45:30,7351,Tea
28/2/2017,14:45:30,7351,Cake
28/2/2017,15:07:31,7352,Coffee
28/2/2017,15:07:31,7352,Coffee
28/2/2017,15:07:31,7352,Alfajores
28/2/2017,15:07:31,7352,Pastry
28/2/2017,15:10:29,7353,Coffee
28/2/2017,15:10:29,7353,Hot chocolate
28/2/2017,15:26:40,7354,Coffee
28/2/2017,15:26:40,7354,Coffee
28/2/2017,15:26:40,7354,Coffee
28/2/2017,15:34:43,7355,Coffee
28/2/2017,15:34:43,7355,Sandwich
28/2/2017,15:57:43,7356,Tea
28/2/2017,15:57:43,7356,Tea
28/2/2017,15:57:43,7356,Bread
28/2/2017,15:57:43,7356,Alfajores
28/2/2017,15:57:43,7356,Bread
28/2/2017,15:57:43,7356,Spanish Brunch
28/2/2017,16:00:58,7357,Hot chocolate
28/2/2017,16:00:58,7357,Coffee
28/2/2017,16:00:58,7357,Coffee
28/2/2017,16:00:58,7357,Cookies
28/2/2017,16:06:34,7358,Coffee
28/2/2017,16:06:34,7358,Cake
28/2/2017,16:28:57,7359,Tea
28/2/2017,16:28:57,7359,Cookies
28/2/2017,16:34:56,7360,Smoothies
28/2/2017,16:34:56,7360,Cake
28/2/2017,16:34:56,7360,Coffee
28/2/2017,16:34:56,7360,Bread
28/2/2017,16:47:57,7361,Bread
28/2/2017,16:59:31,7362,Bread
28/2/2017,17:00:28,7363,Vegan Feast
28/2/2017,17:28:17,7364,Coffee
28/2/2017,17:28:17,7364,Coffee
28/2/2017,17:28:17,7364,Cake
28/2/2017,17:28:17,7364,Cake
28/2/2017,17:30:26,7365,Hot chocolate
28/2/2017,17:30:26,7365,Tea
28/2/2017,17:30:26,7365,Pastry
28/2/2017,17:31:05,7366,Cake
28/2/2017,17:31:05,7366,Coffee
28/2/2017,17:31:05,7366,Hot chocolate
28/2/2017,17:33:07,7367,Bread
28/2/2017,17:33:07,7367,Tea
28/2/2017,17:33:07,7367,Coffee
1/3/2017,9:24:44,7368,Coffee
1/3/2017,9:34:17,7369,Coffee
1/3/2017,9:45:02,7370,Coffee
1/3/2017,9:45:02,7370,Tea
1/3/2017,9:45:02,7370,Toast
1/3/2017,9:46:07,7371,Coffee
1/3/2017,9:46:07,7371,Coffee
1/3/2017,9:54:15,7372,Bread
1/3/2017,9:57:31,7373,Coffee
1/3/2017,9:57:31,7373,Coffee
1/3/2017,9:57:31,7373,Alfajores
1/3/2017,9:57:31,7373,Pastry
1/3/2017,9:57:31,7373,Pastry
1/3/2017,9:57:31,7373,Juice
1/3/2017,10:09:11,7374,Coffee
1/3/2017,10:09:11,7374,Baguette
1/3/2017,10:27:59,7375,Coffee
1/3/2017,10:27:59,7375,Coffee
1/3/2017,10:27:59,7375,Cake
1/3/2017,10:27:59,7375,Pastry
1/3/2017,10:28:49,7376,Tea
1/3/2017,10:28:49,7376,Coffee
1/3/2017,10:36:21,7377,Bread
1/3/2017,10:36:21,7377,Pastry
1/3/2017,10:37:44,7378,Bread
1/3/2017,10:37:44,7378,Pastry
1/3/2017,11:10:36,7379,Vegan mincepie
1/3/2017,11:10:36,7379,Coffee
1/3/2017,11:10:36,7379,Baguette
1/3/2017,11:20:52,7380,Baguette
1/3/2017,11:34:07,7381,Bread
1/3/2017,11:34:07,7381,Coffee
1/3/2017,11:34:07,7381,Tea
1/3/2017,11:35:31,7382,Coffee
1/3/2017,11:35:31,7382,Cake
1/3/2017,11:35:31,7382,Cake
1/3/2017,11:35:31,7382,Toast
1/3/2017,11:35:31,7382,Juice
1/3/2017,12:01:15,7383,Hot chocolate
1/3/2017,12:01:15,7383,Truffles
1/3/2017,12:01:56,7384,Coffee
1/3/2017,12:01:56,7384,Toast
1/3/2017,12:05:00,7385,Hot chocolate
1/3/2017,12:06:51,7386,Bread
1/3/2017,12:15:07,7387,Tea
1/3/2017,12:45:13,7388,Chicken Stew
1/3/2017,12:45:29,7389,Chicken Stew
1/3/2017,12:53:52,7390,Soup
1/3/2017,12:53:52,7390,Chicken Stew
1/3/2017,12:53:52,7390,Tea
1/3/2017,12:53:52,7390,Tea
1/3/2017,12:53:52,7390,Bread
1/3/2017,13:00:42,7391,Bread
1/3/2017,13:00:42,7391,Pastry
1/3/2017,13:12:46,7392,Mineral water
1/3/2017,13:12:46,7392,Salad
1/3/2017,13:20:06,7393,Duck egg
1/3/2017,13:20:06,7393,Sandwich
1/3/2017,13:20:06,7393,Soup
1/3/2017,13:20:06,7393,Truffles
1/3/2017,13:20:06,7393,Coffee
1/3/2017,14:48:02,7394,Coffee
1/3/2017,14:48:02,7394,Bread
1/3/2017,14:51:43,7395,Hot chocolate
1/3/2017,14:51:43,7395,Sandwich
1/3/2017,14:52:26,7396,Bread
1/3/2017,15:08:05,7397,Coffee
1/3/2017,15:08:05,7397,Coffee
1/3/2017,15:08:05,7397,Tea
1/3/2017,15:08:05,7397,Tea
1/3/2017,15:08:05,7397,Soup
1/3/2017,15:08:05,7397,Chicken Stew
1/3/2017,15:08:05,7397,Cake
1/3/2017,15:08:05,7397,Cake
1/3/2017,15:12:51,7398,Cookies
1/3/2017,15:12:51,7398,Coffee
1/3/2017,15:26:19,7399,Farm House
1/3/2017,15:41:34,7400,Coffee
1/3/2017,15:41:34,7400,Coffee
1/3/2017,15:41:34,7400,Bread
1/3/2017,15:58:11,7401,Tea
1/3/2017,15:58:11,7401,Coke
1/3/2017,15:58:11,7401,Truffles
1/3/2017,15:58:11,7401,Bread
1/3/2017,16:35:47,7402,Bread
1/3/2017,16:53:46,7403,Cake
1/3/2017,16:53:46,7403,Bread
1/3/2017,16:53:46,7403,Tea
1/3/2017,16:57:58,7404,Bread
1/3/2017,16:57:58,7404,Smoothies
1/3/2017,17:07:18,7405,Coffee
2/3/2017,8:33:28,7406,Coffee
2/3/2017,8:33:28,7406,Juice
2/3/2017,8:59:19,7407,Coffee
2/3/2017,9:16:52,7408,Bread
2/3/2017,9:20:11,7409,Tea
2/3/2017,9:20:11,7409,Toast
2/3/2017,9:20:11,7409,Coffee
2/3/2017,9:26:21,7410,Jam
2/3/2017,9:26:21,7410,Bread
2/3/2017,9:28:09,7411,Coffee
2/3/2017,9:28:09,7411,Pastry
2/3/2017,9:50:23,7412,Bread
2/3/2017,9:58:07,7413,Bread
2/3/2017,10:00:11,7414,Tea
2/3/2017,10:00:11,7414,Cake
2/3/2017,10:36:26,7415,Bread
2/3/2017,10:36:26,7415,Hot chocolate
2/3/2017,11:04:34,7416,Coffee
2/3/2017,11:04:34,7416,Coffee
2/3/2017,11:04:34,7416,Cake
2/3/2017,11:11:48,7417,Bread
2/3/2017,11:11:48,7417,Pastry
2/3/2017,11:11:48,7417,Hot chocolate
2/3/2017,11:11:48,7417,Coffee
2/3/2017,11:12:42,7418,Hot chocolate
2/3/2017,11:12:42,7418,Coffee
2/3/2017,11:12:42,7418,Cake
2/3/2017,11:13:38,7419,Coffee
2/3/2017,11:13:38,7419,Toast
2/3/2017,11:57:34,7420,Cake
2/3/2017,11:57:34,7420,Coffee
2/3/2017,12:04:20,7421,Pastry
2/3/2017,12:04:20,7421,Pastry
2/3/2017,12:04:20,7421,Bread
2/3/2017,12:07:59,7423,Coffee
2/3/2017,12:07:59,7423,Coffee
2/3/2017,12:07:59,7423,Tea
2/3/2017,12:08:29,7424,Coffee
2/3/2017,12:08:29,7424,Coffee
2/3/2017,12:08:29,7424,Baguette
2/3/2017,12:16:19,7425,Coffee
2/3/2017,12:16:19,7425,Coffee
2/3/2017,12:16:19,7425,Pastry
2/3/2017,12:22:08,7426,Bread
2/3/2017,12:22:08,7426,Pastry
2/3/2017,12:49:25,7427,Bread
2/3/2017,13:21:13,7428,Coffee
2/3/2017,13:21:13,7428,Coffee
2/3/2017,13:21:13,7428,Cookies
2/3/2017,13:22:05,7429,Coffee
2/3/2017,13:22:05,7429,Sandwich
2/3/2017,13:23:54,7430,Tea
2/3/2017,13:39:05,7431,Bread
2/3/2017,13:48:28,7432,Bread
2/3/2017,13:53:36,7433,Tea
2/3/2017,13:53:36,7433,Tea
2/3/2017,14:10:50,7434,Bread
2/3/2017,14:36:16,7435,Coffee
2/3/2017,14:36:16,7435,Coffee
2/3/2017,14:40:08,7436,Chicken Stew
2/3/2017,14:47:19,7437,Coffee
2/3/2017,14:47:19,7437,Sandwich
2/3/2017,15:26:37,7438,Coffee
2/3/2017,15:26:37,7438,Hot chocolate
2/3/2017,15:26:37,7438,Bread
2/3/2017,15:26:37,7438,Pastry
2/3/2017,15:44:32,7439,Coffee
2/3/2017,15:44:32,7439,Coffee
2/3/2017,15:44:32,7439,Bread
2/3/2017,15:46:17,7440,Coffee
2/3/2017,15:46:17,7440,Coffee
2/3/2017,15:46:17,7440,Coffee
2/3/2017,15:46:17,7440,Bread
2/3/2017,15:46:56,7441,Hot chocolate
2/3/2017,15:46:56,7441,Pastry
2/3/2017,15:47:46,7442,Coffee
2/3/2017,15:47:46,7442,Hot chocolate
2/3/2017,15:51:25,7443,Coffee
2/3/2017,15:51:25,7443,Tea
2/3/2017,16:03:29,7444,Tea
2/3/2017,16:03:29,7444,Tea
2/3/2017,16:10:22,7445,Coffee
2/3/2017,16:10:22,7445,Cake
2/3/2017,16:21:05,7446,Coffee
2/3/2017,16:21:05,7446,Cake
2/3/2017,16:24:39,7447,Muffin
2/3/2017,16:24:39,7447,Bread
2/3/2017,16:25:42,7448,Tea
2/3/2017,16:25:42,7448,Tea
2/3/2017,16:25:42,7448,Pastry
2/3/2017,16:41:03,7449,Cake
2/3/2017,16:54:04,7450,Bread
2/3/2017,16:54:23,7451,Bread
2/3/2017,16:54:38,7452,Bread
3/3/2017,8:33:37,7453,Bread
3/3/2017,8:33:37,7453,Pastry
3/3/2017,8:57:40,7454,Bread
3/3/2017,8:57:40,7454,Bread
3/3/2017,9:15:17,7455,Coffee
3/3/2017,9:21:05,7456,Coffee
3/3/2017,9:21:05,7456,Coffee
3/3/2017,9:21:05,7456,Toast
3/3/2017,9:22:11,7457,Coffee
3/3/2017,9:22:11,7457,Coffee
3/3/2017,9:34:33,7458,Coffee
3/3/2017,9:34:33,7458,Coffee
3/3/2017,9:43:34,7459,Coffee
3/3/2017,9:43:34,7459,Coffee
3/3/2017,9:43:34,7459,Juice
3/3/2017,9:43:34,7459,Cake
3/3/2017,9:43:34,7459,Cookies
3/3/2017,9:47:59,7460,Coffee
3/3/2017,9:50:34,7461,Coffee
3/3/2017,9:50:34,7461,Tiffin
3/3/2017,9:51:35,7462,Bread
3/3/2017,10:00:10,7463,Coffee
3/3/2017,10:16:57,7464,Coffee
3/3/2017,10:16:57,7464,Pastry
3/3/2017,10:16:57,7464,Pastry
3/3/2017,10:22:12,7465,Pastry
3/3/2017,10:22:12,7465,Pastry
3/3/2017,10:22:12,7465,Bread
3/3/2017,10:22:12,7465,Sandwich
3/3/2017,10:22:12,7465,Coffee
3/3/2017,10:26:04,7466,Fudge
3/3/2017,10:27:55,7467,Scandinavian
3/3/2017,10:44:05,7468,Bread
3/3/2017,10:44:05,7468,Hot chocolate
3/3/2017,10:48:57,7469,Fudge
3/3/2017,10:48:57,7469,Fudge
3/3/2017,10:48:57,7469,Coffee
3/3/2017,10:48:57,7469,Alfajores
3/3/2017,10:54:44,7470,Coffee
3/3/2017,10:58:20,7471,Coffee
3/3/2017,10:58:20,7471,Coffee
3/3/2017,10:58:48,7472,Tea
3/3/2017,11:00:20,7473,Bread
3/3/2017,11:05:25,7474,Bread
3/3/2017,11:07:22,7475,Coffee
3/3/2017,11:07:22,7475,Pastry
3/3/2017,11:21:29,7476,Coffee
3/3/2017,11:21:29,7476,Tea
3/3/2017,11:21:51,7477,Sandwich
3/3/2017,11:26:52,7478,Coffee
3/3/2017,11:26:52,7478,Cake
3/3/2017,11:26:52,7478,Tiffin
3/3/2017,11:36:07,7479,Coffee
3/3/2017,11:40:24,7480,Coffee
3/3/2017,11:40:24,7480,Pastry
3/3/2017,11:40:24,7480,Tea
3/3/2017,11:43:47,7481,Coffee
3/3/2017,11:56:21,7482,Coffee
3/3/2017,11:56:21,7482,Coffee
3/3/2017,11:59:56,7483,Chicken Stew
3/3/2017,11:59:56,7483,Sandwich
3/3/2017,11:59:56,7483,Mineral water
3/3/2017,12:15:31,7484,Cookies
3/3/2017,12:15:31,7484,Cake
3/3/2017,12:15:31,7484,Bread
3/3/2017,12:21:00,7485,Bread
3/3/2017,12:21:00,7485,Pastry
3/3/2017,12:21:00,7485,Coffee
3/3/2017,12:21:00,7485,Eggs
3/3/2017,12:26:19,7486,Bread
3/3/2017,12:33:44,7487,Coffee
3/3/2017,12:33:44,7487,Salad
3/3/2017,12:33:44,7487,Sandwich
3/3/2017,13:07:34,7488,Coffee
3/3/2017,13:07:34,7488,Bread
3/3/2017,13:07:34,7488,Pastry
3/3/2017,13:11:32,7489,Bread
3/3/2017,13:11:32,7489,Bread
3/3/2017,13:11:32,7489,Coffee
3/3/2017,13:12:51,7490,Chicken Stew
3/3/2017,13:12:51,7490,Tea
3/3/2017,13:15:16,7491,Cookies
3/3/2017,13:15:16,7491,Sandwich
3/3/2017,13:15:16,7491,Coffee
3/3/2017,13:15:16,7491,Coffee
3/3/2017,13:16:40,7492,Coffee
3/3/2017,13:16:40,7492,Coffee
3/3/2017,13:16:40,7492,Tiffin
3/3/2017,13:16:40,7492,Alfajores
3/3/2017,13:32:40,7493,Bread
3/3/2017,13:32:40,7493,Pastry
3/3/2017,13:32:40,7493,Pastry
3/3/2017,13:42:21,7494,Tiffin
3/3/2017,13:42:21,7494,Hot chocolate
3/3/2017,13:54:38,7495,Spanish Brunch
3/3/2017,13:54:38,7495,Duck egg
3/3/2017,13:54:38,7495,Tea
3/3/2017,13:54:38,7495,Bread
3/3/2017,13:57:05,7496,Tea
3/3/2017,13:57:05,7496,Soup
3/3/2017,13:57:05,7496,Cookies
3/3/2017,13:58:12,7497,Juice
3/3/2017,13:58:12,7497,Muffin
3/3/2017,13:58:12,7497,Cake
3/3/2017,13:58:12,7497,Soup
3/3/2017,13:59:49,7498,Sandwich
3/3/2017,13:59:49,7498,Coffee
3/3/2017,13:59:49,7498,Coke
3/3/2017,13:59:49,7498,Smoothies
3/3/2017,14:34:31,7499,Afternoon with the baker
3/3/2017,14:41:36,7500,Coffee
3/3/2017,14:41:36,7500,Coffee
3/3/2017,14:41:36,7500,Sandwich
3/3/2017,15:00:46,7501,Pastry
3/3/2017,15:00:46,7501,Scone
3/3/2017,15:00:46,7501,Bread
3/3/2017,15:08:49,7502,Coffee
3/3/2017,15:08:49,7502,Bread
3/3/2017,15:09:38,7503,Bread
3/3/2017,15:31:28,7504,Sandwich
3/3/2017,15:32:45,7505,Coffee
3/3/2017,15:32:45,7505,Cookies
3/3/2017,15:40:58,7506,Scone
3/3/2017,15:46:43,7507,Coffee
3/3/2017,15:49:50,7508,Bread
3/3/2017,15:49:50,7508,Bread
3/3/2017,15:49:50,7508,Tiffin
3/3/2017,15:49:50,7508,Sandwich
3/3/2017,15:54:06,7509,Tea
3/3/2017,15:54:06,7509,Juice
3/3/2017,15:54:06,7509,Bread
3/3/2017,15:54:06,7509,Afternoon with the baker
3/3/2017,16:03:29,7510,Scone
3/3/2017,16:03:29,7510,Coffee
3/3/2017,16:20:44,7511,Cake
4/3/2017,8:13:11,7512,Coffee
4/3/2017,8:13:11,7512,Coffee
4/3/2017,8:13:11,7512,Truffles
4/3/2017,8:13:11,7512,Alfajores
4/3/2017,8:13:11,7512,Scone
4/3/2017,8:37:31,7513,Coffee
4/3/2017,8:45:41,7514,Bread
4/3/2017,8:49:09,7515,Coffee
4/3/2017,8:50:00,7516,Coffee
4/3/2017,8:50:00,7516,Scone
4/3/2017,8:50:00,7516,Bread
4/3/2017,8:50:46,7517,Bread
4/3/2017,8:51:55,7518,Coffee
4/3/2017,9:01:11,7519,Coffee
4/3/2017,9:01:11,7519,Coke
4/3/2017,9:01:11,7519,Pastry
4/3/2017,9:07:27,7520,Farm House
4/3/2017,9:07:27,7520,Coffee
4/3/2017,9:07:27,7520,Hot chocolate
4/3/2017,9:12:35,7521,Bread
4/3/2017,9:12:35,7521,Pastry
4/3/2017,9:15:26,7522,Scone
4/3/2017,9:20:06,7523,Pastry
4/3/2017,9:20:06,7523,Coffee
4/3/2017,9:51:32,7524,Scone
4/3/2017,9:51:32,7524,Bread
4/3/2017,10:01:10,7525,Coffee
4/3/2017,10:01:10,7525,Juice
4/3/2017,10:01:10,7525,Tiffin
4/3/2017,10:01:10,7525,Brownie
4/3/2017,10:01:39,7526,Alfajores
4/3/2017,10:01:39,7526,Scandinavian
4/3/2017,10:04:16,7527,Bread
4/3/2017,10:05:48,7528,Tea
4/3/2017,10:05:48,7528,Juice
4/3/2017,10:05:48,7528,Coffee
4/3/2017,10:12:22,7529,Pastry
4/3/2017,10:12:22,7529,Pastry
4/3/2017,10:12:22,7529,Scone
4/3/2017,10:12:22,7529,Coffee
4/3/2017,10:25:55,7530,Muffin
4/3/2017,10:25:55,7530,Scone
4/3/2017,10:25:55,7530,Coffee
4/3/2017,10:26:40,7531,Bread
4/3/2017,10:33:39,7532,Coffee
4/3/2017,10:39:50,7533,Bread
4/3/2017,10:44:25,7534,Baguette
4/3/2017,10:44:25,7534,Scone
4/3/2017,10:44:25,7534,Medialuna
4/3/2017,10:44:25,7534,Cookies
4/3/2017,10:44:25,7534,Scandinavian
4/3/2017,10:47:20,7535,Bread
4/3/2017,10:47:20,7535,Coffee
4/3/2017,10:47:20,7535,Bread
4/3/2017,10:48:36,7536,Coffee
4/3/2017,10:48:36,7536,Coffee
4/3/2017,10:48:36,7536,Pastry
4/3/2017,10:48:36,7536,Bread
4/3/2017,10:59:13,7537,Baguette
4/3/2017,11:00:46,7538,Bread
4/3/2017,11:02:23,7539,Bread
4/3/2017,11:02:23,7539,Cake
4/3/2017,11:02:23,7539,Jammie Dodgers
4/3/2017,11:03:21,7540,Bread
4/3/2017,11:03:21,7540,Coffee
4/3/2017,11:03:21,7540,Sandwich
4/3/2017,11:03:21,7540,Extra Salami or Feta
4/3/2017,11:05:09,7541,Cake
4/3/2017,11:05:09,7541,Brownie
4/3/2017,11:05:09,7541,Mineral water
4/3/2017,11:05:09,7541,Coffee
4/3/2017,11:05:09,7541,Tea
4/3/2017,11:05:09,7541,Hot chocolate
4/3/2017,11:20:59,7542,Coffee
4/3/2017,11:20:59,7542,Coke
4/3/2017,11:28:19,7543,Bread
4/3/2017,11:29:33,7544,Tea
4/3/2017,11:29:33,7544,Coffee
4/3/2017,11:36:43,7545,Coffee
4/3/2017,11:36:43,7545,Coffee
4/3/2017,11:36:43,7545,Coffee
4/3/2017,11:36:43,7545,Cookies
4/3/2017,11:43:43,7546,Bread
4/3/2017,11:44:40,7547,Spanish Brunch
4/3/2017,11:44:40,7547,The Nomad
4/3/2017,11:44:40,7547,Coffee
4/3/2017,11:45:34,7548,Coffee
4/3/2017,11:45:34,7548,Muffin
4/3/2017,11:46:02,7549,Scone
4/3/2017,11:46:02,7549,Coffee
4/3/2017,11:50:52,7550,Coffee
4/3/2017,11:50:52,7550,Coffee
4/3/2017,11:50:52,7550,Bread
4/3/2017,11:50:52,7550,Tiffin
4/3/2017,11:51:34,7551,Baguette
4/3/2017,12:03:06,7552,Bread
4/3/2017,12:03:06,7552,Coffee
4/3/2017,12:05:58,7553,Coffee
4/3/2017,12:05:58,7553,Smoothies
4/3/2017,12:05:58,7553,Brownie
4/3/2017,12:05:58,7553,Sandwich
4/3/2017,12:05:58,7553,Sandwich
4/3/2017,12:12:11,7554,Toast
4/3/2017,12:12:11,7554,Scone
4/3/2017,12:12:11,7554,Brownie
4/3/2017,12:12:11,7554,Coffee
4/3/2017,12:12:11,7554,Coke
4/3/2017,12:23:01,7555,Bread
4/3/2017,12:23:01,7555,Bread
4/3/2017,12:23:01,7555,Cake
4/3/2017,12:23:01,7555,Soup
4/3/2017,12:23:01,7555,Smoothies
4/3/2017,12:23:01,7555,Sandwich
4/3/2017,12:24:22,7556,Bread
4/3/2017,12:28:33,7557,Coffee
4/3/2017,12:28:33,7557,Juice
4/3/2017,12:28:33,7557,Toast
4/3/2017,12:28:33,7557,Sandwich
4/3/2017,12:28:33,7557,Baguette
4/3/2017,12:29:15,7558,Bread
4/3/2017,12:29:15,7558,Coffee
4/3/2017,12:35:19,7559,Coffee
4/3/2017,12:36:52,7560,Coffee
4/3/2017,12:36:52,7560,Spanish Brunch
4/3/2017,12:40:40,7561,Bread
4/3/2017,12:40:40,7561,Brownie
4/3/2017,12:40:40,7561,Scandinavian
4/3/2017,12:40:40,7561,Coffee
4/3/2017,12:40:40,7561,Coffee
4/3/2017,12:40:40,7561,Soup
4/3/2017,12:42:51,7562,Pastry
4/3/2017,12:43:47,7563,Vegan Feast
4/3/2017,12:47:05,7564,Cake
4/3/2017,12:47:05,7564,Muffin
4/3/2017,12:48:04,7565,Baguette
4/3/2017,12:49:54,7566,Sandwich
4/3/2017,12:49:54,7566,Chicken Stew
4/3/2017,12:49:54,7566,Coffee
4/3/2017,12:49:54,7566,Truffles
4/3/2017,12:49:54,7566,Coke
4/3/2017,12:53:17,7567,Tea
4/3/2017,12:53:17,7567,Scone
4/3/2017,12:53:17,7567,Soup
4/3/2017,12:56:55,7568,Bread
4/3/2017,12:58:49,7569,Soup
4/3/2017,12:58:49,7569,Sandwich
4/3/2017,12:58:49,7569,Juice
4/3/2017,13:00:54,7570,Cookies
4/3/2017,13:00:54,7570,Mineral water
4/3/2017,13:00:54,7570,Coffee
4/3/2017,13:15:51,7571,Cookies
4/3/2017,13:15:51,7571,Pastry
4/3/2017,13:15:51,7571,Coffee
4/3/2017,13:18:40,7572,Sandwich
4/3/2017,13:18:40,7572,Coffee
4/3/2017,13:18:40,7572,Soup
4/3/2017,13:18:40,7572,Art Tray
4/3/2017,13:18:40,7572,Scone
4/3/2017,13:18:40,7572,Brownie
4/3/2017,13:30:46,7573,Cake
4/3/2017,13:30:46,7573,Tiffin
4/3/2017,13:32:15,7574,Scone
4/3/2017,13:32:15,7574,Tea
4/3/2017,13:37:01,7575,Brownie
4/3/2017,13:37:01,7575,Cookies
4/3/2017,13:40:26,7576,Sandwich
4/3/2017,13:40:26,7576,Juice
4/3/2017,13:43:13,7577,Hot chocolate
4/3/2017,13:43:13,7577,Coffee
4/3/2017,13:43:13,7577,Cake
4/3/2017,13:43:13,7577,Scone
4/3/2017,13:43:13,7577,Cookies
4/3/2017,13:43:13,7577,Bread
4/3/2017,13:45:04,7578,Tea
4/3/2017,13:45:04,7578,Hot chocolate
4/3/2017,13:45:04,7578,Cake
4/3/2017,13:45:04,7578,Salad
4/3/2017,13:46:04,7579,Bread
4/3/2017,13:46:04,7579,Tea
4/3/2017,13:46:04,7579,Soup
4/3/2017,13:46:04,7579,Sandwich
4/3/2017,13:55:48,7580,Spanish Brunch
4/3/2017,13:55:48,7580,Sandwich
4/3/2017,13:57:53,7581,Toast
4/3/2017,13:57:53,7581,Bread
4/3/2017,14:05:18,7582,Coffee
4/3/2017,14:05:18,7582,Tea
4/3/2017,14:05:18,7582,Toast
4/3/2017,14:15:10,7583,Scone
4/3/2017,14:22:26,7584,Scone
4/3/2017,14:22:26,7584,Coffee
4/3/2017,14:22:26,7584,Coffee
4/3/2017,14:22:59,7585,Bread
4/3/2017,14:22:59,7585,Brownie
4/3/2017,14:23:47,7586,Tea
4/3/2017,14:23:47,7586,Soup
4/3/2017,14:28:29,7587,Hot chocolate
4/3/2017,14:28:29,7587,Coffee
4/3/2017,14:28:29,7587,Cake
4/3/2017,14:28:29,7587,Scone
4/3/2017,14:29:49,7588,Coke
4/3/2017,14:29:49,7588,Tea
4/3/2017,14:29:49,7588,Brownie
4/3/2017,14:30:34,7589,Hot chocolate
4/3/2017,14:30:34,7589,Truffles
4/3/2017,14:30:34,7589,Spanish Brunch
4/3/2017,14:36:37,7590,Chicken Stew
4/3/2017,14:36:37,7590,Granola
4/3/2017,14:36:37,7590,Coke
4/3/2017,14:43:58,7591,Spanish Brunch
4/3/2017,14:43:58,7591,Smoothies
4/3/2017,14:47:54,7592,Bread
4/3/2017,14:57:15,7593,Coffee
4/3/2017,14:57:15,7593,Coffee
4/3/2017,14:57:15,7593,Scone
4/3/2017,14:59:01,7594,Tea
4/3/2017,15:19:01,7595,Tea
4/3/2017,15:24:53,7596,Scandinavian
4/3/2017,15:29:23,7597,Coffee
4/3/2017,15:29:23,7597,Hot chocolate
4/3/2017,15:30:34,7598,Scone
4/3/2017,15:30:34,7598,Cake
4/3/2017,15:30:34,7598,Bread
4/3/2017,15:30:34,7598,Bread
4/3/2017,15:30:34,7598,Coffee
4/3/2017,15:30:34,7598,Hot chocolate
4/3/2017,15:32:10,7599,Tea
4/3/2017,15:32:10,7599,Scone
4/3/2017,15:32:10,7599,Bread
4/3/2017,15:33:44,7600,Scandinavian
4/3/2017,15:57:11,7601,Coffee
4/3/2017,15:57:11,7601,Coffee
4/3/2017,15:57:11,7601,Bread
4/3/2017,16:00:49,7602,Bread
4/3/2017,16:00:49,7602,Coffee
4/3/2017,16:00:49,7602,Scone
4/3/2017,16:00:49,7602,Cookies
4/3/2017,16:00:49,7602,Soup
4/3/2017,16:00:49,7602,Salad
4/3/2017,16:00:49,7602,Truffles
4/3/2017,16:00:49,7602,Mineral water
4/3/2017,16:19:02,7603,Tiffin
4/3/2017,16:19:02,7603,Coffee
4/3/2017,16:19:02,7603,Tea
4/3/2017,16:19:51,7604,Coffee
4/3/2017,16:21:28,7605,Bread
4/3/2017,16:21:28,7605,Hot chocolate
4/3/2017,16:21:28,7605,Scone
4/3/2017,16:24:02,7606,Tea
4/3/2017,16:24:02,7606,Tea
4/3/2017,16:24:02,7606,Coffee
4/3/2017,16:24:02,7606,Cake
4/3/2017,16:24:02,7606,Scone
4/3/2017,16:32:25,7607,Bread
4/3/2017,16:36:28,7608,Scandinavian
4/3/2017,16:36:28,7608,Muffin
4/3/2017,17:14:01,7609,Scandinavian
5/3/2017,9:35:02,7610,Farm House
5/3/2017,9:48:19,7611,Bread
5/3/2017,9:48:19,7611,Medialuna
5/3/2017,9:55:32,7612,Coffee
5/3/2017,9:55:32,7612,Spanish Brunch
5/3/2017,9:58:40,7613,Coffee
5/3/2017,9:59:09,7614,Coffee
5/3/2017,10:19:02,7615,Bread
5/3/2017,10:19:02,7615,Coffee
5/3/2017,10:19:02,7615,Pastry
5/3/2017,10:19:02,7615,Spanish Brunch
5/3/2017,10:19:41,7616,Bread
5/3/2017,10:19:41,7616,Scone
5/3/2017,10:31:18,7617,Bread
5/3/2017,10:31:18,7617,Coffee
5/3/2017,10:31:18,7617,Coffee
5/3/2017,10:31:18,7617,Toast
5/3/2017,10:42:14,7618,Bread
5/3/2017,10:47:12,7619,Pastry
5/3/2017,10:47:12,7619,Bread
5/3/2017,10:47:12,7619,Pastry
5/3/2017,10:48:20,7620,Hot chocolate
5/3/2017,10:48:20,7620,Cookies
5/3/2017,10:48:20,7620,Pastry
5/3/2017,10:49:26,7621,Coffee
5/3/2017,10:49:26,7621,Coffee
5/3/2017,10:49:26,7621,The Nomad
5/3/2017,10:53:59,7622,Coffee
5/3/2017,10:53:59,7622,Jammie Dodgers
5/3/2017,10:53:59,7622,Muffin
5/3/2017,10:53:59,7622,Tea
5/3/2017,10:57:26,7623,Coffee
5/3/2017,10:57:56,7624,Coffee
5/3/2017,10:57:56,7624,Brownie
5/3/2017,10:59:44,7625,Coffee
5/3/2017,11:04:43,7626,Bread
5/3/2017,11:04:43,7626,Coffee
5/3/2017,11:11:22,7627,Coffee
5/3/2017,11:11:22,7627,Coffee
5/3/2017,11:11:22,7627,Hot chocolate
5/3/2017,11:11:22,7627,Muffin
5/3/2017,11:11:55,7628,Bread
5/3/2017,11:12:48,7629,Farm House
5/3/2017,11:16:54,7630,Coffee
5/3/2017,11:16:54,7630,Tiffin
5/3/2017,11:36:09,7631,Coffee
5/3/2017,11:36:09,7631,Coffee
5/3/2017,11:36:09,7631,Toast
5/3/2017,11:36:09,7631,Pastry
5/3/2017,11:36:09,7631,Scone
5/3/2017,11:36:54,7632,Coffee
5/3/2017,11:39:30,7633,Jam
5/3/2017,11:42:26,7634,Pastry
5/3/2017,11:42:26,7634,Cake
5/3/2017,11:42:26,7634,Coffee
5/3/2017,11:43:36,7635,Soup
5/3/2017,11:43:36,7635,Coffee
5/3/2017,11:43:36,7635,Juice
5/3/2017,11:43:36,7635,Tea
5/3/2017,11:47:15,7636,Pastry
5/3/2017,11:52:46,7637,Coffee
5/3/2017,11:55:35,7638,Jammie Dodgers
5/3/2017,11:55:35,7638,Coffee
5/3/2017,12:09:32,7639,Coffee
5/3/2017,12:12:38,7640,Coffee
5/3/2017,12:18:15,7641,Muffin
5/3/2017,12:32:28,7642,Coffee
5/3/2017,12:32:28,7642,Cake
5/3/2017,12:32:28,7642,Muffin
5/3/2017,12:40:27,7643,Pastry
5/3/2017,12:40:27,7643,Bread
5/3/2017,12:42:00,7644,Coffee
5/3/2017,12:42:00,7644,Pastry
5/3/2017,12:42:00,7644,Bread
5/3/2017,12:48:29,7645,Hot chocolate
5/3/2017,12:59:49,7646,Juice
5/3/2017,12:59:49,7646,Cake
5/3/2017,12:59:49,7646,Coffee
5/3/2017,13:01:14,7647,Coke
5/3/2017,13:01:14,7647,Sandwich
5/3/2017,13:02:47,7648,Sandwich
5/3/2017,13:02:47,7648,Smoothies
5/3/2017,13:11:39,7649,Coffee
5/3/2017,13:11:39,7649,Coffee
5/3/2017,13:21:46,7650,Scone
5/3/2017,13:48:10,7651,Cake
5/3/2017,13:48:10,7651,Bread
5/3/2017,13:48:10,7651,Coffee
5/3/2017,13:48:10,7651,Juice
5/3/2017,14:07:10,7652,Cake
5/3/2017,14:07:10,7652,Coffee
5/3/2017,14:07:10,7652,Tea
5/3/2017,14:15:38,7653,Truffles
5/3/2017,14:15:38,7653,Coffee
5/3/2017,14:15:38,7653,Cake
5/3/2017,14:15:38,7653,Pastry
5/3/2017,14:15:38,7653,Sandwich
5/3/2017,14:21:55,7654,Tiffin
5/3/2017,15:00:18,7655,Coffee
5/3/2017,15:00:18,7655,Cake
5/3/2017,15:11:31,7656,Cake
5/3/2017,15:11:31,7656,Scone
5/3/2017,15:11:31,7656,Medialuna
5/3/2017,15:11:31,7656,Soup
5/3/2017,15:11:31,7656,Coffee
5/3/2017,15:11:31,7656,Coffee
5/3/2017,15:11:31,7656,Tea
5/3/2017,15:13:03,7657,Coffee
5/3/2017,15:15:40,7658,Bread
5/3/2017,15:15:40,7658,Coffee
5/3/2017,15:22:41,7659,Coffee
5/3/2017,15:22:41,7659,Medialuna
5/3/2017,15:22:41,7659,Pastry
5/3/2017,15:34:38,7660,Jammie Dodgers
5/3/2017,15:34:38,7660,Tiffin
5/3/2017,15:50:06,7661,Coffee
5/3/2017,15:50:06,7661,Bread
5/3/2017,15:50:06,7661,Alfajores
5/3/2017,18:51:22,7663,Afternoon with the baker
5/3/2017,18:51:49,7664,Afternoon with the baker
5/3/2017,18:52:38,7665,Afternoon with the baker
5/3/2017,18:54:16,7666,Afternoon with the baker
5/3/2017,18:54:16,7666,Afternoon with the baker
5/3/2017,18:56:39,7667,Afternoon with the baker
6/3/2017,8:18:07,7668,Jammie Dodgers
6/3/2017,8:26:42,7669,Coffee
6/3/2017,8:35:33,7670,Coffee
6/3/2017,8:37:57,7671,Coffee
6/3/2017,8:37:57,7671,Bread
6/3/2017,9:07:14,7672,Coffee
6/3/2017,9:11:23,7673,Bread
6/3/2017,10:04:54,7674,Bread
6/3/2017,10:22:32,7675,Coffee
6/3/2017,10:22:32,7675,Pastry
6/3/2017,10:27:02,7676,Bread
6/3/2017,10:34:54,7677,Tea
6/3/2017,10:34:54,7677,Pastry
6/3/2017,10:35:15,7678,Pastry
6/3/2017,10:39:55,7679,Tea
6/3/2017,10:40:19,7680,Coffee
6/3/2017,10:49:03,7681,Farm House
6/3/2017,11:00:46,7682,Coffee
6/3/2017,11:04:50,7683,Cookies
6/3/2017,11:04:50,7683,Pastry
6/3/2017,11:04:50,7683,Coffee
6/3/2017,11:04:50,7683,Coffee
6/3/2017,11:06:07,7684,Bread
6/3/2017,11:06:07,7684,Coffee
6/3/2017,11:06:07,7684,Toast
6/3/2017,11:13:41,7685,Tea
6/3/2017,11:13:41,7685,Coffee
6/3/2017,11:13:41,7685,Cake
6/3/2017,11:15:28,7686,Toast
6/3/2017,11:15:28,7686,Coffee
6/3/2017,11:46:44,7687,Coffee
6/3/2017,11:46:44,7687,Toast
6/3/2017,11:46:56,7688,Bread
6/3/2017,11:47:33,7689,Bread
6/3/2017,11:47:53,7690,Bread
6/3/2017,11:52:45,7691,Farm House
6/3/2017,11:52:45,7691,Cake
6/3/2017,11:58:53,7692,Soup
6/3/2017,11:58:53,7692,Coffee
6/3/2017,12:08:36,7693,Coffee
6/3/2017,12:21:16,7694,Bread
6/3/2017,12:21:16,7694,Sandwich
6/3/2017,12:24:23,7695,Bread
6/3/2017,12:27:23,7696,Juice
6/3/2017,12:27:23,7696,Coffee
6/3/2017,12:27:23,7696,Sandwich
6/3/2017,12:27:23,7696,Cake
6/3/2017,12:43:52,7697,Bread
6/3/2017,12:46:08,7698,Tea
6/3/2017,12:59:45,7699,Cake
6/3/2017,12:59:45,7699,Bread
6/3/2017,13:04:43,7700,Chicken Stew
6/3/2017,13:04:43,7700,Coffee
6/3/2017,13:09:13,7701,Coffee
6/3/2017,13:14:10,7702,Coffee
6/3/2017,13:14:10,7702,Salad
6/3/2017,13:15:35,7703,Soup
6/3/2017,13:15:35,7703,Bread
6/3/2017,13:36:33,7704,Bread
6/3/2017,13:36:33,7704,Cake
6/3/2017,14:00:44,7705,Bread
6/3/2017,14:03:43,7706,Coffee
6/3/2017,14:03:43,7706,Coffee
6/3/2017,14:03:43,7706,Cake
6/3/2017,14:03:43,7706,Sandwich
6/3/2017,14:03:43,7706,Sandwich
6/3/2017,14:04:40,7707,Cake
6/3/2017,14:04:40,7707,Truffles
6/3/2017,14:04:40,7707,Tea
6/3/2017,14:04:40,7707,Coffee
6/3/2017,14:04:40,7707,Salad
6/3/2017,14:04:40,7707,Chicken Stew
6/3/2017,14:22:12,7708,Coffee
6/3/2017,14:22:12,7708,Juice
6/3/2017,14:22:12,7708,Drinking chocolate spoons
6/3/2017,14:26:46,7709,Bread
6/3/2017,14:26:46,7709,Sandwich
6/3/2017,14:26:46,7709,Coffee
6/3/2017,14:26:46,7709,Coffee
6/3/2017,14:26:46,7709,Soup
6/3/2017,14:26:46,7709,Cake
6/3/2017,14:37:02,7710,Juice
6/3/2017,14:37:25,7711,Tea
6/3/2017,14:46:18,7712,Bread
6/3/2017,15:15:37,7713,Tea
6/3/2017,15:15:37,7713,Hot chocolate
6/3/2017,15:15:37,7713,Cake
6/3/2017,15:48:38,7714,Tea
6/3/2017,15:48:38,7714,Coffee
6/3/2017,15:48:38,7714,Toast
6/3/2017,15:48:38,7714,Pastry
6/3/2017,16:37:51,7715,Coffee
6/3/2017,16:37:51,7715,Cake
6/3/2017,16:46:23,7716,Afternoon with the baker
7/3/2017,8:27:43,7717,Bread
7/3/2017,9:00:31,7718,Coffee
7/3/2017,9:02:03,7719,Toast
7/3/2017,9:02:03,7719,Coffee
7/3/2017,9:14:23,7720,Bread
7/3/2017,9:14:23,7720,Cookies
7/3/2017,9:14:23,7720,Pastry
7/3/2017,9:25:01,7721,Coke
7/3/2017,9:25:23,7722,Coffee
7/3/2017,9:25:51,7723,Coffee
7/3/2017,9:25:51,7723,Tea
7/3/2017,9:40:45,7724,Bread
7/3/2017,9:40:45,7724,Pastry
7/3/2017,9:44:12,7725,Coffee
7/3/2017,9:46:56,7726,Coffee
7/3/2017,9:48:40,7727,Bread
7/3/2017,9:48:40,7727,Pastry
7/3/2017,9:57:45,7728,Baguette
7/3/2017,10:00:22,7729,Bread
7/3/2017,10:09:12,7730,Coffee
7/3/2017,10:15:13,7731,Tea
7/3/2017,10:15:13,7731,Coffee
7/3/2017,10:20:14,7732,Coffee
7/3/2017,10:20:14,7732,Coffee
7/3/2017,10:20:14,7732,Granola
7/3/2017,10:30:07,7733,Coffee
7/3/2017,10:35:15,7734,Bread
7/3/2017,10:48:31,7735,Bread
7/3/2017,10:48:31,7735,Sandwich
7/3/2017,10:50:52,7736,Coffee
7/3/2017,10:58:45,7737,Coffee
7/3/2017,11:07:30,7738,Bread
7/3/2017,11:07:30,7738,Toast
7/3/2017,11:13:53,7739,Hot chocolate
7/3/2017,11:13:53,7739,Coffee
7/3/2017,11:13:53,7739,Pastry
7/3/2017,11:13:53,7739,Cookies
7/3/2017,11:14:29,7740,Coffee
7/3/2017,11:14:29,7740,Coffee
7/3/2017,11:14:29,7740,Bread
7/3/2017,11:14:29,7740,Cookies
7/3/2017,11:38:29,7741,Baguette
7/3/2017,11:40:58,7742,Bread
7/3/2017,11:40:58,7742,Tea
7/3/2017,11:45:58,7743,Coffee
7/3/2017,11:50:26,7744,Coffee
7/3/2017,11:52:19,7745,Bread
7/3/2017,12:12:30,7746,Coffee
7/3/2017,12:12:30,7746,Bread
7/3/2017,12:12:30,7746,Pastry
7/3/2017,12:13:56,7747,Bread
7/3/2017,12:17:15,7748,Pastry
7/3/2017,12:17:15,7748,Coffee
7/3/2017,12:17:15,7748,Bread
7/3/2017,12:17:15,7748,Spanish Brunch
7/3/2017,12:19:39,7749,Soup
7/3/2017,12:19:39,7749,Coffee
7/3/2017,12:19:39,7749,Coffee
7/3/2017,12:21:04,7750,Bread
7/3/2017,12:21:04,7750,Salad
7/3/2017,12:21:04,7750,Spanish Brunch
7/3/2017,12:21:04,7750,Jam
7/3/2017,12:36:41,7751,Tea
7/3/2017,12:36:41,7751,Soup
7/3/2017,12:58:53,7753,Coffee
7/3/2017,12:58:53,7753,Soup
7/3/2017,12:58:53,7753,Sandwich
7/3/2017,13:27:09,7754,Hot chocolate
7/3/2017,13:27:09,7754,Coffee
7/3/2017,13:27:09,7754,Sandwich
7/3/2017,13:27:09,7754,Cake
7/3/2017,13:28:11,7755,Coffee
7/3/2017,13:28:11,7755,Salad
7/3/2017,13:28:11,7755,Tiffin
7/3/2017,13:30:05,7756,Hot chocolate
7/3/2017,13:30:05,7756,Coffee
7/3/2017,13:30:05,7756,Sandwich
7/3/2017,13:30:05,7756,Cake
7/3/2017,13:36:33,7757,Coffee
7/3/2017,13:36:33,7757,Soup
7/3/2017,13:36:33,7757,Spanish Brunch
7/3/2017,13:52:37,7758,Cookies
7/3/2017,13:53:17,7759,Farm House
7/3/2017,14:08:11,7760,Farm House
7/3/2017,14:08:11,7760,Soup
7/3/2017,14:08:11,7760,Salad
7/3/2017,14:08:11,7760,Spanish Brunch
7/3/2017,14:08:11,7760,Toast
7/3/2017,14:08:11,7760,Coffee
7/3/2017,14:08:11,7760,Coffee
7/3/2017,14:14:53,7761,Fudge
7/3/2017,14:23:26,7762,Chicken Stew
7/3/2017,14:23:26,7762,Tea
7/3/2017,14:32:10,7763,Farm House
7/3/2017,14:33:57,7764,Cake
7/3/2017,14:33:57,7764,Tiffin
7/3/2017,14:33:57,7764,Coffee
7/3/2017,14:33:57,7764,Coffee
7/3/2017,14:37:23,7765,Spanish Brunch
7/3/2017,14:37:23,7765,Tea
7/3/2017,14:44:39,7766,Bread
7/3/2017,14:44:54,7767,Coffee
7/3/2017,14:52:50,7768,Pastry
7/3/2017,14:52:50,7768,Tiffin
7/3/2017,14:52:50,7768,Truffles
7/3/2017,14:52:50,7768,Bread
7/3/2017,14:52:50,7768,Soup
7/3/2017,15:28:48,7769,Bread
7/3/2017,15:39:33,7770,Bread
7/3/2017,15:39:33,7770,Pastry
7/3/2017,15:42:17,7771,Coffee
7/3/2017,15:42:17,7771,Cake
7/3/2017,15:58:36,7772,Tea
7/3/2017,15:58:36,7772,Tea
7/3/2017,15:58:36,7772,Cake
7/3/2017,15:58:36,7772,Cake
7/3/2017,16:09:28,7773,Cake
7/3/2017,16:09:28,7773,Tea
8/3/2017,9:00:03,7774,Hot chocolate
8/3/2017,9:00:03,7774,Coffee
8/3/2017,9:00:03,7774,Bread
8/3/2017,9:01:07,7775,Bread
8/3/2017,9:17:48,7776,Bread
8/3/2017,9:17:48,7776,Bread
8/3/2017,9:41:07,7777,Bread
8/3/2017,9:42:16,7778,Bread
8/3/2017,9:42:16,7778,Pastry
8/3/2017,9:45:43,7779,Pastry
8/3/2017,9:45:43,7779,Coffee
8/3/2017,9:52:02,7780,Medialuna
8/3/2017,9:52:02,7780,Bread
8/3/2017,10:01:33,7781,Toast
8/3/2017,10:01:33,7781,Bread
8/3/2017,10:08:54,7782,Bread
8/3/2017,10:11:42,7783,Coffee
8/3/2017,10:11:42,7783,Coffee
8/3/2017,10:11:42,7783,Cake
8/3/2017,10:17:53,7784,Tea
8/3/2017,10:17:53,7784,Tea
8/3/2017,10:17:53,7784,Bread
8/3/2017,10:17:53,7784,Coffee
8/3/2017,10:17:53,7784,Pastry
8/3/2017,10:22:10,7785,Bread
8/3/2017,11:03:24,7786,Pastry
8/3/2017,11:25:42,7787,Bread
8/3/2017,11:27:14,7788,Baguette
8/3/2017,12:05:13,7789,Coffee
8/3/2017,12:05:13,7789,Coffee
8/3/2017,12:05:13,7789,Pastry
8/3/2017,12:21:19,7790,Bread
8/3/2017,13:08:19,7791,Coffee
8/3/2017,13:08:19,7791,Coffee
8/3/2017,13:09:14,7792,Coffee
8/3/2017,13:09:14,7792,Coffee
8/3/2017,13:09:14,7792,Chicken Stew
8/3/2017,13:09:14,7792,Salad
8/3/2017,13:11:43,7793,Bread
8/3/2017,13:12:08,7794,Soup
8/3/2017,13:22:39,7795,Truffles
8/3/2017,13:22:39,7795,Coffee
8/3/2017,13:22:39,7795,Sandwich
8/3/2017,13:22:39,7795,Sandwich
8/3/2017,13:22:39,7795,Bread
8/3/2017,13:28:54,7796,Soup
8/3/2017,13:28:54,7796,Soup
8/3/2017,13:28:54,7796,Mineral water
8/3/2017,13:28:54,7796,Farm House
8/3/2017,13:53:14,7797,Bread
8/3/2017,13:53:48,7798,Coffee
8/3/2017,13:53:48,7798,Tea
8/3/2017,13:53:48,7798,Soup
8/3/2017,14:15:18,7799,Chicken Stew
8/3/2017,14:16:09,7800,Coffee
8/3/2017,15:02:44,7801,Cake
8/3/2017,15:02:44,7801,Jammie Dodgers
8/3/2017,15:05:35,7802,Bread
8/3/2017,15:08:13,7803,Coffee
8/3/2017,15:08:13,7803,Coffee
8/3/2017,15:08:13,7803,Coffee
8/3/2017,15:08:13,7803,Tea
8/3/2017,15:08:13,7803,Cake
8/3/2017,15:08:13,7803,Scone
8/3/2017,15:08:13,7803,Sandwich
8/3/2017,15:08:13,7803,Sandwich
8/3/2017,15:41:19,7804,Baguette
8/3/2017,16:04:48,7805,Tea
8/3/2017,16:04:48,7805,Juice
8/3/2017,16:04:48,7805,Scone
8/3/2017,16:04:48,7805,Cake
8/3/2017,16:59:45,7806,Bread
8/3/2017,16:59:45,7806,Pastry
8/3/2017,17:05:43,7807,Coffee
8/3/2017,17:05:43,7807,Tiffin
8/3/2017,17:05:43,7807,Cake
8/3/2017,17:05:43,7807,Truffles
9/3/2017,8:34:38,7808,Coffee
9/3/2017,8:34:38,7808,Jammie Dodgers
9/3/2017,8:35:05,7809,Coffee
9/3/2017,8:35:05,7809,Toast
9/3/2017,8:38:28,7810,Bread
9/3/2017,9:06:47,7811,Pastry
9/3/2017,9:06:47,7811,Coffee
9/3/2017,9:41:08,7812,Coffee
9/3/2017,10:03:31,7813,Coffee
9/3/2017,10:03:31,7813,Toast
9/3/2017,10:03:31,7813,Bread
9/3/2017,10:03:55,7814,Baguette
9/3/2017,10:06:43,7815,Coffee
9/3/2017,10:06:43,7815,Toast
9/3/2017,10:11:11,7816,Coffee
9/3/2017,10:11:11,7816,Tea
9/3/2017,10:11:11,7816,Cake
9/3/2017,10:11:11,7816,Bread
9/3/2017,10:13:58,7817,Bread
9/3/2017,10:13:58,7817,Hot chocolate
9/3/2017,10:22:10,7818,Coffee
9/3/2017,10:22:10,7818,Baguette
9/3/2017,10:58:58,7819,Tiffin
9/3/2017,10:58:58,7819,Cake
9/3/2017,11:12:57,7820,Coffee
9/3/2017,11:14:17,7821,Coffee
9/3/2017,11:17:12,7822,Cake
9/3/2017,11:17:12,7822,Juice
9/3/2017,11:37:24,7823,Bread
9/3/2017,11:52:36,7824,Coffee
9/3/2017,11:52:36,7824,Tiffin
9/3/2017,12:35:44,7825,Tea
9/3/2017,12:35:44,7825,Sandwich
9/3/2017,12:36:22,7826,Sandwich
9/3/2017,12:36:22,7826,Tea
9/3/2017,12:37:45,7827,Coffee
9/3/2017,12:37:45,7827,Chicken Stew
9/3/2017,12:56:06,7828,Sandwich
9/3/2017,12:56:06,7828,Cookies
9/3/2017,12:58:13,7829,Salad
9/3/2017,12:58:13,7829,Coffee
9/3/2017,12:58:13,7829,Juice
9/3/2017,13:00:24,7830,Tea
9/3/2017,13:00:24,7830,Bread
9/3/2017,13:00:24,7830,Salad
9/3/2017,13:00:24,7830,Sandwich
9/3/2017,13:13:39,7831,Bread
9/3/2017,13:13:39,7831,Pastry
9/3/2017,13:13:39,7831,Truffles
9/3/2017,13:15:30,7832,Bread
9/3/2017,13:15:30,7832,Scandinavian
9/3/2017,13:16:19,7833,Chicken Stew
9/3/2017,13:16:19,7833,Coffee
9/3/2017,13:17:53,7834,Soup
9/3/2017,13:30:41,7835,Coffee
9/3/2017,13:30:41,7835,Sandwich
9/3/2017,13:31:42,7836,Cookies
9/3/2017,13:31:42,7836,Soup
9/3/2017,13:32:14,7837,Christmas common
9/3/2017,13:39:20,7838,Coffee
9/3/2017,14:13:36,7839,Soup
9/3/2017,14:13:36,7839,Sandwich
9/3/2017,14:13:36,7839,Coffee
9/3/2017,14:13:36,7839,Medialuna
9/3/2017,14:16:50,7840,Coffee
9/3/2017,14:16:50,7840,Coffee
9/3/2017,14:16:50,7840,Hot chocolate
9/3/2017,14:16:50,7840,Coffee
9/3/2017,14:16:50,7840,Pastry
9/3/2017,14:16:50,7840,Cake
9/3/2017,14:23:53,7841,Coffee
9/3/2017,14:33:27,7842,Pastry
9/3/2017,14:35:39,7843,Bread
9/3/2017,14:35:39,7843,Coffee
9/3/2017,14:35:39,7843,Pastry
9/3/2017,14:35:39,7843,Chicken Stew
9/3/2017,14:38:58,7844,Coffee
9/3/2017,14:58:25,7845,Tea
9/3/2017,14:58:25,7845,Cake
9/3/2017,15:08:48,7846,Truffles
9/3/2017,15:08:48,7846,Spanish Brunch
9/3/2017,15:08:48,7846,Cake
9/3/2017,15:08:48,7846,Coffee
9/3/2017,15:09:23,7847,Truffles
9/3/2017,15:09:23,7847,Spanish Brunch
9/3/2017,15:09:23,7847,Cake
9/3/2017,15:22:27,7848,Bread
9/3/2017,15:22:27,7848,Tea
9/3/2017,15:22:27,7848,Scone
9/3/2017,15:23:06,7849,Coke
9/3/2017,15:23:06,7849,Tea
9/3/2017,15:42:32,7850,Tea
9/3/2017,15:42:32,7850,Cake
9/3/2017,16:16:51,7851,Coke
9/3/2017,16:40:48,7852,Bread
9/3/2017,16:40:48,7852,Cake
9/3/2017,16:40:48,7852,Coffee
9/3/2017,16:40:48,7852,Bread
9/3/2017,17:19:00,7853,Coffee
9/3/2017,17:19:00,7853,Coffee
9/3/2017,17:19:00,7853,Tea
9/3/2017,17:19:00,7853,Cake
9/3/2017,17:19:00,7853,Scone
9/3/2017,17:19:00,7853,Cookies
10/3/2017,8:05:41,7854,Coffee
10/3/2017,8:14:22,7855,Coffee
10/3/2017,8:26:51,7856,Coffee
10/3/2017,8:37:21,7857,Bread
10/3/2017,8:42:42,7858,Coffee
10/3/2017,8:42:42,7858,Bread
10/3/2017,8:42:42,7858,Pastry
10/3/2017,8:45:43,7859,Coffee
10/3/2017,8:45:43,7859,Bread
10/3/2017,8:45:43,7859,Spanish Brunch
10/3/2017,8:47:01,7860,Bread
10/3/2017,8:47:01,7860,Toast
10/3/2017,8:48:49,7861,Bread
10/3/2017,8:51:52,7862,Baguette
10/3/2017,8:57:45,7863,Coffee
10/3/2017,8:57:45,7863,Pastry
10/3/2017,9:01:22,7864,Hot chocolate
10/3/2017,9:01:22,7864,Tea
10/3/2017,9:01:22,7864,Cake
10/3/2017,9:04:36,7865,Coffee
10/3/2017,9:04:36,7865,Bread
10/3/2017,9:05:33,7866,Bread
10/3/2017,9:05:33,7866,Bread
10/3/2017,9:05:33,7866,Pastry
10/3/2017,9:08:06,7867,Coffee
10/3/2017,9:20:05,7868,Pastry
10/3/2017,9:20:05,7868,Pastry
10/3/2017,9:23:03,7869,Bread
10/3/2017,9:23:03,7869,Coffee
10/3/2017,9:23:03,7869,Coffee
10/3/2017,9:23:03,7869,Bread
10/3/2017,9:23:03,7869,Toast
10/3/2017,9:37:00,7870,Coffee
10/3/2017,9:51:26,7871,Bread
10/3/2017,9:59:22,7872,Coffee
10/3/2017,10:02:09,7873,Bread
10/3/2017,10:02:09,7873,Cookies
10/3/2017,10:03:59,7874,Medialuna
10/3/2017,10:03:59,7874,Bread
10/3/2017,10:08:00,7875,Tea
10/3/2017,10:19:30,7876,Coffee
10/3/2017,10:19:30,7876,Cake
10/3/2017,10:19:30,7876,Jam
10/3/2017,10:19:30,7876,Truffles
10/3/2017,10:23:23,7877,Coffee
10/3/2017,10:23:23,7877,Coffee
10/3/2017,10:23:23,7877,Juice
10/3/2017,10:23:23,7877,Pastry
10/3/2017,10:23:23,7877,Cookies
10/3/2017,10:39:31,7878,Coffee
10/3/2017,10:39:31,7878,Tiffin
10/3/2017,10:39:31,7878,Bread
10/3/2017,10:45:21,7879,Cake
10/3/2017,10:45:21,7879,Cookies
10/3/2017,10:45:21,7879,Cookies
10/3/2017,10:45:21,7879,Coffee
10/3/2017,10:45:21,7879,Coffee
10/3/2017,10:45:21,7879,Juice
10/3/2017,10:47:56,7880,Vegan Feast
10/3/2017,10:47:56,7880,Pastry
10/3/2017,10:47:56,7880,Coffee
10/3/2017,10:47:56,7880,Coffee
10/3/2017,10:52:44,7881,Coffee
10/3/2017,10:52:44,7881,Pastry
10/3/2017,10:56:53,7882,Coffee
10/3/2017,10:56:53,7882,Bread
10/3/2017,11:00:49,7883,Bread
10/3/2017,11:00:49,7883,Coffee
10/3/2017,11:02:27,7884,Bread
10/3/2017,11:07:13,7885,Coffee
10/3/2017,11:07:13,7885,Coffee
10/3/2017,11:07:13,7885,Medialuna
10/3/2017,11:18:26,7886,Coffee
10/3/2017,11:19:39,7887,Coffee
10/3/2017,11:19:39,7887,Tea
10/3/2017,11:19:39,7887,Tiffin
10/3/2017,11:31:47,7888,Bread
10/3/2017,11:31:47,7888,Bread
10/3/2017,11:56:58,7889,Brownie
10/3/2017,12:23:25,7890,Coffee
10/3/2017,12:37:25,7891,Tea
10/3/2017,12:37:25,7891,Sandwich
10/3/2017,12:37:25,7891,Sandwich
10/3/2017,12:38:00,7892,Coffee
10/3/2017,12:38:00,7892,Tiffin
10/3/2017,12:41:31,7893,Bread
10/3/2017,12:41:31,7893,Scone
10/3/2017,12:43:46,7894,Soup
10/3/2017,12:43:46,7894,Salad
10/3/2017,12:43:46,7894,Bread
10/3/2017,12:55:07,7895,Sandwich
10/3/2017,12:55:07,7895,Coke
10/3/2017,13:04:26,7896,Toast
10/3/2017,13:04:26,7896,Coffee
10/3/2017,13:04:26,7896,Bread
10/3/2017,13:08:18,7897,Cake
10/3/2017,13:08:18,7897,Sandwich
10/3/2017,13:08:18,7897,Sandwich
10/3/2017,13:08:18,7897,Coffee
10/3/2017,13:27:58,7898,Truffles
10/3/2017,13:27:58,7898,Soup
10/3/2017,13:30:46,7899,Vegan mincepie
10/3/2017,13:30:46,7899,Cookies
10/3/2017,13:30:46,7899,Tiffin
10/3/2017,13:30:46,7899,Bread
10/3/2017,13:32:52,7900,Cookies
10/3/2017,13:44:36,7901,Soup
10/3/2017,13:47:14,7902,Coffee
10/3/2017,13:47:14,7902,Spanish Brunch
10/3/2017,13:50:59,7903,Coffee
10/3/2017,13:50:59,7903,Scone
10/3/2017,13:56:31,7904,Bread
10/3/2017,13:56:31,7904,Coffee
10/3/2017,13:56:31,7904,Sandwich
10/3/2017,13:58:43,7905,Salad
10/3/2017,13:58:43,7905,Spanish Brunch
10/3/2017,13:58:43,7905,Coke
10/3/2017,14:03:01,7906,Coffee
10/3/2017,14:03:01,7906,Tea
10/3/2017,14:03:01,7906,Bread
10/3/2017,14:03:01,7906,Tiffin
10/3/2017,14:03:01,7906,Chicken Stew
10/3/2017,14:10:04,7907,Tea
10/3/2017,14:10:04,7907,Bread
10/3/2017,14:10:04,7907,Cake
10/3/2017,14:23:07,7908,Truffles
10/3/2017,14:23:07,7908,Mineral water
10/3/2017,14:23:07,7908,Bread
10/3/2017,14:23:07,7908,Scone
10/3/2017,14:23:07,7908,Spanish Brunch
10/3/2017,14:58:04,7909,Coffee
10/3/2017,16:40:07,7910,Truffles
10/3/2017,16:40:07,7910,Cake
10/3/2017,16:41:09,7911,Coffee
10/3/2017,16:52:50,7912,Coffee
10/3/2017,16:52:50,7912,Bread
10/3/2017,16:54:36,7913,Cookies
10/3/2017,16:54:36,7913,Tiffin
10/3/2017,16:57:18,7914,Tea
11/3/2017,8:37:34,7915,Medialuna
11/3/2017,8:37:34,7915,Medialuna
11/3/2017,8:37:34,7915,Coffee
11/3/2017,8:59:12,7916,Coffee
11/3/2017,8:59:12,7916,Toast
11/3/2017,8:59:34,7917,Baguette
11/3/2017,8:59:34,7917,Farm House
11/3/2017,9:01:03,7918,Medialuna
11/3/2017,9:02:53,7919,Cake
11/3/2017,9:02:53,7919,Bread
11/3/2017,9:03:40,7920,Bread
11/3/2017,9:07:31,7921,Coffee
11/3/2017,9:07:31,7921,Tea
11/3/2017,9:08:15,7922,The Nomad
11/3/2017,9:08:15,7922,Coffee
11/3/2017,9:08:15,7922,Medialuna
11/3/2017,9:10:06,7923,Duck egg
11/3/2017,9:10:06,7923,Tea
11/3/2017,9:18:17,7924,Coffee
11/3/2017,9:18:17,7924,Coffee
11/3/2017,9:18:17,7924,Scone
11/3/2017,9:18:17,7924,Bread
11/3/2017,9:25:28,7925,Scandinavian
11/3/2017,9:25:28,7925,Tea
11/3/2017,9:25:28,7925,Coffee
11/3/2017,9:44:39,7926,Scandinavian
11/3/2017,9:44:39,7926,Bread
11/3/2017,9:45:28,7927,Chocolates
11/3/2017,9:45:28,7927,Coffee
11/3/2017,9:45:28,7927,Coke
11/3/2017,9:56:37,7928,Coffee
11/3/2017,9:56:37,7928,Coffee
11/3/2017,9:56:37,7928,Bread
11/3/2017,9:57:50,7929,Tea
11/3/2017,9:57:50,7929,Tea
11/3/2017,9:57:50,7929,Juice
11/3/2017,10:14:53,7930,Scone
11/3/2017,10:14:53,7930,Pastry
11/3/2017,10:14:53,7930,Coffee
11/3/2017,10:15:36,7931,Coffee
11/3/2017,10:15:36,7931,Coffee
11/3/2017,10:33:59,7932,Baguette
11/3/2017,10:38:52,7933,Tea
11/3/2017,10:38:52,7933,Tea
11/3/2017,10:38:52,7933,Spanish Brunch
11/3/2017,10:38:52,7933,Fudge
11/3/2017,10:38:52,7933,Jam
11/3/2017,10:45:44,7934,Coffee
11/3/2017,10:45:44,7934,Spanish Brunch
11/3/2017,10:45:44,7934,Truffles
11/3/2017,11:01:26,7935,Scone
11/3/2017,11:01:26,7935,Cake
11/3/2017,11:01:26,7935,Scandinavian
11/3/2017,11:03:01,7936,Coffee
11/3/2017,11:04:28,7937,Sandwich
11/3/2017,11:04:28,7937,Coffee
11/3/2017,11:05:00,7938,Bread
11/3/2017,11:05:00,7938,Farm House
11/3/2017,11:06:48,7939,Bread
11/3/2017,11:06:48,7939,Toast
11/3/2017,11:06:48,7939,Cookies
11/3/2017,11:09:01,7940,Bread
11/3/2017,11:14:43,7941,Farm House
11/3/2017,11:14:43,7941,Coffee
11/3/2017,11:14:43,7941,Cookies
11/3/2017,11:30:56,7942,Spanish Brunch
11/3/2017,11:30:56,7942,Bread
11/3/2017,11:30:56,7942,Cake
11/3/2017,11:30:56,7942,Medialuna
11/3/2017,11:30:56,7942,Coffee
11/3/2017,11:30:56,7942,Brownie
11/3/2017,11:32:08,7943,Pastry
11/3/2017,11:32:08,7943,Coffee
11/3/2017,11:32:08,7943,Soup
11/3/2017,11:32:08,7943,Sandwich
11/3/2017,11:42:52,7944,Muffin
11/3/2017,11:43:57,7945,Tea
11/3/2017,11:45:05,7946,Tiffin
11/3/2017,11:47:40,7947,Bread
11/3/2017,11:47:40,7947,Coffee
11/3/2017,11:51:09,7948,Bread
11/3/2017,11:53:37,7949,Hot chocolate
11/3/2017,11:53:37,7949,Bread
11/3/2017,11:53:37,7949,Cookies
11/3/2017,12:14:14,7950,Bread
11/3/2017,12:14:14,7950,Juice
11/3/2017,12:14:14,7950,Cake
11/3/2017,12:14:14,7950,Jammie Dodgers
11/3/2017,12:14:45,7951,Scone
11/3/2017,12:14:45,7951,Bread
11/3/2017,12:25:40,7952,Tea
11/3/2017,12:25:40,7952,Bread
11/3/2017,12:25:40,7952,Hot chocolate
11/3/2017,12:25:40,7952,Tiffin
11/3/2017,12:28:11,7953,Coffee
11/3/2017,12:28:11,7953,Bread
11/3/2017,12:34:38,7954,Coffee
11/3/2017,12:37:03,7955,Cake
11/3/2017,12:37:03,7955,Granola
11/3/2017,12:37:03,7955,Coffee
11/3/2017,12:37:03,7955,Sandwich
11/3/2017,12:37:03,7955,Coffee
11/3/2017,12:38:04,7956,Scone
11/3/2017,12:43:26,7957,Pastry
11/3/2017,12:43:26,7957,Sandwich
11/3/2017,12:49:35,7958,Sandwich
11/3/2017,12:49:35,7958,Sandwich
11/3/2017,12:49:35,7958,Coffee
11/3/2017,12:49:35,7958,Coffee
11/3/2017,12:51:08,7959,Bread
11/3/2017,12:51:08,7959,Pastry
11/3/2017,12:51:08,7959,Cake
11/3/2017,12:55:44,7960,Pastry
11/3/2017,13:04:45,7961,Brownie
11/3/2017,13:04:45,7961,Drinking chocolate spoons
11/3/2017,13:04:45,7961,Bread
11/3/2017,13:04:45,7961,Coffee
11/3/2017,13:04:45,7961,Sandwich
11/3/2017,13:04:45,7961,Sandwich
11/3/2017,13:13:28,7962,Coffee
11/3/2017,13:13:28,7962,Coffee
11/3/2017,13:13:28,7962,Sandwich
11/3/2017,13:13:28,7962,Sandwich
11/3/2017,13:18:46,7963,Jammie Dodgers
11/3/2017,13:18:46,7963,Bread
11/3/2017,13:26:51,7964,Tea
11/3/2017,13:26:51,7964,Cake
11/3/2017,13:33:57,7965,Coffee
11/3/2017,13:33:57,7965,Coffee
11/3/2017,13:38:15,7966,Tea
11/3/2017,13:38:15,7966,Juice
11/3/2017,13:38:15,7966,Muffin
11/3/2017,13:38:15,7966,Salad
11/3/2017,13:39:01,7967,Tea
11/3/2017,13:39:01,7967,Spanish Brunch
11/3/2017,14:13:31,7968,Spanish Brunch
11/3/2017,14:13:31,7968,Sandwich
11/3/2017,14:13:31,7968,Toast
11/3/2017,14:13:31,7968,Cake
11/3/2017,14:13:31,7968,Medialuna
11/3/2017,14:13:31,7968,Chicken Stew
11/3/2017,14:16:51,7969,Bread
11/3/2017,14:26:13,7970,Soup
11/3/2017,14:26:13,7970,Bread
11/3/2017,14:28:49,7971,Bread
11/3/2017,14:28:49,7971,Coffee
11/3/2017,14:28:49,7971,Juice
11/3/2017,14:28:49,7971,Scone
11/3/2017,14:30:13,7972,Coffee
11/3/2017,14:30:13,7972,Toast
11/3/2017,14:30:13,7972,Scone
11/3/2017,14:34:30,7973,Bread
11/3/2017,14:38:18,7974,Bread
11/3/2017,14:38:18,7974,Bread
11/3/2017,14:38:18,7974,Cake
11/3/2017,14:39:02,7975,Brownie
11/3/2017,14:39:02,7975,Coke
11/3/2017,14:48:36,7976,Coffee
11/3/2017,14:48:36,7976,Sandwich
11/3/2017,15:02:31,7977,Bread
11/3/2017,15:02:31,7977,Jammie Dodgers
11/3/2017,15:02:31,7977,Cake
11/3/2017,15:09:20,7978,Coffee
11/3/2017,15:09:20,7978,Bread
11/3/2017,15:09:20,7978,Scone
11/3/2017,15:11:07,7979,Coffee
11/3/2017,15:11:07,7979,Coffee
11/3/2017,15:11:07,7979,Scone
11/3/2017,15:11:07,7979,Cake
11/3/2017,15:12:46,7980,Sandwich
11/3/2017,15:12:46,7980,Coffee
11/3/2017,15:12:46,7980,Coffee
11/3/2017,15:38:20,7981,Argentina Night
11/3/2017,15:38:20,7981,Vegan Feast
11/3/2017,15:43:23,7982,Coffee
11/3/2017,15:43:23,7982,Cake
11/3/2017,15:47:00,7983,Cake
11/3/2017,15:47:00,7983,Tea
11/3/2017,15:49:25,7984,Tea
11/3/2017,15:49:25,7984,Cake
11/3/2017,15:49:25,7984,Scone
11/3/2017,16:16:12,7985,Bread
11/3/2017,16:18:32,7986,Bread
11/3/2017,16:21:08,7987,Coffee
11/3/2017,16:27:31,7988,Coffee
11/3/2017,16:27:31,7988,Cake
11/3/2017,16:49:44,7989,Coffee
11/3/2017,17:00:08,7990,Coffee
11/3/2017,17:11:48,7991,Bread
11/3/2017,17:11:48,7991,Juice
11/3/2017,17:11:48,7991,Muffin
11/3/2017,17:11:48,7991,Cookies
11/3/2017,17:13:48,7992,The Nomad
11/3/2017,17:13:48,7992,Duck egg
11/3/2017,17:13:48,7992,Coffee
11/3/2017,17:13:48,7992,Coffee
11/3/2017,17:13:48,7992,Tea
11/3/2017,17:15:11,7993,Coffee
11/3/2017,17:15:11,7993,Muffin
11/3/2017,17:16:37,7994,Hot chocolate
11/3/2017,17:16:37,7994,Coffee
11/3/2017,17:16:37,7994,Scone
11/3/2017,17:16:37,7994,Cake
12/3/2017,9:32:42,7995,Coffee
12/3/2017,9:32:42,7995,Pastry
12/3/2017,9:59:30,7996,Coffee
12/3/2017,9:59:30,7996,Pastry
12/3/2017,10:12:45,7997,Scone
12/3/2017,10:12:45,7997,Bread
12/3/2017,10:17:42,7998,Bread
12/3/2017,10:21:21,7999,Coffee
12/3/2017,10:21:21,7999,Sandwich
12/3/2017,10:21:21,7999,Brownie
12/3/2017,10:22:42,8000,Coffee
12/3/2017,10:22:42,8000,Cake
12/3/2017,10:27:06,8001,Scone
12/3/2017,10:27:06,8001,Coffee
12/3/2017,10:27:06,8001,Coffee
12/3/2017,10:27:06,8001,Spanish Brunch
12/3/2017,10:28:29,8002,Coffee
12/3/2017,10:28:29,8002,Coffee
12/3/2017,11:02:50,8003,Bread
12/3/2017,11:02:50,8003,Coffee
12/3/2017,11:13:04,8004,Coffee
12/3/2017,11:13:04,8004,Spanish Brunch
12/3/2017,11:13:41,8005,Spanish Brunch
12/3/2017,11:13:41,8005,Coffee
12/3/2017,11:27:18,8006,Bread
12/3/2017,11:36:18,8007,Cake
12/3/2017,11:36:18,8007,Muffin
12/3/2017,11:36:18,8007,Vegan Feast
12/3/2017,11:45:59,8008,Bread
12/3/2017,11:45:59,8008,Bread
12/3/2017,11:45:59,8008,Brownie
12/3/2017,11:58:39,8009,Coffee
12/3/2017,12:03:01,8010,Bread
12/3/2017,12:03:01,8010,Coffee
12/3/2017,12:07:39,8011,Coffee
12/3/2017,12:07:39,8011,Coffee
12/3/2017,12:07:39,8011,Bread
12/3/2017,12:07:39,8011,Hot chocolate
12/3/2017,12:07:39,8011,Cake
12/3/2017,12:07:39,8011,Cake
12/3/2017,12:07:39,8011,Vegan mincepie
12/3/2017,12:07:39,8011,Bread
12/3/2017,12:08:38,8012,Tea
12/3/2017,12:08:38,8012,Muffin
12/3/2017,12:08:38,8012,Jammie Dodgers
12/3/2017,12:09:07,8013,Bread
12/3/2017,12:12:37,8014,Tea
12/3/2017,12:21:11,8015,Pastry
12/3/2017,12:21:11,8015,Scone
12/3/2017,12:21:11,8015,Coffee
12/3/2017,12:21:11,8015,Tea
12/3/2017,12:32:01,8016,Coffee
12/3/2017,12:32:01,8016,Pastry
12/3/2017,12:33:04,8017,Baguette
12/3/2017,12:34:03,8018,Cookies
12/3/2017,12:34:03,8018,Coffee
12/3/2017,12:35:15,8019,Coffee
12/3/2017,12:48:22,8020,Coffee
12/3/2017,12:49:05,8021,Bread
12/3/2017,13:03:09,8022,Coffee
12/3/2017,13:03:09,8022,Truffles
12/3/2017,13:03:09,8022,Juice
12/3/2017,13:12:47,8023,Coffee
12/3/2017,13:16:18,8024,Coffee
12/3/2017,13:18:27,8025,Smoothies
12/3/2017,13:18:27,8025,Spanish Brunch
12/3/2017,13:25:01,8026,Coffee
12/3/2017,13:25:01,8026,Juice
12/3/2017,13:25:01,8026,Toast
12/3/2017,13:25:01,8026,Muffin
12/3/2017,13:44:57,8027,Bread
12/3/2017,13:49:15,8028,The Nomad
12/3/2017,13:49:15,8028,Coffee
12/3/2017,13:51:47,8029,Hot chocolate
12/3/2017,13:54:10,8030,Bread
12/3/2017,13:54:10,8030,Spanish Brunch
12/3/2017,13:55:17,8031,Tea
12/3/2017,13:55:17,8031,Spanish Brunch
12/3/2017,13:56:32,8032,Coffee
12/3/2017,13:56:32,8032,Smoothies
12/3/2017,13:56:32,8032,Cookies
12/3/2017,13:56:32,8032,Medialuna
12/3/2017,13:56:32,8032,Scone
12/3/2017,13:58:29,8033,Half slice Monster
12/3/2017,13:58:29,8033,Tiffin
12/3/2017,13:58:29,8033,Coffee
12/3/2017,13:58:29,8033,Juice
12/3/2017,13:59:59,8034,Baguette
12/3/2017,14:08:26,8035,Coffee
12/3/2017,14:08:26,8035,Coke
12/3/2017,14:08:26,8035,Tea
12/3/2017,14:08:26,8035,Sandwich
12/3/2017,14:08:26,8035,Spanish Brunch
12/3/2017,14:14:33,8036,Bread
12/3/2017,14:17:11,8037,Hot chocolate
12/3/2017,14:17:11,8037,Coffee
12/3/2017,14:17:11,8037,Cookies
12/3/2017,14:18:30,8038,Soup
12/3/2017,14:18:30,8038,Coffee
12/3/2017,14:18:30,8038,Cake
12/3/2017,14:28:36,8039,Bread
12/3/2017,14:30:12,8040,Coffee
12/3/2017,14:32:26,8041,Bread
12/3/2017,14:32:26,8041,Mineral water
12/3/2017,14:32:26,8041,Drinking chocolate spoons
12/3/2017,14:32:26,8041,Coffee
12/3/2017,14:33:44,8042,Hot chocolate
12/3/2017,14:43:23,8043,Tea
12/3/2017,14:43:23,8043,Tea
12/3/2017,14:43:23,8043,Cake
12/3/2017,14:46:46,8044,Tea
12/3/2017,14:46:46,8044,Coffee
12/3/2017,14:46:46,8044,Cake
12/3/2017,14:46:46,8044,Jammie Dodgers
12/3/2017,15:00:54,8045,Medialuna
12/3/2017,15:01:14,8046,Scone
12/3/2017,15:10:41,8047,Hot chocolate
12/3/2017,15:10:41,8047,Cake
12/3/2017,15:14:32,8048,Medialuna
12/3/2017,15:14:32,8048,Muffin
12/3/2017,15:14:32,8048,Spanish Brunch
12/3/2017,15:14:32,8048,Chicken Stew
12/3/2017,15:14:32,8048,Coffee
12/3/2017,15:15:28,8049,Farm House
12/3/2017,15:16:19,8050,Coffee
12/3/2017,15:16:19,8050,Cake
12/3/2017,15:22:12,8051,Cake
12/3/2017,15:22:12,8051,Cookies
12/3/2017,15:22:12,8051,Tea
12/3/2017,15:22:12,8051,Coffee
12/3/2017,15:22:12,8051,Sandwich
12/3/2017,15:22:12,8051,Soup
12/3/2017,15:25:32,8052,Coffee
12/3/2017,15:25:32,8052,Cookies
12/3/2017,15:38:22,8053,Bread
12/3/2017,15:38:22,8053,Cake
12/3/2017,15:45:06,8054,Coffee
12/3/2017,15:45:06,8054,Coffee
12/3/2017,15:45:06,8054,Spanish Brunch
12/3/2017,15:45:06,8054,Sandwich
12/3/2017,15:45:55,8055,Coffee
12/3/2017,15:45:55,8055,Cookies
12/3/2017,16:28:00,8056,Bread
12/3/2017,16:28:00,8056,Hot chocolate
12/3/2017,16:28:00,8056,Sandwich
12/3/2017,16:28:00,8056,Chocolates
13/3/2017,8:21:24,8057,Pastry
13/3/2017,8:21:24,8057,Coffee
13/3/2017,8:36:43,8058,Coffee
13/3/2017,8:36:43,8058,Jammie Dodgers
13/3/2017,9:13:42,8059,Coffee
13/3/2017,9:16:55,8060,Cake
13/3/2017,9:31:19,8061,Pastry
13/3/2017,9:31:19,8061,Bread
13/3/2017,9:31:19,8061,Jam
13/3/2017,10:07:25,8062,Bread
13/3/2017,10:15:06,8063,Tea
13/3/2017,10:21:50,8064,Tea
13/3/2017,10:21:50,8064,Coffee
13/3/2017,10:21:50,8064,Spanish Brunch
13/3/2017,10:31:52,8065,Afternoon with the baker
13/3/2017,10:35:26,8066,Bread
13/3/2017,10:56:12,8067,Coffee
13/3/2017,10:56:12,8067,Cookies
13/3/2017,10:58:58,8068,Coffee
13/3/2017,10:58:58,8068,Tea
13/3/2017,10:58:58,8068,Cookies
13/3/2017,10:58:58,8068,Cake
13/3/2017,11:01:08,8069,Coffee
13/3/2017,11:01:08,8069,Coffee
13/3/2017,11:10:36,8070,Coffee
13/3/2017,11:10:36,8070,Coffee
13/3/2017,11:26:19,8071,Coffee
13/3/2017,11:26:19,8071,Coffee
13/3/2017,11:26:19,8071,Muffin
13/3/2017,11:30:31,8072,Bread
13/3/2017,11:34:04,8073,Tea
13/3/2017,11:39:11,8074,Coffee
13/3/2017,11:39:11,8074,Pastry
13/3/2017,11:39:11,8074,Pastry
13/3/2017,11:45:36,8075,Sandwich
13/3/2017,11:45:36,8075,Sandwich
13/3/2017,11:45:36,8075,Tea
13/3/2017,11:45:36,8075,Coffee
13/3/2017,11:57:44,8077,Bread
13/3/2017,12:03:03,8078,Tea
13/3/2017,12:03:03,8078,Cake
13/3/2017,12:03:25,8079,Coffee
13/3/2017,12:05:56,8080,Baguette
13/3/2017,12:12:25,8081,Baguette
13/3/2017,12:12:25,8081,Scone
13/3/2017,12:14:46,8082,Coffee
13/3/2017,12:24:38,8083,Coffee
13/3/2017,12:24:38,8083,Coffee
13/3/2017,12:24:38,8083,Pastry
13/3/2017,12:24:38,8083,Pastry
13/3/2017,12:31:00,8084,Coffee
13/3/2017,12:31:00,8084,Pastry
13/3/2017,12:49:30,8085,Pastry
13/3/2017,12:51:15,8086,Bread
13/3/2017,13:03:59,8087,Pastry
13/3/2017,13:03:59,8087,Pastry
13/3/2017,13:03:59,8087,Coffee
13/3/2017,13:14:10,8088,Tea
13/3/2017,13:14:10,8088,Bread
13/3/2017,13:20:14,8089,Baguette
13/3/2017,13:20:14,8089,Coffee
13/3/2017,13:45:09,8090,Bread
13/3/2017,13:48:38,8091,Truffles
13/3/2017,13:48:38,8091,Tea
13/3/2017,13:48:38,8091,Soup
13/3/2017,13:48:38,8091,Salad
13/3/2017,13:48:38,8091,Cookies
13/3/2017,13:48:38,8091,Bread
13/3/2017,13:49:47,8092,Soup
13/3/2017,14:03:20,8093,Coffee
13/3/2017,14:03:20,8093,Soup
13/3/2017,14:03:20,8093,Afternoon with the baker
13/3/2017,14:04:18,8094,Coffee
13/3/2017,14:04:18,8094,Afternoon with the baker
13/3/2017,14:04:18,8094,Spanish Brunch
13/3/2017,14:11:55,8095,Sandwich
13/3/2017,14:12:07,8096,Coffee
13/3/2017,14:14:36,8097,Sandwich
13/3/2017,14:14:36,8097,Coffee
13/3/2017,14:27:03,8098,Sandwich
13/3/2017,14:27:03,8098,Coffee
13/3/2017,14:27:38,8099,Coffee
13/3/2017,14:27:38,8099,Sandwich
13/3/2017,14:46:20,8100,Salad
13/3/2017,14:46:20,8100,Tea
13/3/2017,14:46:52,8101,Juice
13/3/2017,15:37:53,8102,Sandwich
13/3/2017,15:39:26,8103,Tea
13/3/2017,15:39:26,8103,Coffee
13/3/2017,15:39:26,8103,Hot chocolate
13/3/2017,15:42:46,8104,Coffee
13/3/2017,15:42:46,8104,Coffee
13/3/2017,15:42:46,8104,Soup
13/3/2017,16:09:55,8106,Tea
13/3/2017,16:09:55,8106,Cake
13/3/2017,16:17:42,8107,Cake
13/3/2017,16:17:42,8107,Bread
13/3/2017,16:39:28,8108,Jammie Dodgers
13/3/2017,16:39:28,8108,Cake
13/3/2017,16:39:28,8108,Coffee
13/3/2017,16:39:28,8108,Coffee
13/3/2017,17:02:41,8109,Coffee
13/3/2017,17:02:41,8109,Salad
14/3/2017,8:26:40,8110,Baguette
14/3/2017,8:31:22,8111,Coffee
14/3/2017,8:31:22,8111,Jammie Dodgers
14/3/2017,8:31:22,8111,Pastry
14/3/2017,9:06:39,8112,Coffee
14/3/2017,9:06:39,8112,Cookies
14/3/2017,9:17:46,8113,Coffee
14/3/2017,9:17:46,8113,Pastry
14/3/2017,9:17:46,8113,Farm House
14/3/2017,9:35:18,8114,Bread
14/3/2017,9:54:38,8115,Coffee
14/3/2017,10:02:29,8116,Coffee
14/3/2017,10:02:29,8116,Baguette
14/3/2017,10:11:34,8117,Coffee
14/3/2017,10:11:34,8117,Toast
14/3/2017,10:11:34,8117,Tea
14/3/2017,10:16:32,8118,Pastry
14/3/2017,10:24:55,8119,Bread
14/3/2017,10:57:47,8120,Coffee
14/3/2017,10:57:47,8120,Coffee
14/3/2017,10:57:47,8120,Pastry
14/3/2017,10:58:42,8121,Bread
14/3/2017,10:58:42,8121,Salad
14/3/2017,10:59:24,8122,Bread
14/3/2017,10:59:24,8122,Pastry
14/3/2017,11:06:15,8123,Coffee
14/3/2017,11:14:41,8124,Bread
14/3/2017,11:14:41,8124,Coffee
14/3/2017,11:14:41,8124,Toast
14/3/2017,11:30:45,8126,Coffee
14/3/2017,11:32:24,8127,Coffee
14/3/2017,11:42:39,8129,Gift voucher
14/3/2017,11:42:39,8129,Bread
14/3/2017,11:55:49,8130,Pastry
14/3/2017,11:55:49,8130,Bread
14/3/2017,12:24:52,8131,Sandwich
14/3/2017,12:25:14,8132,Mineral water
14/3/2017,12:32:10,8133,Coffee
14/3/2017,12:32:10,8133,Pastry
14/3/2017,12:35:36,8134,Truffles
14/3/2017,12:35:36,8134,Chicken Stew
14/3/2017,12:36:30,8135,Pastry
14/3/2017,12:47:42,8136,Coffee
14/3/2017,12:47:42,8136,Jammie Dodgers
14/3/2017,12:47:42,8136,Sandwich
14/3/2017,13:29:36,8137,Bread
14/3/2017,13:29:36,8137,Cookies
14/3/2017,13:43:47,8138,Tea
14/3/2017,13:43:47,8138,Coffee
14/3/2017,13:43:47,8138,Medialuna
14/3/2017,13:51:53,8140,Chicken Stew
14/3/2017,13:53:07,8141,Coffee
14/3/2017,14:23:44,8142,Tea
14/3/2017,14:23:44,8142,Juice
14/3/2017,14:23:44,8142,Sandwich
14/3/2017,14:23:44,8142,Chicken Stew
14/3/2017,14:30:47,8143,Tea
14/3/2017,14:30:47,8143,Tea
14/3/2017,14:35:06,8144,Bread
14/3/2017,14:35:06,8144,Sandwich
14/3/2017,14:35:06,8144,Cake
14/3/2017,14:49:03,8145,Coffee
14/3/2017,14:49:03,8145,Muffin
14/3/2017,15:25:53,8146,Coffee
14/3/2017,15:25:53,8146,Juice
14/3/2017,15:25:53,8146,Bakewell
14/3/2017,15:29:13,8147,Cake
14/3/2017,15:29:13,8147,Cookies
14/3/2017,15:29:13,8147,Juice
14/3/2017,15:29:13,8147,Cookies
14/3/2017,15:33:43,8148,Soup
14/3/2017,15:33:43,8148,Chicken Stew
14/3/2017,15:35:56,8149,Coffee
14/3/2017,15:35:56,8149,Bakewell
14/3/2017,15:41:14,8150,Juice
14/3/2017,15:41:14,8150,Coffee
14/3/2017,15:46:24,8151,Coffee
14/3/2017,15:46:24,8151,Bread
14/3/2017,15:55:13,8152,Tea
14/3/2017,15:55:13,8152,Bread
14/3/2017,15:55:36,8153,Bakewell
14/3/2017,15:55:36,8153,Tea
14/3/2017,16:11:06,8154,Coffee
14/3/2017,16:11:06,8154,Coffee
14/3/2017,16:11:06,8154,Cake
14/3/2017,16:19:16,8155,Coffee
14/3/2017,16:19:16,8155,Coffee
14/3/2017,16:19:16,8155,Bakewell
14/3/2017,16:26:43,8156,Coffee
14/3/2017,16:26:43,8156,Juice
14/3/2017,16:26:43,8156,Cookies
14/3/2017,16:26:43,8156,Cake
14/3/2017,16:46:14,8157,Hot chocolate
14/3/2017,16:46:14,8157,Coffee
14/3/2017,16:46:14,8157,Sandwich
14/3/2017,16:46:14,8157,Cake
14/3/2017,17:33:43,8159,Medialuna
14/3/2017,17:38:40,8160,Bread
14/3/2017,17:49:26,8161,Cake
14/3/2017,17:49:26,8161,Cake
14/3/2017,17:49:26,8161,Cookies
14/3/2017,17:49:26,8161,Jammie Dodgers
14/3/2017,17:49:26,8161,Vegan Feast
15/3/2017,8:57:07,8162,Bread
15/3/2017,8:58:56,8163,Coffee
15/3/2017,9:02:33,8164,Coffee
15/3/2017,9:08:58,8165,Bread
15/3/2017,9:08:58,8165,Baguette
15/3/2017,9:12:46,8166,Bread
15/3/2017,9:12:46,8166,Coffee
15/3/2017,9:12:46,8166,Pastry
15/3/2017,9:20:37,8167,Pastry
15/3/2017,9:20:37,8167,Coffee
15/3/2017,9:44:29,8169,Bread
15/3/2017,9:50:20,8170,Bread
15/3/2017,10:04:43,8171,Cake
15/3/2017,10:04:43,8171,Pastry
15/3/2017,10:06:45,8172,Toast
15/3/2017,10:11:24,8173,Hot chocolate
15/3/2017,10:57:50,8174,Coffee
15/3/2017,11:13:19,8175,Coffee
15/3/2017,11:13:19,8175,Coffee
15/3/2017,11:13:19,8175,Sandwich
15/3/2017,11:14:11,8176,Coffee
15/3/2017,11:14:11,8176,Cookies
15/3/2017,11:33:38,8177,Coffee
15/3/2017,11:33:38,8177,Cake
15/3/2017,11:38:43,8178,Bread
15/3/2017,11:44:25,8179,Bread
15/3/2017,11:47:52,8180,Bread
15/3/2017,11:47:52,8180,Jam
15/3/2017,11:47:52,8180,Christmas common
15/3/2017,11:52:15,8181,Coffee
15/3/2017,11:52:15,8181,Coffee
15/3/2017,11:56:09,8182,Coke
15/3/2017,11:56:09,8182,Salad
15/3/2017,11:56:26,8183,Extra Salami or Feta
15/3/2017,12:03:37,8184,Cookies
15/3/2017,12:32:36,8185,Cake
15/3/2017,12:36:22,8186,Truffles
15/3/2017,12:36:22,8186,Pastry
15/3/2017,12:38:09,8187,Cookies
15/3/2017,12:38:09,8187,Baguette
15/3/2017,12:58:42,8188,Coffee
15/3/2017,13:32:56,8189,Brownie
15/3/2017,14:09:54,8190,Coffee
15/3/2017,14:09:54,8190,Toast
15/3/2017,14:20:02,8191,Tea
15/3/2017,14:20:02,8191,Tea
15/3/2017,14:20:02,8191,Cookies
15/3/2017,14:20:02,8191,Pastry
15/3/2017,14:25:07,8192,Coke
15/3/2017,14:34:16,8193,Brownie
15/3/2017,14:34:16,8193,Coffee
15/3/2017,14:36:57,8194,Coffee
15/3/2017,14:36:57,8194,Cake
15/3/2017,14:38:50,8195,Sandwich
15/3/2017,14:38:50,8195,Truffles
15/3/2017,14:38:50,8195,Cake
15/3/2017,14:55:37,8196,Cake
15/3/2017,14:55:37,8196,Bakewell
15/3/2017,14:55:37,8196,Tea
15/3/2017,14:55:37,8196,Coffee
15/3/2017,15:15:17,8197,Cake
15/3/2017,15:15:17,8197,Pastry
15/3/2017,15:15:17,8197,Hot chocolate
15/3/2017,15:15:17,8197,Coffee
15/3/2017,15:29:22,8198,Brownie
15/3/2017,16:08:52,8199,Coffee
15/3/2017,16:08:52,8199,Scone
15/3/2017,16:26:31,8200,Cake
15/3/2017,16:26:31,8200,Baguette
15/3/2017,16:27:37,8201,Coffee
15/3/2017,16:27:37,8201,Tea
15/3/2017,16:30:12,8202,Coffee
15/3/2017,16:30:12,8202,Bread
15/3/2017,16:30:12,8202,Cake
15/3/2017,16:30:12,8202,Bread
15/3/2017,16:30:32,8203,Bread
15/3/2017,16:40:25,8204,Bread
15/3/2017,16:41:21,8205,Coffee
15/3/2017,16:41:21,8205,Scone
15/3/2017,16:42:22,8206,Bread
15/3/2017,16:42:22,8206,Coffee
15/3/2017,16:42:22,8206,Coffee
15/3/2017,17:10:29,8207,Juice
15/3/2017,17:10:29,8207,Coffee
15/3/2017,17:10:29,8207,Cake
15/3/2017,17:12:23,8208,Coffee
15/3/2017,17:12:23,8208,Brownie
16/3/2017,8:04:56,8209,Baguette
16/3/2017,8:04:56,8209,Cookies
16/3/2017,8:10:27,8210,Medialuna
16/3/2017,8:10:27,8210,Bread
16/3/2017,8:10:27,8210,Bread
16/3/2017,8:10:27,8210,Coffee
16/3/2017,8:10:27,8210,Mineral water
16/3/2017,8:28:29,8211,Coffee
16/3/2017,8:28:29,8211,Cookies
16/3/2017,8:42:19,8212,Coffee
16/3/2017,8:42:19,8212,Bread
16/3/2017,8:46:13,8213,Coffee
16/3/2017,8:46:13,8213,Toast
16/3/2017,9:15:52,8214,Bread
16/3/2017,9:15:52,8214,Pastry
16/3/2017,9:22:15,8215,Bread
16/3/2017,9:22:15,8215,Coffee
16/3/2017,9:22:15,8215,Pastry
16/3/2017,9:28:14,8216,Coffee
16/3/2017,9:28:14,8216,Bread
16/3/2017,9:28:14,8216,Toast
16/3/2017,9:41:31,8217,Coffee
16/3/2017,9:47:27,8218,Farm House
16/3/2017,9:56:03,8219,Bread
16/3/2017,9:56:03,8219,Coffee
16/3/2017,9:56:03,8219,Pastry
16/3/2017,10:06:17,8220,Coffee
16/3/2017,10:06:17,8220,Hot chocolate
16/3/2017,10:06:17,8220,Cookies
16/3/2017,10:19:04,8221,Coffee
16/3/2017,10:19:04,8221,Toast
16/3/2017,10:19:04,8221,Granola
16/3/2017,10:36:13,8222,Bread
16/3/2017,10:36:13,8222,Pastry
16/3/2017,10:42:14,8223,Hot chocolate
16/3/2017,10:42:14,8223,Hot chocolate
16/3/2017,10:42:14,8223,Bread
16/3/2017,10:42:14,8223,Brownie
16/3/2017,10:43:53,8224,Bread
16/3/2017,10:43:53,8224,Juice
16/3/2017,10:43:53,8224,Crisps
16/3/2017,10:45:41,8225,Jammie Dodgers
16/3/2017,10:45:41,8225,Medialuna
16/3/2017,10:45:41,8225,Tea
16/3/2017,10:50:35,8226,Bread
16/3/2017,10:50:35,8226,Jammie Dodgers
16/3/2017,10:52:25,8227,Cherry me Dried fruit
16/3/2017,10:52:25,8227,Toast
16/3/2017,10:52:25,8227,Extra Salami or Feta
16/3/2017,10:52:25,8227,Hot chocolate
16/3/2017,10:52:25,8227,Coffee
16/3/2017,10:52:25,8227,Cake
16/3/2017,11:08:28,8228,Bread
16/3/2017,11:10:01,8229,Farm House
16/3/2017,11:19:55,8230,Coffee
16/3/2017,11:19:55,8230,Medialuna
16/3/2017,11:30:40,8231,Baguette
16/3/2017,11:35:56,8232,Scandinavian
16/3/2017,11:44:43,8233,Sandwich
16/3/2017,11:58:36,8234,Bread
16/3/2017,12:02:32,8235,Coffee
16/3/2017,12:02:32,8235,Toast
16/3/2017,12:02:32,8235,Tea
16/3/2017,12:10:27,8236,Bread
16/3/2017,12:16:49,8237,Bread
16/3/2017,12:33:41,8238,Tea
16/3/2017,12:33:41,8238,Coffee
16/3/2017,12:33:41,8238,Bread
16/3/2017,12:44:27,8239,Chicken Stew
16/3/2017,12:44:27,8239,Bread
16/3/2017,13:16:43,8240,Soup
16/3/2017,13:19:33,8241,Soup
16/3/2017,13:19:33,8241,Salad
16/3/2017,13:19:33,8241,Tea
16/3/2017,13:19:33,8241,Mineral water
16/3/2017,13:19:33,8241,Juice
16/3/2017,13:44:42,8242,Cake
16/3/2017,13:44:42,8242,Truffles
16/3/2017,13:44:42,8242,Chicken Stew
16/3/2017,13:44:42,8242,Sandwich
16/3/2017,13:48:09,8243,Pastry
16/3/2017,13:51:26,8244,Chicken Stew
16/3/2017,13:51:26,8244,Coffee
16/3/2017,14:19:47,8245,Eggs
16/3/2017,14:19:47,8245,Bread
16/3/2017,14:26:59,8246,Coffee
16/3/2017,14:26:59,8246,Coffee
16/3/2017,14:26:59,8246,Soup
16/3/2017,14:35:17,8247,Coffee
16/3/2017,14:35:17,8247,Scone
16/3/2017,15:15:52,8248,Coke
16/3/2017,15:18:55,8249,Bread
16/3/2017,15:18:55,8249,Brownie
16/3/2017,15:32:25,8250,Coffee
16/3/2017,15:32:25,8250,Hot chocolate
16/3/2017,15:32:25,8250,Cookies
16/3/2017,15:52:29,8251,Coffee
16/3/2017,15:52:29,8251,Cookies
16/3/2017,16:08:33,8252,Bread
16/3/2017,16:08:33,8252,Cake
16/3/2017,16:16:17,8253,Cake
16/3/2017,16:16:17,8253,Coffee
16/3/2017,16:16:17,8253,Coffee
16/3/2017,16:16:17,8253,Coffee
16/3/2017,16:19:04,8254,Coffee
16/3/2017,16:42:16,8255,Tea
16/3/2017,16:42:16,8255,Bakewell
16/3/2017,16:42:16,8255,Bread
16/3/2017,16:44:17,8256,Smoothies
16/3/2017,16:44:17,8256,Coffee
16/3/2017,16:44:17,8256,Cake
16/3/2017,16:44:17,8256,Bread
16/3/2017,17:30:10,8257,Hot chocolate
17/3/2017,8:12:49,8258,Tea
17/3/2017,8:12:49,8258,Scone
17/3/2017,8:15:33,8259,Baguette
17/3/2017,8:15:33,8259,Cookies
17/3/2017,8:19:53,8260,Coffee
17/3/2017,8:19:53,8260,Bakewell
17/3/2017,8:24:48,8261,Mortimer
17/3/2017,8:59:41,8262,Bread
17/3/2017,9:00:36,8263,Bread
17/3/2017,9:02:44,8264,Coffee
17/3/2017,9:02:44,8264,Pastry
17/3/2017,9:04:51,8265,Coffee
17/3/2017,9:11:59,8266,Bread
17/3/2017,9:11:59,8266,Pastry
17/3/2017,9:13:57,8267,Bread
17/3/2017,9:14:45,8268,Coffee
17/3/2017,9:36:07,8269,Baguette
17/3/2017,9:52:05,8270,Coffee
17/3/2017,9:52:05,8270,Bread
17/3/2017,9:52:05,8270,Bread
17/3/2017,9:52:41,8271,Coffee
17/3/2017,9:52:41,8271,Coffee
17/3/2017,9:52:41,8271,Toast
17/3/2017,10:04:39,8272,Cake
17/3/2017,10:04:39,8272,Bread
17/3/2017,10:10:09,8273,Coffee
17/3/2017,10:10:54,8274,Coffee
17/3/2017,10:13:43,8275,Coffee
17/3/2017,10:13:43,8275,Coffee
17/3/2017,10:13:43,8275,Juice
17/3/2017,10:13:43,8275,Cake
17/3/2017,10:13:43,8275,Cookies
17/3/2017,10:14:59,8276,Baguette
17/3/2017,10:20:17,8277,Tea
17/3/2017,10:20:17,8277,Cake
17/3/2017,10:21:59,8278,Pastry
17/3/2017,10:21:59,8278,Coffee
17/3/2017,10:22:27,8279,Tea
17/3/2017,10:23:34,8280,Tea
17/3/2017,10:25:21,8281,Coffee
17/3/2017,10:25:21,8281,Pastry
17/3/2017,10:25:34,8282,Bread
17/3/2017,10:28:48,8283,Scandinavian
17/3/2017,11:17:38,8284,Cake
17/3/2017,11:17:38,8284,Tiffin
17/3/2017,11:17:38,8284,Coffee
17/3/2017,11:17:38,8284,Coffee
17/3/2017,11:36:36,8285,Tea
17/3/2017,11:36:36,8285,Hot chocolate
17/3/2017,11:36:36,8285,Pastry
17/3/2017,11:36:36,8285,Cake
17/3/2017,11:47:51,8286,Brownie
17/3/2017,11:47:51,8286,Bread
17/3/2017,11:56:33,8287,Bread
17/3/2017,11:58:28,8288,Coffee
17/3/2017,12:07:01,8290,Toast
17/3/2017,12:07:01,8290,Coffee
17/3/2017,12:07:33,8291,Tea
17/3/2017,12:07:33,8291,Toast
17/3/2017,12:16:56,8292,Coffee
17/3/2017,12:16:56,8292,Coffee
17/3/2017,12:16:56,8292,Sandwich
17/3/2017,12:16:56,8292,Pastry
17/3/2017,12:35:11,8296,Coffee
17/3/2017,13:06:26,8298,Bread
17/3/2017,13:20:49,8299,Coffee
17/3/2017,13:22:42,8300,Tiffin
17/3/2017,13:29:28,8302,Coffee
17/3/2017,13:37:15,8303,Cake
17/3/2017,13:37:15,8303,Cake
17/3/2017,13:37:15,8303,Brownie
17/3/2017,13:37:45,8304,Half slice Monster
17/3/2017,13:50:14,8305,Coffee
17/3/2017,13:50:14,8305,Coffee
17/3/2017,13:50:14,8305,Mineral water
17/3/2017,13:53:11,8306,Bread
17/3/2017,13:53:11,8306,Coffee
17/3/2017,13:53:11,8306,Cookies
17/3/2017,13:53:11,8306,Brownie
17/3/2017,13:54:31,8307,Coffee
17/3/2017,13:54:31,8307,Soup
17/3/2017,13:54:31,8307,Sandwich
17/3/2017,14:06:14,8308,Coffee
17/3/2017,14:06:14,8308,Coffee granules
17/3/2017,14:06:14,8308,Extra Salami or Feta
17/3/2017,14:06:14,8308,Salad
17/3/2017,14:22:53,8310,Salad
17/3/2017,14:22:53,8310,Coffee
17/3/2017,14:22:53,8310,Coffee
17/3/2017,14:29:34,8311,Coffee
17/3/2017,14:29:34,8311,Coffee
17/3/2017,14:29:34,8311,Cake
17/3/2017,14:29:34,8311,Salad
17/3/2017,14:35:40,8312,Cake
17/3/2017,14:35:40,8312,Cookies
17/3/2017,14:50:00,8313,Coffee
17/3/2017,14:50:00,8313,Coffee
17/3/2017,14:50:00,8313,Cookies
17/3/2017,14:53:09,8314,Scone
17/3/2017,14:53:09,8314,Coffee
17/3/2017,15:08:39,8315,Coffee
17/3/2017,15:08:39,8315,Coffee
17/3/2017,15:08:39,8315,Salad
17/3/2017,15:10:55,8316,Coke
17/3/2017,15:20:39,8317,Coffee
17/3/2017,15:20:39,8317,Cake
17/3/2017,15:20:39,8317,Cake
17/3/2017,15:36:43,8318,Hot chocolate
17/3/2017,15:36:43,8318,Coffee
17/3/2017,15:36:43,8318,Tiffin
17/3/2017,16:00:09,8319,Hot chocolate
17/3/2017,16:00:09,8319,Coffee
17/3/2017,16:00:09,8319,Scone
17/3/2017,16:23:29,8320,Bread
17/3/2017,16:32:49,8321,Hot chocolate
17/3/2017,16:32:49,8321,Hot chocolate
17/3/2017,16:32:49,8321,Coffee
17/3/2017,16:44:37,8322,Tiffin
18/3/2017,8:13:38,8323,Coffee
18/3/2017,8:13:38,8323,Sandwich
18/3/2017,8:13:38,8323,Sandwich
18/3/2017,8:22:10,8324,Hot chocolate
18/3/2017,8:22:10,8324,Coffee
18/3/2017,8:22:10,8324,Pastry
18/3/2017,8:35:31,8325,Coffee
18/3/2017,8:35:31,8325,Medialuna
18/3/2017,8:49:43,8326,Coffee
18/3/2017,8:49:43,8326,Pastry
18/3/2017,8:52:09,8327,Coffee
18/3/2017,8:52:09,8327,Coffee
18/3/2017,8:52:09,8327,Medialuna
18/3/2017,8:52:09,8327,Cookies
18/3/2017,8:58:23,8328,Bread
18/3/2017,8:58:23,8328,Bread
18/3/2017,8:58:23,8328,Bread
18/3/2017,8:58:23,8328,Pastry
18/3/2017,9:10:02,8329,Coffee
18/3/2017,9:11:53,8330,Bread
18/3/2017,9:11:53,8330,Baguette
18/3/2017,9:14:05,8331,Toast
18/3/2017,9:14:05,8331,Coffee
18/3/2017,9:45:19,8332,Farm House
18/3/2017,9:45:19,8332,Cake
18/3/2017,9:49:23,8333,Pastry
18/3/2017,9:49:23,8333,Bread
18/3/2017,9:52:50,8334,Coffee
18/3/2017,10:03:26,8335,Coffee
18/3/2017,10:03:26,8335,Cookies
18/3/2017,10:13:32,8336,Bread
18/3/2017,10:13:32,8336,Bread
18/3/2017,10:14:20,8337,Coffee
18/3/2017,10:14:20,8337,Pastry
18/3/2017,10:14:20,8337,Medialuna
18/3/2017,10:19:12,8338,Cake
18/3/2017,10:19:12,8338,Scone
18/3/2017,10:19:12,8338,Scandinavian
18/3/2017,10:37:11,8339,Coffee
18/3/2017,10:37:44,8340,Coffee
18/3/2017,10:38:02,8341,Coffee
18/3/2017,10:45:13,8342,Afternoon with the baker
18/3/2017,10:47:36,8343,Coffee
18/3/2017,10:47:36,8343,Duck egg
18/3/2017,10:55:24,8344,Bread
18/3/2017,10:57:35,8345,Tea
18/3/2017,10:58:35,8346,Toast
18/3/2017,10:58:35,8346,Coffee
18/3/2017,10:58:51,8347,Bread
18/3/2017,11:01:29,8348,Coffee
18/3/2017,11:01:29,8348,Toast
18/3/2017,11:05:08,8349,Bread
18/3/2017,11:05:08,8349,Truffles
18/3/2017,11:14:50,8350,Juice
18/3/2017,11:14:50,8350,Coffee
18/3/2017,11:14:50,8350,Bread
18/3/2017,11:14:50,8350,Toast
18/3/2017,11:22:05,8351,Coffee
18/3/2017,11:33:22,8352,Tea
18/3/2017,11:42:06,8353,Coffee
18/3/2017,11:42:06,8353,Tiffin
18/3/2017,11:42:06,8353,Scone
18/3/2017,11:42:06,8353,Bread
18/3/2017,11:45:27,8354,Coffee
18/3/2017,11:45:27,8354,Brownie
18/3/2017,11:49:46,8355,Jam
18/3/2017,11:51:40,8356,Mineral water
18/3/2017,11:51:40,8356,Scone
18/3/2017,11:52:25,8357,Mineral water
18/3/2017,12:02:47,8358,Coffee
18/3/2017,12:02:47,8358,Hot chocolate
18/3/2017,12:02:47,8358,Bread
18/3/2017,12:02:47,8358,Scone
18/3/2017,12:03:33,8359,Bread
18/3/2017,12:07:43,8360,Coffee
18/3/2017,12:07:43,8360,Salad
18/3/2017,12:07:43,8360,Sandwich
18/3/2017,12:12:06,8361,Bread
18/3/2017,12:17:34,8362,Coffee
18/3/2017,12:17:34,8362,Coffee
18/3/2017,12:27:08,8363,Coffee
18/3/2017,12:27:08,8363,Coffee
18/3/2017,12:27:08,8363,Scone
18/3/2017,12:27:08,8363,Tiffin
18/3/2017,12:27:57,8364,Coffee
18/3/2017,12:33:25,8365,Tea
18/3/2017,12:33:25,8365,Coffee
18/3/2017,12:33:25,8365,Coffee
18/3/2017,12:38:34,8366,Soup
18/3/2017,12:38:34,8366,Mineral water
18/3/2017,12:38:34,8366,Brownie
18/3/2017,12:41:01,8367,Mineral water
18/3/2017,12:43:56,8368,Bread
18/3/2017,12:43:56,8368,Scone
18/3/2017,12:43:56,8368,Cookies
18/3/2017,12:43:56,8368,Soup
18/3/2017,12:45:11,8369,Spanish Brunch
18/3/2017,12:45:11,8369,The Nomad
18/3/2017,12:45:11,8369,Coffee
18/3/2017,12:47:39,8370,Bread
18/3/2017,13:03:43,8371,Sandwich
18/3/2017,13:03:43,8371,Coffee
18/3/2017,13:03:43,8371,Tiffin
18/3/2017,13:03:43,8371,Cake
18/3/2017,13:04:35,8372,Coffee
18/3/2017,13:04:35,8372,Cookies
18/3/2017,13:05:53,8373,Tiffin
18/3/2017,13:08:18,8374,Sandwich
18/3/2017,13:08:18,8374,Salad
18/3/2017,13:08:18,8374,Bread
18/3/2017,13:08:18,8374,Juice
18/3/2017,13:10:12,8375,Sandwich
18/3/2017,13:10:12,8375,Tea
18/3/2017,13:10:12,8375,Cake
18/3/2017,13:10:12,8375,Coffee
18/3/2017,13:12:34,8376,Bread
18/3/2017,13:14:10,8377,Bread
18/3/2017,13:14:10,8377,Jam
18/3/2017,13:15:35,8378,Bread
18/3/2017,13:15:35,8378,The Nomad
18/3/2017,13:15:35,8378,Jam
18/3/2017,13:19:42,8379,Bread
18/3/2017,13:27:00,8380,Coffee
18/3/2017,13:27:00,8380,Hot chocolate
18/3/2017,13:27:00,8380,Brownie
18/3/2017,13:27:00,8380,Bread
18/3/2017,13:27:46,8381,Bread
18/3/2017,13:47:49,8382,Coffee
18/3/2017,13:47:49,8382,Tea
18/3/2017,13:47:49,8382,Spanish Brunch
18/3/2017,13:50:20,8383,Fudge
18/3/2017,13:50:20,8383,Baguette
18/3/2017,14:00:12,8384,Sandwich
18/3/2017,14:01:42,8385,Bread
18/3/2017,14:03:24,8386,Sandwich
18/3/2017,14:15:24,8387,Scandinavian
18/3/2017,14:24:13,8388,Tea
18/3/2017,14:24:13,8388,Scone
18/3/2017,14:41:03,8389,Tea
18/3/2017,14:41:03,8389,Tiffin
18/3/2017,14:41:03,8389,Brownie
18/3/2017,14:54:18,8390,Scone
18/3/2017,14:54:18,8390,Bread
18/3/2017,15:00:35,8391,Coffee
18/3/2017,15:00:35,8391,Coffee
18/3/2017,15:00:35,8391,Cake
18/3/2017,15:00:35,8391,Scone
18/3/2017,15:03:12,8392,Bread
18/3/2017,15:06:07,8393,Cake
18/3/2017,15:06:07,8393,Coffee
18/3/2017,15:09:04,8394,Cake
18/3/2017,15:09:04,8394,Cake
18/3/2017,15:09:04,8394,Bread
18/3/2017,15:09:04,8394,Tea
18/3/2017,15:41:43,8395,Coffee
18/3/2017,15:41:43,8395,Tea
18/3/2017,15:42:22,8396,Scone
18/3/2017,15:46:34,8397,Hot chocolate
18/3/2017,15:46:34,8397,Coffee
18/3/2017,15:46:34,8397,Cake
18/3/2017,15:52:38,8398,Half slice Monster
18/3/2017,15:54:29,8399,Tea
18/3/2017,15:54:29,8399,Chicken Stew
18/3/2017,16:09:48,8400,Tea
18/3/2017,16:09:48,8400,Cookies
18/3/2017,16:09:48,8400,Cake
18/3/2017,16:26:57,8401,Coffee
18/3/2017,16:26:57,8401,Tea
18/3/2017,16:26:57,8401,Cake
18/3/2017,16:52:04,8402,Coffee
18/3/2017,16:52:04,8402,Smoothies
18/3/2017,16:52:04,8402,Soup
18/3/2017,16:52:04,8402,Sandwich
18/3/2017,16:52:04,8402,Cake
18/3/2017,17:03:07,8403,Coffee
18/3/2017,17:03:07,8403,Coke
18/3/2017,17:03:07,8403,Salad
19/3/2017,9:39:11,8404,Coffee
19/3/2017,9:50:25,8405,Coffee
19/3/2017,9:56:28,8406,Coffee
19/3/2017,9:56:28,8406,Tiffin
19/3/2017,10:01:05,8407,Spanish Brunch
19/3/2017,10:01:05,8407,Scone
19/3/2017,10:01:05,8407,Coffee
19/3/2017,10:01:05,8407,Bread
19/3/2017,10:03:48,8408,Coffee
19/3/2017,10:03:48,8408,Medialuna
19/3/2017,10:31:39,8409,Bread
19/3/2017,10:43:24,8410,Tea
19/3/2017,10:44:50,8411,Bread
19/3/2017,10:58:09,8412,Coffee
19/3/2017,10:58:09,8412,Coffee
19/3/2017,10:58:09,8412,Cake
19/3/2017,11:00:01,8413,Tea
19/3/2017,11:14:38,8414,Coffee
19/3/2017,11:14:38,8414,Coffee
19/3/2017,11:14:38,8414,Medialuna
19/3/2017,11:14:38,8414,Tiffin
19/3/2017,11:24:14,8415,Coffee
19/3/2017,11:24:14,8415,Bread
19/3/2017,11:24:14,8415,Bread
19/3/2017,11:25:55,8416,Bread
19/3/2017,11:25:55,8416,Medialuna
19/3/2017,11:27:31,8417,Coffee
19/3/2017,11:28:39,8418,Tea
19/3/2017,11:28:39,8418,Tea
19/3/2017,11:28:39,8418,Scone
19/3/2017,11:29:55,8419,Hot chocolate
19/3/2017,11:29:55,8419,Tea
19/3/2017,11:29:55,8419,Bread
19/3/2017,11:29:55,8419,Cake
19/3/2017,11:43:19,8420,Bread
19/3/2017,11:43:19,8420,Spanish Brunch
19/3/2017,11:45:36,8421,Bread
19/3/2017,11:47:39,8422,Spanish Brunch
19/3/2017,11:47:39,8422,Truffles
19/3/2017,11:47:39,8422,Juice
19/3/2017,11:47:39,8422,Coffee
19/3/2017,11:47:39,8422,Tiffin
19/3/2017,11:52:41,8423,Coffee
19/3/2017,11:59:11,8424,Bread
19/3/2017,11:59:11,8424,Bread
19/3/2017,12:02:29,8425,Bread
19/3/2017,12:04:24,8426,Farm House
19/3/2017,12:06:55,8427,Coffee
19/3/2017,12:06:55,8427,Scone
19/3/2017,12:27:32,8428,Bread
19/3/2017,12:36:09,8429,Coffee
19/3/2017,12:36:09,8429,Coffee
19/3/2017,12:36:09,8429,Spanish Brunch
19/3/2017,12:36:09,8429,Coffee
19/3/2017,12:36:09,8429,Art Tray
19/3/2017,12:36:55,8430,Spanish Brunch
19/3/2017,12:36:55,8430,Hot chocolate
19/3/2017,12:38:21,8431,Coffee
19/3/2017,12:38:21,8431,Coffee
19/3/2017,12:38:21,8431,Cake
19/3/2017,12:38:21,8431,Scone
19/3/2017,12:39:59,8432,Tiffin
19/3/2017,12:39:59,8432,Coffee
19/3/2017,12:40:57,8433,Tea
19/3/2017,12:40:57,8433,Cookies
19/3/2017,12:41:55,8434,Coffee
19/3/2017,12:41:55,8434,Bread
19/3/2017,12:59:04,8435,Sandwich
19/3/2017,12:59:04,8435,Muffin
19/3/2017,12:59:04,8435,Bread
19/3/2017,12:59:04,8435,Cookies
19/3/2017,13:11:00,8436,Farm House
19/3/2017,13:30:32,8437,Spanish Brunch
19/3/2017,13:30:32,8437,Salad
19/3/2017,13:30:32,8437,Tea
19/3/2017,13:30:32,8437,Coffee
19/3/2017,13:30:32,8437,Pastry
19/3/2017,13:30:32,8437,Cake
19/3/2017,13:40:51,8438,Smoothies
19/3/2017,13:40:51,8438,Coffee
19/3/2017,13:40:51,8438,Soup
19/3/2017,13:40:51,8438,Salad
19/3/2017,13:43:43,8439,Sandwich
19/3/2017,13:43:43,8439,Tea
19/3/2017,13:43:43,8439,Coffee
19/3/2017,13:49:50,8440,Sandwich
19/3/2017,13:49:50,8440,Sandwich
19/3/2017,13:56:04,8441,Spanish Brunch
19/3/2017,13:56:04,8441,Toast
19/3/2017,13:56:04,8441,Salad
19/3/2017,13:56:04,8441,Baguette
19/3/2017,14:22:57,8442,Sandwich
19/3/2017,14:22:57,8442,Sandwich
19/3/2017,14:41:55,8443,Cake
19/3/2017,14:41:55,8443,Bread
19/3/2017,14:41:55,8443,Muffin
19/3/2017,14:43:43,8444,Coffee
19/3/2017,14:43:43,8444,Coffee
19/3/2017,14:43:43,8444,Pastry
19/3/2017,14:51:08,8445,Coffee
19/3/2017,14:51:08,8445,Coffee
19/3/2017,14:51:08,8445,Sandwich
19/3/2017,14:51:08,8445,Chicken Stew
19/3/2017,14:52:59,8446,Cake
19/3/2017,14:52:59,8446,Coffee
19/3/2017,14:52:59,8446,Coffee
19/3/2017,15:06:25,8447,Bread
19/3/2017,15:08:21,8448,Spanish Brunch
19/3/2017,15:08:21,8448,Coffee
19/3/2017,15:08:21,8448,Coke
19/3/2017,15:08:21,8448,Bread
19/3/2017,15:08:21,8448,Mineral water
19/3/2017,15:08:21,8448,Soup
19/3/2017,15:16:00,8449,Tea
19/3/2017,15:16:00,8449,Cake
19/3/2017,15:17:04,8450,Coffee
19/3/2017,15:17:04,8450,Sandwich
19/3/2017,15:17:04,8450,Sandwich
19/3/2017,15:17:04,8450,Muffin
19/3/2017,15:29:10,8451,Coffee
19/3/2017,15:34:07,8452,Coffee
19/3/2017,15:34:07,8452,Tea
19/3/2017,15:34:07,8452,Cake
19/3/2017,15:34:07,8452,Scone
19/3/2017,15:44:45,8453,Pastry
19/3/2017,15:44:45,8453,Scone
19/3/2017,16:37:37,8454,Coffee
19/3/2017,18:33:00,8455,Afternoon with the baker
20/3/2017,8:25:34,8456,Coffee
20/3/2017,8:57:53,8457,Coffee
20/3/2017,9:00:54,8458,Coffee
20/3/2017,9:00:54,8458,Bread
20/3/2017,9:15:08,8459,Coffee
20/3/2017,9:15:08,8459,Bread
20/3/2017,9:35:56,8460,Coffee
20/3/2017,9:38:09,8461,Coffee
20/3/2017,9:38:09,8461,Bread
20/3/2017,10:03:58,8462,Coffee
20/3/2017,10:03:58,8462,Coffee
20/3/2017,10:03:58,8462,Pastry
20/3/2017,10:03:58,8462,Bread
20/3/2017,10:03:58,8462,Bread
20/3/2017,10:03:58,8462,Toast
20/3/2017,10:17:11,8463,Pastry
20/3/2017,10:17:11,8463,Cake
20/3/2017,10:17:11,8463,Bread
20/3/2017,10:18:08,8464,Coffee
20/3/2017,10:18:08,8464,Muffin
20/3/2017,10:28:27,8465,Baguette
20/3/2017,10:31:50,8466,Coffee
20/3/2017,10:31:50,8466,Bread
20/3/2017,10:37:22,8467,Coffee
20/3/2017,10:37:22,8467,Mineral water
20/3/2017,10:37:22,8467,Cookies
20/3/2017,10:37:22,8467,Toast
20/3/2017,10:46:56,8468,Tea
20/3/2017,10:46:56,8468,Spanish Brunch
20/3/2017,10:51:22,8469,Coffee
20/3/2017,11:03:54,8470,Coffee
20/3/2017,11:04:22,8471,Bread
20/3/2017,11:15:42,8472,Coffee granules
20/3/2017,11:25:24,8473,Cake
20/3/2017,11:25:24,8473,Muffin
20/3/2017,11:25:24,8473,Juice
20/3/2017,11:30:55,8474,Coffee
20/3/2017,11:32:58,8475,Cake
20/3/2017,11:44:04,8476,Juice
20/3/2017,11:44:04,8476,Sandwich
20/3/2017,11:54:58,8477,Coffee
20/3/2017,11:54:58,8477,Pastry
20/3/2017,11:55:58,8478,Coffee
20/3/2017,11:55:58,8478,Muffin
20/3/2017,11:58:20,8479,Truffles
20/3/2017,11:58:20,8479,Sandwich
20/3/2017,11:59:12,8480,Coffee
20/3/2017,11:59:12,8480,Baguette
20/3/2017,12:03:06,8481,Farm House
20/3/2017,12:13:54,8482,Pastry
20/3/2017,12:17:00,8483,Jam
20/3/2017,12:19:46,8484,Sandwich
20/3/2017,12:23:43,8485,Coffee
20/3/2017,12:23:43,8485,Coffee
20/3/2017,12:30:41,8486,Hot chocolate
20/3/2017,12:30:41,8486,Coffee
20/3/2017,12:30:41,8486,Brownie
20/3/2017,12:30:41,8486,Muffin
20/3/2017,12:30:41,8486,Bread
20/3/2017,12:34:07,8487,Coffee
20/3/2017,12:34:07,8487,Bread
20/3/2017,12:38:22,8488,Sandwich
20/3/2017,12:38:22,8488,Coffee
20/3/2017,12:40:11,8489,Spanish Brunch
20/3/2017,12:40:11,8489,Coffee
20/3/2017,12:54:57,8490,Coffee
20/3/2017,12:54:57,8490,Toast
20/3/2017,13:39:18,8491,Coffee
20/3/2017,13:40:04,8492,Muffin
20/3/2017,13:46:55,8493,Coffee
20/3/2017,13:53:18,8494,Tea
20/3/2017,13:53:18,8494,Brownie
20/3/2017,14:04:07,8495,Hot chocolate
20/3/2017,14:04:07,8495,Tea
20/3/2017,14:04:07,8495,Bread
20/3/2017,14:05:43,8496,Bread
20/3/2017,14:05:43,8496,Salad
20/3/2017,14:06:43,8497,Salad
20/3/2017,14:06:43,8497,Tea
20/3/2017,14:59:23,8498,Coffee
20/3/2017,14:59:23,8498,Muffin
20/3/2017,15:08:07,8499,Tea
20/3/2017,15:25:34,8500,Farm House
20/3/2017,15:55:32,8501,Tea
20/3/2017,15:55:32,8501,Coffee
20/3/2017,15:55:32,8501,Bread
20/3/2017,15:55:32,8501,Pastry
20/3/2017,16:05:52,8502,Farm House
20/3/2017,16:05:52,8502,Coffee
20/3/2017,16:05:52,8502,Cookies
20/3/2017,16:32:06,8503,Tea
20/3/2017,16:32:06,8503,Medialuna
20/3/2017,16:33:30,8504,Coffee
20/3/2017,16:58:41,8505,Cookies
20/3/2017,16:58:41,8505,Coffee
21/3/2017,8:20:31,8506,Pastry
21/3/2017,8:30:16,8507,Pastry
21/3/2017,8:30:16,8507,Coffee
21/3/2017,8:56:00,8508,Pastry
21/3/2017,8:56:00,8508,Cake
21/3/2017,9:09:04,8509,Bread
21/3/2017,9:09:04,8509,Scandinavian
21/3/2017,9:09:04,8509,Bread
21/3/2017,9:12:25,8510,Bread
21/3/2017,9:12:25,8510,Coffee
21/3/2017,9:52:11,8511,Coffee
21/3/2017,9:52:11,8511,Toast
21/3/2017,9:53:02,8512,Coffee
21/3/2017,9:54:03,8513,Coffee
21/3/2017,9:54:03,8513,Pastry
21/3/2017,9:54:33,8514,Coffee
21/3/2017,9:59:50,8515,Cookies
21/3/2017,9:59:50,8515,Cake
21/3/2017,9:59:50,8515,Mineral water
21/3/2017,10:40:50,8516,Coffee
21/3/2017,10:40:50,8516,Toast
21/3/2017,10:54:19,8517,Baguette
21/3/2017,10:58:06,8518,Farm House
21/3/2017,11:04:33,8519,Cake
21/3/2017,11:04:33,8519,Tea
21/3/2017,11:04:33,8519,Coffee
21/3/2017,11:12:08,8520,Farm House
21/3/2017,11:12:08,8520,Coffee
21/3/2017,11:18:52,8521,Coffee
21/3/2017,11:18:52,8521,Coffee
21/3/2017,11:20:42,8522,Bread
21/3/2017,12:05:24,8523,Coffee
21/3/2017,12:05:24,8523,Muffin
21/3/2017,12:12:56,8524,Christmas common
21/3/2017,12:41:29,8525,Coffee
21/3/2017,12:41:29,8525,Sandwich
21/3/2017,12:41:29,8525,Soup
21/3/2017,12:42:28,8526,Sandwich
21/3/2017,12:42:28,8526,Mineral water
21/3/2017,12:55:09,8527,Bread
21/3/2017,12:59:19,8528,Coffee
21/3/2017,12:59:19,8528,Bread
21/3/2017,12:59:19,8528,Spanish Brunch
21/3/2017,12:59:19,8528,Sandwich
21/3/2017,12:59:19,8528,Bread
21/3/2017,12:59:19,8528,Farm House
21/3/2017,13:21:56,8529,Coffee
21/3/2017,13:21:56,8529,Cake
21/3/2017,13:26:40,8530,Coffee
21/3/2017,13:28:26,8531,Tea
21/3/2017,13:28:26,8531,Soup
21/3/2017,13:32:05,8532,Coffee
21/3/2017,13:32:05,8532,Cookies
21/3/2017,13:54:28,8533,Coffee
21/3/2017,13:54:28,8533,Sandwich
21/3/2017,13:55:37,8534,Coffee
21/3/2017,13:55:37,8534,Coffee
21/3/2017,13:55:37,8534,Bread
21/3/2017,14:08:21,8535,Jam
21/3/2017,14:14:44,8536,Cake
21/3/2017,14:14:44,8536,Bread
21/3/2017,14:21:35,8537,Sandwich
21/3/2017,14:21:35,8537,Coffee
21/3/2017,14:23:52,8538,Truffles
21/3/2017,14:24:24,8539,Coffee
21/3/2017,14:24:24,8539,Truffles
21/3/2017,14:35:10,8540,Coffee
21/3/2017,14:35:10,8540,Soup
21/3/2017,14:35:10,8540,Sandwich
21/3/2017,14:37:02,8541,Sandwich
21/3/2017,14:37:02,8541,Coffee
21/3/2017,14:37:02,8541,Tea
21/3/2017,14:55:09,8542,Sandwich
21/3/2017,14:55:09,8542,Coffee
21/3/2017,14:55:09,8542,Tea
21/3/2017,15:01:13,8544,Coffee
21/3/2017,15:01:13,8544,Cookies
21/3/2017,15:22:57,8545,Coffee
21/3/2017,15:22:57,8545,Bread
21/3/2017,15:22:57,8545,Muffin
21/3/2017,15:22:57,8545,Baguette
21/3/2017,15:28:53,8546,Bread
21/3/2017,15:28:53,8546,Christmas common
21/3/2017,15:34:55,8547,Coffee
21/3/2017,15:34:55,8547,Bread
21/3/2017,15:34:55,8547,Cookies
21/3/2017,15:34:55,8547,Cake
21/3/2017,15:35:07,8548,Coffee
21/3/2017,15:45:37,8549,Bread
21/3/2017,15:46:16,8550,Coffee
21/3/2017,15:46:16,8550,Cake
21/3/2017,15:46:16,8550,Bread
21/3/2017,15:49:32,8551,Half slice Monster
21/3/2017,15:49:32,8551,Juice
21/3/2017,15:49:32,8551,Cookies
21/3/2017,15:49:32,8551,Coffee
21/3/2017,16:05:23,8552,Coffee
21/3/2017,16:05:23,8552,Bread
21/3/2017,16:51:50,8553,Bread
21/3/2017,17:24:45,8554,Tea
21/3/2017,17:24:45,8554,Muffin
21/3/2017,17:24:45,8554,Bread
22/3/2017,8:16:03,8555,Baguette
22/3/2017,8:16:03,8555,Farm House
22/3/2017,8:55:03,8556,Coffee
22/3/2017,9:00:24,8557,Cookies
22/3/2017,9:13:22,8558,Coffee
22/3/2017,9:13:22,8558,Bread
22/3/2017,9:13:22,8558,Brownie
22/3/2017,9:18:53,8559,Coffee
22/3/2017,9:18:53,8559,Sandwich
22/3/2017,9:27:17,8560,Cherry me Dried fruit
22/3/2017,9:27:17,8560,Coffee
22/3/2017,9:33:16,8561,Coffee
22/3/2017,9:36:40,8562,Coffee
22/3/2017,9:36:40,8562,Pastry
22/3/2017,9:36:40,8562,Muffin
22/3/2017,9:36:40,8562,Coke
22/3/2017,9:51:42,8563,Bread
22/3/2017,9:56:12,8564,Coffee
22/3/2017,9:56:12,8564,Scandinavian
22/3/2017,9:56:12,8564,Brownie
22/3/2017,9:56:58,8565,Pastry
22/3/2017,9:56:58,8565,Coffee
22/3/2017,10:12:09,8566,Coffee
22/3/2017,10:17:07,8567,Baguette
22/3/2017,10:30:11,8568,Farm House
22/3/2017,10:43:20,8569,Bread
22/3/2017,10:43:20,8569,Bread
22/3/2017,10:52:14,8570,Bread
22/3/2017,10:54:34,8571,Toast
22/3/2017,10:54:34,8571,Coffee
22/3/2017,11:24:22,8572,Coffee
22/3/2017,11:24:22,8572,Tea
22/3/2017,11:24:22,8572,Cookies
22/3/2017,11:26:09,8573,Tea
22/3/2017,11:26:09,8573,Smoothies
22/3/2017,11:26:39,8574,Farm House
22/3/2017,11:41:26,8575,Coffee
22/3/2017,11:48:55,8576,Bread
22/3/2017,12:10:11,8578,Chicken Stew
22/3/2017,12:10:11,8578,Juice
22/3/2017,12:17:41,8579,Coffee
22/3/2017,12:17:41,8579,Bread
22/3/2017,12:17:41,8579,Sandwich
22/3/2017,12:21:50,8580,Bread
22/3/2017,12:25:38,8581,Coffee
22/3/2017,12:25:38,8581,Toast
22/3/2017,12:27:13,8582,Soup
22/3/2017,12:27:13,8582,Cake
22/3/2017,12:27:13,8582,Coffee
22/3/2017,12:27:13,8582,Coffee
22/3/2017,12:31:37,8583,Coffee
22/3/2017,12:31:37,8583,Toast
22/3/2017,12:32:46,8584,Granola
22/3/2017,12:32:46,8584,Spanish Brunch
22/3/2017,12:32:46,8584,Bread
22/3/2017,12:32:46,8584,Mineral water
22/3/2017,12:32:46,8584,Tea
22/3/2017,12:38:01,8585,Bread
22/3/2017,12:48:14,8586,Sandwich
22/3/2017,12:48:14,8586,Coke
22/3/2017,12:48:41,8587,Soup
22/3/2017,12:48:41,8587,Coffee
22/3/2017,12:57:59,8588,Bread
22/3/2017,13:20:21,8589,Coffee
22/3/2017,13:20:21,8589,Coffee
22/3/2017,13:52:06,8590,Coffee
22/3/2017,13:52:06,8590,Coffee
22/3/2017,13:52:06,8590,Sandwich
22/3/2017,14:12:36,8591,Coffee
22/3/2017,14:12:36,8591,Tea
22/3/2017,14:12:36,8591,Cake
22/3/2017,14:12:36,8591,Bread
22/3/2017,14:13:57,8592,Pastry
22/3/2017,14:13:57,8592,Juice
22/3/2017,14:14:41,8593,Soup
22/3/2017,14:14:41,8593,Jam
22/3/2017,14:16:48,8594,Coffee
22/3/2017,14:16:48,8594,Coffee
22/3/2017,14:16:48,8594,Tea
22/3/2017,14:16:48,8594,Salad
22/3/2017,14:16:48,8594,Spanish Brunch
22/3/2017,14:17:59,8595,Bread
22/3/2017,14:19:00,8596,Pastry
22/3/2017,14:37:12,8597,Bread
22/3/2017,14:37:12,8597,Cake
22/3/2017,14:37:12,8597,Bread
22/3/2017,14:37:12,8597,Juice
22/3/2017,14:37:12,8597,Coffee
22/3/2017,14:57:31,8598,Mortimer
22/3/2017,15:15:29,8599,Coffee
22/3/2017,15:53:40,8600,Coffee
22/3/2017,15:53:40,8600,Coffee
22/3/2017,15:56:58,8601,Coke
22/3/2017,16:04:20,8602,Truffles
22/3/2017,16:04:20,8602,Juice
22/3/2017,16:06:14,8603,Coffee
22/3/2017,16:06:14,8603,Tea
22/3/2017,16:06:14,8603,Soup
22/3/2017,16:06:14,8603,Bread
22/3/2017,16:25:42,8604,Coffee
22/3/2017,17:04:07,8605,Juice
22/3/2017,17:04:07,8605,Tea
22/3/2017,17:04:07,8605,Cookies
22/3/2017,17:04:07,8605,Bread
22/3/2017,17:04:07,8605,Jam
23/3/2017,8:26:51,8606,Coffee
23/3/2017,8:30:08,8607,Coffee
23/3/2017,8:30:08,8607,Pastry
23/3/2017,8:51:46,8608,Bread
23/3/2017,8:51:46,8608,Pastry
23/3/2017,9:11:31,8609,Coffee
23/3/2017,9:22:47,8610,Coffee
23/3/2017,9:35:44,8611,Bread
23/3/2017,9:52:27,8612,Coffee
23/3/2017,10:14:22,8613,Bread
23/3/2017,10:16:00,8614,Coffee
23/3/2017,10:16:00,8614,Coffee
23/3/2017,10:16:00,8614,Bread
23/3/2017,10:16:00,8614,Pastry
23/3/2017,10:18:01,8615,Cake
23/3/2017,10:37:19,8616,Bread
23/3/2017,10:46:42,8617,Juice
23/3/2017,10:46:42,8617,Tiffin
23/3/2017,10:49:10,8618,Coffee
23/3/2017,10:49:10,8618,Brownie
23/3/2017,10:49:10,8618,Cookies
23/3/2017,10:52:01,8619,Cookies
23/3/2017,10:52:01,8619,Pastry
23/3/2017,10:52:01,8619,Tea
23/3/2017,10:56:06,8620,Juice
23/3/2017,10:56:06,8620,Bread
23/3/2017,11:01:32,8621,Coffee
23/3/2017,11:01:32,8621,Toast
23/3/2017,11:01:32,8621,Bread
23/3/2017,11:15:08,8622,Bread
23/3/2017,11:25:04,8623,Juice
23/3/2017,11:25:04,8623,Hot chocolate
23/3/2017,11:25:04,8623,Coffee
23/3/2017,11:25:04,8623,Cake
23/3/2017,11:29:55,8624,Bread
23/3/2017,11:29:55,8624,Brownie
23/3/2017,11:30:23,8625,Pastry
23/3/2017,11:30:23,8625,Coffee
23/3/2017,11:33:54,8626,Bread
23/3/2017,11:33:54,8626,Tiffin
23/3/2017,11:33:54,8626,Brownie
23/3/2017,11:33:54,8626,Bread
23/3/2017,11:33:54,8626,Farm House
23/3/2017,11:44:27,8627,Bread
23/3/2017,11:44:27,8627,Sandwich
23/3/2017,12:16:36,8628,Bread
23/3/2017,12:18:08,8629,Brownie
23/3/2017,12:31:09,8630,Bread
23/3/2017,12:42:52,8631,Soup
23/3/2017,12:42:52,8631,Sandwich
23/3/2017,12:42:52,8631,Mineral water
23/3/2017,12:42:52,8631,Juice
23/3/2017,12:42:52,8631,Coffee
23/3/2017,12:46:12,8632,Pastry
23/3/2017,12:46:12,8632,Coffee
23/3/2017,12:48:02,8633,Cake
23/3/2017,12:48:02,8633,Chicken Stew
23/3/2017,12:48:02,8633,Soup
23/3/2017,12:48:02,8633,Bread
23/3/2017,13:06:25,8634,Coffee
23/3/2017,13:06:25,8634,Chicken Stew
23/3/2017,13:11:35,8635,Spanish Brunch
23/3/2017,13:11:35,8635,Chicken Stew
23/3/2017,13:11:35,8635,Juice
23/3/2017,13:16:06,8636,Coffee
23/3/2017,13:16:06,8636,Cookies
23/3/2017,13:16:56,8637,Bread
23/3/2017,13:16:56,8637,Sandwich
23/3/2017,13:17:35,8638,Soup
23/3/2017,13:44:49,8639,Argentina Night
23/3/2017,13:44:49,8639,Bread
23/3/2017,13:44:49,8639,Sandwich
23/3/2017,13:46:24,8640,Bread
23/3/2017,13:46:24,8640,Coffee
23/3/2017,13:53:17,8641,Salad
23/3/2017,13:53:17,8641,Truffles
23/3/2017,13:53:17,8641,Coke
23/3/2017,13:53:17,8641,Baguette
23/3/2017,14:00:35,8642,Pastry
23/3/2017,14:00:35,8642,Medialuna
23/3/2017,14:00:35,8642,Medialuna
23/3/2017,14:01:35,8643,Tea
23/3/2017,14:01:35,8643,Tea
23/3/2017,14:01:35,8643,Bread
23/3/2017,14:01:35,8643,Soup
23/3/2017,14:01:35,8643,Spanish Brunch
23/3/2017,14:01:35,8643,Chicken Stew
23/3/2017,14:06:47,8644,Sandwich
23/3/2017,14:06:47,8644,Spanish Brunch
23/3/2017,14:06:47,8644,Coffee
23/3/2017,14:06:47,8644,Coffee
23/3/2017,14:06:47,8644,Bread
23/3/2017,14:06:47,8644,Juice
23/3/2017,14:06:47,8644,Nomad bag
23/3/2017,14:09:37,8645,Coffee
23/3/2017,14:29:09,8646,Tiffin
23/3/2017,14:30:20,8647,Coffee
23/3/2017,14:38:53,8648,Baguette
23/3/2017,14:38:53,8648,Pastry
23/3/2017,14:42:39,8649,Pastry
23/3/2017,14:42:39,8649,Coffee
23/3/2017,14:43:26,8650,Coffee
23/3/2017,14:43:26,8650,Bread
23/3/2017,14:46:34,8651,Tea
23/3/2017,14:46:34,8651,Brownie
23/3/2017,14:49:33,8652,Coffee
23/3/2017,15:07:32,8653,Cake
23/3/2017,15:14:23,8654,Coffee
23/3/2017,15:18:08,8655,Coffee
23/3/2017,15:18:08,8655,Cake
23/3/2017,15:19:11,8656,Bread
23/3/2017,15:19:11,8656,Coffee
23/3/2017,15:19:11,8656,Truffles
23/3/2017,15:19:11,8656,Chicken Stew
23/3/2017,15:43:04,8657,Farm House
23/3/2017,15:48:14,8658,Bread
23/3/2017,15:56:13,8659,Coffee
23/3/2017,16:07:04,8660,Hot chocolate
23/3/2017,16:07:04,8660,Drinking chocolate spoons
23/3/2017,16:34:12,8661,Tiffin
23/3/2017,16:34:12,8661,Smoothies
23/3/2017,16:34:12,8661,Coffee
23/3/2017,17:05:04,8662,Mortimer
24/3/2017,8:01:27,8663,Cookies
24/3/2017,8:01:27,8663,Brownie
24/3/2017,8:01:27,8663,Coffee
24/3/2017,8:54:54,8664,Tea
24/3/2017,8:54:54,8664,Coffee
24/3/2017,8:54:54,8664,Coffee
24/3/2017,9:04:56,8665,Coffee
24/3/2017,9:10:34,8666,Coffee
24/3/2017,9:10:34,8666,Medialuna
24/3/2017,9:12:47,8667,Coffee
24/3/2017,9:12:47,8667,Farm House
24/3/2017,9:15:00,8668,Baguette
24/3/2017,9:18:30,8669,Bread
24/3/2017,9:18:30,8669,Pastry
24/3/2017,9:50:01,8670,Coffee
24/3/2017,10:06:08,8671,Tea
24/3/2017,10:06:08,8671,Coffee
24/3/2017,10:06:08,8671,Coffee
24/3/2017,10:18:56,8672,Tiffin
24/3/2017,10:18:56,8672,Coffee
24/3/2017,10:19:28,8673,Tea
24/3/2017,10:19:28,8673,Pastry
24/3/2017,10:28:47,8674,Coffee
24/3/2017,10:40:06,8675,Bread
24/3/2017,10:40:06,8675,Baguette
24/3/2017,10:50:59,8676,Coffee
24/3/2017,10:50:59,8676,Juice
24/3/2017,10:52:44,8677,Spanish Brunch
24/3/2017,10:52:44,8677,Bread
24/3/2017,11:02:43,8678,Coffee
24/3/2017,11:06:12,8679,Bread
24/3/2017,11:06:12,8679,Scandinavian
24/3/2017,11:06:12,8679,Pastry
24/3/2017,11:08:52,8680,Coffee
24/3/2017,11:08:52,8680,Cookies
24/3/2017,11:08:52,8680,Scandinavian
24/3/2017,11:13:47,8681,Coffee
24/3/2017,11:13:47,8681,Muffin
24/3/2017,11:13:47,8681,Bread
24/3/2017,11:15:26,8682,Coffee
24/3/2017,11:18:49,8683,Coffee
24/3/2017,11:18:49,8683,Pastry
24/3/2017,11:18:49,8683,Bread
24/3/2017,11:29:38,8684,Coffee
24/3/2017,11:29:38,8684,Coffee
24/3/2017,11:29:38,8684,Coffee
24/3/2017,11:29:38,8684,Tea
24/3/2017,11:31:40,8685,Coffee
24/3/2017,11:31:40,8685,Coffee
24/3/2017,11:31:40,8685,Bread
24/3/2017,11:31:40,8685,Cake
24/3/2017,11:32:31,8686,Baguette
24/3/2017,11:34:03,8687,Coffee
24/3/2017,11:34:03,8687,Pastry
24/3/2017,11:46:37,8689,Bread
24/3/2017,11:50:26,8690,Coffee
24/3/2017,11:50:26,8690,Coffee
24/3/2017,11:50:26,8690,Brownie
24/3/2017,11:57:06,8691,Bread
24/3/2017,11:57:06,8691,Tiffin
24/3/2017,12:07:54,8692,Bread
24/3/2017,12:27:59,8693,Cookies
24/3/2017,12:27:59,8693,Bread
24/3/2017,12:40:43,8694,Coffee
24/3/2017,12:47:11,8695,Bread
24/3/2017,12:47:11,8695,Muffin
24/3/2017,12:51:02,8696,Tiffin
24/3/2017,12:51:02,8696,Chicken Stew
24/3/2017,12:51:02,8696,Bread
24/3/2017,12:53:28,8697,Bread
24/3/2017,12:53:28,8697,Chicken Stew
24/3/2017,12:59:29,8698,Coffee
24/3/2017,12:59:29,8698,Coffee
24/3/2017,12:59:29,8698,Spanish Brunch
24/3/2017,13:04:28,8699,Salad
24/3/2017,13:37:04,8700,Bread
24/3/2017,13:47:08,8701,Coffee
24/3/2017,13:47:08,8701,Sandwich
24/3/2017,13:49:41,8702,Coffee
24/3/2017,13:49:41,8702,Hot chocolate
24/3/2017,13:49:41,8702,Toast
24/3/2017,13:49:41,8702,Sandwich
24/3/2017,13:49:41,8702,Soup
24/3/2017,13:49:41,8702,Cake
24/3/2017,13:58:45,8703,Coffee
24/3/2017,14:12:11,8704,Muffin
24/3/2017,14:12:11,8704,Cake
24/3/2017,14:13:56,8705,Cookies
24/3/2017,14:13:56,8705,Cake
24/3/2017,14:13:56,8705,Coffee
24/3/2017,14:13:56,8705,Coffee
24/3/2017,14:27:30,8706,Coffee
24/3/2017,14:27:30,8706,Truffles
24/3/2017,14:27:30,8706,Soup
24/3/2017,14:27:30,8706,Sandwich
24/3/2017,14:37:19,8707,Spanish Brunch
24/3/2017,14:37:19,8707,Bread
24/3/2017,14:44:56,8708,Mineral water
24/3/2017,14:44:56,8708,Truffles
24/3/2017,14:46:00,8709,Jam
24/3/2017,14:46:00,8709,Jam
24/3/2017,14:49:20,8710,Coffee
24/3/2017,14:49:20,8710,Toast
24/3/2017,15:24:22,8711,Spanish Brunch
24/3/2017,15:24:22,8711,Baguette
24/3/2017,15:27:27,8712,Coffee
24/3/2017,15:27:27,8712,Juice
24/3/2017,15:27:27,8712,Cake
24/3/2017,15:44:45,8713,Brownie
24/3/2017,15:44:45,8713,Coffee
24/3/2017,15:44:45,8713,Coffee
24/3/2017,15:54:36,8714,Tea
24/3/2017,15:54:36,8714,Cake
24/3/2017,15:54:36,8714,Bread
24/3/2017,16:05:47,8715,Bread
24/3/2017,16:05:47,8715,Bread
24/3/2017,16:05:47,8715,Eggs
24/3/2017,16:07:57,8716,Tea
24/3/2017,16:07:57,8716,Juice
24/3/2017,16:07:57,8716,Cookies
24/3/2017,16:15:02,8717,Coffee
24/3/2017,16:15:02,8717,Coffee
24/3/2017,16:15:02,8717,Cake
24/3/2017,16:15:02,8717,Bread
24/3/2017,16:31:13,8718,Coffee
24/3/2017,16:31:13,8718,Cake
24/3/2017,16:39:25,8719,Tiffin
24/3/2017,16:39:25,8719,Truffles
24/3/2017,16:39:25,8719,Coffee
24/3/2017,16:56:08,8720,Tea
24/3/2017,16:56:08,8720,Truffles
25/3/2017,8:17:14,8721,Bread
25/3/2017,8:18:32,8722,Coffee
25/3/2017,8:40:25,8723,Coffee
25/3/2017,8:40:25,8723,Baguette
25/3/2017,8:54:35,8724,Coffee
25/3/2017,8:54:35,8724,Toast
25/3/2017,8:56:00,8725,Juice
25/3/2017,8:56:00,8725,Coffee
25/3/2017,8:56:00,8725,Bread
25/3/2017,8:56:00,8725,Spanish Brunch
25/3/2017,9:03:45,8726,Farm House
25/3/2017,9:05:24,8727,Bread
25/3/2017,9:05:24,8727,Cake
25/3/2017,9:05:24,8727,Pastry
25/3/2017,9:06:44,8728,Coffee
25/3/2017,9:29:49,8729,Bread
25/3/2017,9:29:49,8729,Pastry
25/3/2017,9:37:53,8730,Farm House
25/3/2017,9:37:53,8730,Cookies
25/3/2017,9:39:39,8731,Pastry
25/3/2017,9:41:05,8732,Baguette
25/3/2017,9:41:05,8732,Farm House
25/3/2017,9:47:14,8733,Jammie Dodgers
25/3/2017,9:47:14,8733,Tea
25/3/2017,9:49:51,8734,Bread
25/3/2017,9:49:51,8734,Scandinavian
25/3/2017,9:51:22,8735,Bread
25/3/2017,9:51:22,8735,Pastry
25/3/2017,9:53:20,8736,Coffee
25/3/2017,9:53:20,8736,Muffin
25/3/2017,10:04:58,8737,Scandinavian
25/3/2017,10:04:58,8737,Baguette
25/3/2017,10:04:58,8737,Muffin
25/3/2017,10:04:58,8737,Cake
25/3/2017,10:07:29,8738,Pastry
25/3/2017,10:07:29,8738,Jammie Dodgers
25/3/2017,10:07:29,8738,Cookies
25/3/2017,10:09:54,8739,Bread
25/3/2017,10:09:54,8739,Hot chocolate
25/3/2017,10:09:54,8739,Hot chocolate
25/3/2017,10:09:54,8739,Drinking chocolate spoons
25/3/2017,10:09:54,8739,Muffin
25/3/2017,10:09:54,8739,Pastry
25/3/2017,10:10:44,8740,Scandinavian
25/3/2017,10:12:05,8741,Bread
25/3/2017,10:12:05,8741,Bread
25/3/2017,10:14:49,8742,Coffee
25/3/2017,10:14:49,8742,Cake
25/3/2017,10:17:28,8743,Bread
25/3/2017,10:36:06,8744,Bread
25/3/2017,10:36:06,8744,Pastry
25/3/2017,10:36:06,8744,Pastry
25/3/2017,10:36:37,8745,Bread
25/3/2017,10:42:46,8746,Bread
25/3/2017,10:43:52,8747,Coffee
25/3/2017,10:58:08,8748,Spanish Brunch
25/3/2017,10:58:08,8748,Coffee
25/3/2017,11:00:25,8749,Coffee
25/3/2017,11:00:25,8749,Juice
25/3/2017,11:00:25,8749,Jammie Dodgers
25/3/2017,11:00:25,8749,Cookies
25/3/2017,11:02:14,8750,Muffin
25/3/2017,11:02:14,8750,Pastry
25/3/2017,11:02:14,8750,Bread
25/3/2017,11:02:52,8751,Coffee
25/3/2017,11:04:26,8752,Coffee
25/3/2017,11:04:26,8752,Juice
25/3/2017,11:04:26,8752,Pastry
25/3/2017,11:05:39,8753,Hot chocolate
25/3/2017,11:05:39,8753,Coffee
25/3/2017,11:05:39,8753,Bread
25/3/2017,11:05:39,8753,Scandinavian
25/3/2017,11:05:39,8753,Cookies
25/3/2017,11:06:56,8754,Tiffin
25/3/2017,11:06:56,8754,Coffee
25/3/2017,11:06:56,8754,Bread
25/3/2017,11:11:17,8755,Coffee
25/3/2017,11:11:17,8755,Coffee
25/3/2017,11:11:17,8755,Pastry
25/3/2017,11:13:02,8756,Coffee
25/3/2017,11:13:02,8756,Bread
25/3/2017,11:13:02,8756,Cake
25/3/2017,11:21:36,8757,Farm House
25/3/2017,11:21:36,8757,Coffee granules
25/3/2017,11:35:41,8758,Coffee
25/3/2017,11:35:41,8758,Bread
25/3/2017,11:35:41,8758,Muffin
25/3/2017,11:36:46,8759,Bread
25/3/2017,11:41:48,8760,Coffee
25/3/2017,11:41:48,8760,Muffin
25/3/2017,11:41:48,8760,Cake
25/3/2017,11:41:48,8760,Pastry
25/3/2017,11:41:48,8760,Spanish Brunch
25/3/2017,11:41:48,8760,Smoothies
25/3/2017,11:44:00,8761,Duck egg
25/3/2017,11:44:00,8761,Spanish Brunch
25/3/2017,11:44:00,8761,Coffee
25/3/2017,11:50:59,8762,Scandinavian
25/3/2017,11:51:41,8763,Cookies
25/3/2017,11:51:41,8763,Muffin
25/3/2017,11:51:41,8763,Pastry
25/3/2017,11:53:37,8764,Muffin
25/3/2017,11:53:37,8764,Juice
25/3/2017,11:53:37,8764,Smoothies
25/3/2017,11:58:40,8765,Bread
25/3/2017,11:58:40,8765,Cake
25/3/2017,11:59:20,8766,Coffee
25/3/2017,12:00:59,8767,Cookies
25/3/2017,12:02:06,8768,Scandinavian
25/3/2017,12:02:06,8768,Eggs
25/3/2017,12:05:56,8769,Bread
25/3/2017,12:16:23,8770,The Nomad
25/3/2017,12:19:15,8771,Cake
25/3/2017,12:19:15,8771,Scandinavian
25/3/2017,12:19:15,8771,Coffee
25/3/2017,12:19:15,8771,Coffee
25/3/2017,12:24:30,8772,Bread
25/3/2017,12:24:30,8772,Cake
25/3/2017,12:24:30,8772,Juice
25/3/2017,12:29:04,8773,Muffin
25/3/2017,12:31:06,8774,Coffee
25/3/2017,12:31:06,8774,Sandwich
25/3/2017,12:36:15,8775,Bread
25/3/2017,12:38:34,8776,Coffee
25/3/2017,12:38:34,8776,Salad
25/3/2017,12:47:16,8777,Juice
25/3/2017,12:48:55,8778,Tea
25/3/2017,12:49:53,8779,Bread
25/3/2017,12:50:57,8780,Coffee
25/3/2017,12:50:57,8780,Coffee
25/3/2017,12:52:53,8781,Spanish Brunch
25/3/2017,12:52:53,8781,Tea
25/3/2017,12:52:53,8781,Juice
25/3/2017,12:52:53,8781,Coffee
25/3/2017,12:57:42,8782,Truffles
25/3/2017,12:57:42,8782,Mineral water
25/3/2017,12:57:42,8782,Soup
25/3/2017,13:07:20,8783,Coke
25/3/2017,13:08:08,8784,Salad
25/3/2017,13:08:08,8784,Soup
25/3/2017,13:08:08,8784,Smoothies
25/3/2017,13:11:01,8785,Coffee
25/3/2017,13:11:01,8785,Coffee
25/3/2017,13:11:01,8785,Soup
25/3/2017,13:11:01,8785,Spanish Brunch
25/3/2017,13:12:07,8786,Coffee
25/3/2017,13:12:07,8786,Bread
25/3/2017,13:12:07,8786,Cake
25/3/2017,13:13:19,8787,Mineral water
25/3/2017,13:19:43,8788,Coffee
25/3/2017,13:19:43,8788,Bread
25/3/2017,13:27:38,8789,Bread
25/3/2017,13:35:27,8790,Coffee
25/3/2017,13:35:27,8790,Pastry
25/3/2017,13:38:53,8791,Hot chocolate
25/3/2017,13:38:53,8791,Smoothies
25/3/2017,13:38:53,8791,Spanish Brunch
25/3/2017,13:43:16,8792,Coffee
25/3/2017,13:43:16,8792,Bread
25/3/2017,13:43:16,8792,Truffles
25/3/2017,13:43:16,8792,Spanish Brunch
25/3/2017,13:43:16,8792,Sandwich
25/3/2017,13:43:16,8792,Sandwich
25/3/2017,13:43:16,8792,Jammie Dodgers
25/3/2017,13:43:16,8792,Cake
25/3/2017,13:44:16,8793,Coke
25/3/2017,13:44:16,8793,Coffee
25/3/2017,13:44:16,8793,Coffee
25/3/2017,13:44:16,8793,Hot chocolate
25/3/2017,13:49:26,8794,Cake
25/3/2017,13:56:28,8795,Spanish Brunch
25/3/2017,13:56:28,8795,Coffee
25/3/2017,14:01:59,8796,Bread
25/3/2017,14:07:23,8797,Coffee
25/3/2017,14:20:21,8798,Tea
25/3/2017,14:20:21,8798,Coke
25/3/2017,14:20:21,8798,Cake
25/3/2017,14:21:15,8799,Bread
25/3/2017,14:21:15,8799,Tea
25/3/2017,14:23:15,8800,Coffee
25/3/2017,14:23:15,8800,Bread
25/3/2017,14:23:15,8800,Cake
25/3/2017,14:24:06,8801,Bread
25/3/2017,14:28:00,8802,Coffee
25/3/2017,14:28:00,8802,Salad
25/3/2017,14:28:00,8802,Extra Salami or Feta
25/3/2017,14:29:13,8803,Coffee
25/3/2017,14:29:13,8803,Coffee
25/3/2017,14:29:13,8803,Sandwich
25/3/2017,14:29:13,8803,Sandwich
25/3/2017,14:30:11,8804,Sandwich
25/3/2017,14:31:33,8805,Hot chocolate
25/3/2017,14:31:33,8805,Coffee
25/3/2017,14:31:33,8805,Muffin
25/3/2017,14:33:20,8806,Bread
25/3/2017,14:41:56,8807,Coffee
25/3/2017,14:41:56,8807,Salad
25/3/2017,14:43:32,8808,Coffee
25/3/2017,14:43:32,8808,Salad
25/3/2017,14:59:58,8809,Sandwich
25/3/2017,14:59:58,8809,Bread
25/3/2017,14:59:58,8809,Coffee
25/3/2017,15:22:29,8810,Hot chocolate
25/3/2017,15:22:29,8810,Cake
25/3/2017,15:25:11,8811,Coffee
25/3/2017,15:25:11,8811,Smoothies
25/3/2017,15:25:11,8811,Cake
25/3/2017,15:25:11,8811,Bread
25/3/2017,15:25:34,8812,Bread
25/3/2017,15:31:29,8813,Cake
25/3/2017,15:31:29,8813,Half slice Monster
25/3/2017,15:35:21,8814,Coffee
25/3/2017,15:35:21,8814,Juice
25/3/2017,15:35:21,8814,Juice
25/3/2017,15:35:21,8814,Spanish Brunch
25/3/2017,15:35:21,8814,Chicken Stew
25/3/2017,15:35:21,8814,The Nomad
25/3/2017,15:35:21,8814,Coke
25/3/2017,15:36:40,8815,Tea
25/3/2017,15:40:32,8816,Coffee
25/3/2017,15:40:32,8816,Cake
25/3/2017,15:48:42,8817,Coffee
25/3/2017,15:48:42,8817,Coffee
25/3/2017,15:48:42,8817,Tea
25/3/2017,15:50:43,8818,Truffles
25/3/2017,16:11:33,8819,Coffee
25/3/2017,16:11:33,8819,Coffee
25/3/2017,16:11:33,8819,Cake
25/3/2017,16:11:33,8819,Muffin
25/3/2017,16:13:16,8820,Bread
25/3/2017,16:17:18,8821,Bread
25/3/2017,16:31:03,8822,Bread
25/3/2017,16:31:03,8822,Cookies
25/3/2017,16:31:03,8822,Jammie Dodgers
25/3/2017,16:53:58,8823,Mineral water
25/3/2017,16:56:55,8824,Hot chocolate
25/3/2017,16:56:55,8824,Tea
25/3/2017,16:56:55,8824,Truffles
25/3/2017,16:56:55,8824,Cake
25/3/2017,16:56:55,8824,Muffin
25/3/2017,17:09:03,8825,Bread
25/3/2017,17:09:03,8825,Coffee
25/3/2017,17:09:03,8825,Juice
25/3/2017,17:09:03,8825,Cake
25/3/2017,17:15:48,8826,Mortimer
25/3/2017,17:15:48,8826,Coffee granules
26/3/2017,9:08:01,8827,Medialuna
26/3/2017,9:08:01,8827,Bread
26/3/2017,9:13:45,8828,Bread
26/3/2017,9:13:45,8828,Jam
26/3/2017,9:17:30,8829,Coffee
26/3/2017,9:17:30,8829,Medialuna
26/3/2017,9:23:11,8830,Coffee
26/3/2017,9:23:11,8830,Medialuna
26/3/2017,9:23:38,8831,Medialuna
26/3/2017,9:23:38,8831,Coffee
26/3/2017,9:30:22,8832,Pastry
26/3/2017,9:39:45,8833,Medialuna
26/3/2017,9:39:45,8833,Coffee
26/3/2017,9:46:10,8834,Coffee
26/3/2017,9:46:10,8834,Sandwich
26/3/2017,9:46:10,8834,Sandwich
26/3/2017,9:46:10,8834,Medialuna
26/3/2017,10:13:07,8835,Medialuna
26/3/2017,10:13:07,8835,Bread
26/3/2017,10:13:07,8835,Cake
26/3/2017,10:13:07,8835,Muffin
26/3/2017,10:13:07,8835,Granola
26/3/2017,10:13:07,8835,Sandwich
26/3/2017,10:13:07,8835,Coffee
26/3/2017,10:13:07,8835,Hot chocolate
26/3/2017,10:13:07,8835,Tea
26/3/2017,10:16:47,8836,Muffin
26/3/2017,10:38:51,8837,Jam
26/3/2017,10:38:51,8837,Bread
26/3/2017,10:42:26,8838,Coffee
26/3/2017,10:58:09,8839,Bread
26/3/2017,10:58:09,8839,Cake
26/3/2017,10:58:09,8839,Spanish Brunch
26/3/2017,11:01:00,8840,Spanish Brunch
26/3/2017,11:01:00,8840,Juice
26/3/2017,11:01:00,8840,Coffee
26/3/2017,11:05:58,8841,Bread
26/3/2017,11:06:47,8842,Bread
26/3/2017,11:06:47,8842,Bread
26/3/2017,11:09:44,8843,Pastry
26/3/2017,11:09:44,8843,Pastry
26/3/2017,11:16:59,8844,Coffee
26/3/2017,11:29:00,8845,Coffee
26/3/2017,11:29:00,8845,Bread
26/3/2017,11:29:00,8845,Coffee
26/3/2017,11:29:00,8845,Pastry
26/3/2017,11:38:01,8846,Muffin
26/3/2017,11:38:01,8846,Cake
26/3/2017,11:38:01,8846,Coffee
26/3/2017,11:38:01,8846,Tea
26/3/2017,11:38:59,8847,Bread
26/3/2017,11:38:59,8847,Baguette
26/3/2017,11:43:27,8848,Coffee
26/3/2017,11:43:27,8848,Coffee
26/3/2017,11:43:27,8848,Spanish Brunch
26/3/2017,11:43:27,8848,Extra Salami or Feta
26/3/2017,11:43:27,8848,Toast
26/3/2017,11:44:46,8849,Coffee
26/3/2017,11:44:46,8849,Coffee
26/3/2017,11:44:46,8849,Cake
26/3/2017,11:46:51,8850,Bread
26/3/2017,11:52:52,8851,Coffee
26/3/2017,11:52:52,8851,Coffee
26/3/2017,11:52:52,8851,Sandwich
26/3/2017,11:52:52,8851,Pastry
26/3/2017,11:58:46,8852,Bread
26/3/2017,12:05:24,8853,Coffee
26/3/2017,12:21:45,8854,Coffee
26/3/2017,12:22:30,8855,Baguette
26/3/2017,12:29:52,8856,Smoothies
26/3/2017,12:29:52,8856,Bread
26/3/2017,12:30:33,8857,Bread
26/3/2017,12:31:29,8858,Bread
26/3/2017,12:34:10,8859,Spanish Brunch
26/3/2017,12:34:10,8859,Juice
26/3/2017,12:34:10,8859,Coffee
26/3/2017,12:34:10,8859,Medialuna
26/3/2017,12:34:10,8859,Cake
26/3/2017,12:39:27,8860,Truffles
26/3/2017,12:39:27,8860,Toast
26/3/2017,12:40:20,8861,Spanish Brunch
26/3/2017,12:40:20,8861,Tea
26/3/2017,12:40:20,8861,Coffee
26/3/2017,12:40:45,8862,Bread
26/3/2017,12:52:53,8863,Coffee
26/3/2017,12:52:53,8863,Juice
26/3/2017,12:52:53,8863,Brownie
26/3/2017,13:01:49,8864,Baguette
26/3/2017,13:02:33,8865,Bread
26/3/2017,13:25:51,8866,Bread
26/3/2017,13:28:49,8867,Smoothies
26/3/2017,13:37:28,8868,Coffee
26/3/2017,13:37:28,8868,Coke
26/3/2017,13:37:28,8868,Bread
26/3/2017,13:37:28,8868,Cake
26/3/2017,13:37:28,8868,Bread
26/3/2017,13:37:28,8868,Soup
26/3/2017,13:42:21,8869,Coffee
26/3/2017,13:42:21,8869,Smoothies
26/3/2017,13:42:21,8869,Bread
26/3/2017,13:42:21,8869,Cake
26/3/2017,13:44:38,8870,Tea
26/3/2017,13:44:38,8870,Sandwich
26/3/2017,13:45:58,8871,Sandwich
26/3/2017,13:45:58,8871,Sandwich
26/3/2017,13:45:58,8871,Sandwich
26/3/2017,13:45:58,8871,Coke
26/3/2017,13:45:58,8871,Juice
26/3/2017,13:45:58,8871,Mineral water
26/3/2017,13:56:27,8872,Bread
26/3/2017,14:17:28,8873,Baguette
26/3/2017,14:24:42,8874,Tea
26/3/2017,14:24:42,8874,Scone
26/3/2017,14:24:42,8874,Medialuna
26/3/2017,14:25:29,8875,Coffee
26/3/2017,14:30:39,8876,Coffee
26/3/2017,14:30:39,8876,Jammie Dodgers
26/3/2017,14:30:39,8876,Brownie
26/3/2017,14:30:39,8876,Hot chocolate
26/3/2017,14:30:39,8876,Hot chocolate
26/3/2017,14:47:37,8877,Brownie
26/3/2017,14:53:08,8878,Coffee
26/3/2017,14:53:08,8878,Coffee
26/3/2017,14:53:08,8878,Brownie
26/3/2017,14:53:08,8878,Cake
26/3/2017,14:54:02,8879,Brownie
26/3/2017,14:54:02,8879,Bread
26/3/2017,14:54:02,8879,Tea
26/3/2017,14:56:06,8880,Coffee
26/3/2017,14:56:06,8880,Sandwich
26/3/2017,14:58:07,8881,Sandwich
26/3/2017,14:58:07,8881,Sandwich
26/3/2017,14:58:07,8881,Coke
26/3/2017,14:58:07,8881,Juice
26/3/2017,15:00:27,8882,Coffee
26/3/2017,15:00:27,8882,Tea
26/3/2017,15:00:27,8882,Brownie
26/3/2017,15:00:27,8882,Sandwich
26/3/2017,15:00:27,8882,Sandwich
26/3/2017,15:00:27,8882,Bread
26/3/2017,15:04:50,8883,Cake
26/3/2017,15:06:12,8884,Muffin
26/3/2017,15:30:01,8885,Coffee
26/3/2017,15:30:01,8885,Coffee
26/3/2017,15:30:01,8885,Cake
26/3/2017,15:48:43,8886,Smoothies
26/3/2017,15:48:43,8886,Sandwich
26/3/2017,16:04:40,8887,Coffee
26/3/2017,16:04:40,8887,Brownie
26/3/2017,16:04:40,8887,Cake
26/3/2017,16:04:40,8887,Tea
26/3/2017,16:09:51,8888,Vegan Feast
26/3/2017,16:09:51,8888,Hot chocolate
26/3/2017,16:09:51,8888,Coffee
26/3/2017,16:09:51,8888,Brownie
26/3/2017,16:09:51,8888,Bread
26/3/2017,16:09:51,8888,Cookies
26/3/2017,16:12:40,8889,Sandwich
26/3/2017,16:12:40,8889,Sandwich
26/3/2017,16:12:40,8889,Bread
26/3/2017,16:12:40,8889,Juice
27/3/2017,8:30:01,8890,Bakewell
27/3/2017,8:30:01,8890,Coffee
27/3/2017,8:34:56,8891,Coffee
27/3/2017,8:34:56,8891,Muffin
27/3/2017,9:29:51,8892,Coffee
27/3/2017,9:49:31,8893,Bread
27/3/2017,10:36:19,8894,Tea
27/3/2017,10:36:19,8894,Toast
27/3/2017,10:37:15,8895,Hot chocolate
27/3/2017,10:37:15,8895,Toast
27/3/2017,10:43:45,8896,Coffee
27/3/2017,10:43:45,8896,Muffin
27/3/2017,10:47:29,8897,Coffee
27/3/2017,10:47:29,8897,Coffee
27/3/2017,10:47:29,8897,Tea
27/3/2017,10:47:53,8898,Coffee
27/3/2017,11:09:11,8899,Toast
27/3/2017,11:12:48,8900,Coffee
27/3/2017,11:12:48,8900,Muffin
27/3/2017,11:13:13,8901,Tea
27/3/2017,11:13:13,8901,Scone
27/3/2017,11:14:01,8902,Tea
27/3/2017,11:14:01,8902,Bread
27/3/2017,11:16:55,8903,Coffee
27/3/2017,11:16:55,8903,Bread
27/3/2017,11:19:26,8904,Coffee
27/3/2017,11:19:26,8904,Tea
27/3/2017,11:31:40,8905,Coffee
27/3/2017,11:31:40,8905,Coffee
27/3/2017,11:54:13,8906,Bread
27/3/2017,11:54:13,8906,Coffee
27/3/2017,12:02:34,8907,Coffee
27/3/2017,12:03:57,8908,Coffee
27/3/2017,12:24:27,8909,Scone
27/3/2017,12:24:27,8909,Bakewell
27/3/2017,12:30:36,8910,Hot chocolate
27/3/2017,12:30:36,8910,Brownie
27/3/2017,12:34:27,8911,Coke
27/3/2017,12:34:27,8911,Muffin
27/3/2017,12:34:27,8911,Coffee
27/3/2017,12:39:53,8912,Coffee
27/3/2017,12:39:53,8912,Sandwich
27/3/2017,13:00:24,8913,Coke
27/3/2017,13:00:24,8913,Chicken Stew
27/3/2017,13:12:59,8914,Coffee
27/3/2017,13:12:59,8914,Tea
27/3/2017,13:12:59,8914,The Nomad
27/3/2017,13:12:59,8914,Scone
27/3/2017,13:16:08,8915,Coffee
27/3/2017,13:19:27,8916,Coffee
27/3/2017,13:19:27,8916,Coffee
27/3/2017,13:19:27,8916,Chicken Stew
27/3/2017,13:21:52,8917,Bread
27/3/2017,13:39:18,8918,Bakewell
27/3/2017,13:42:10,8919,Brownie
27/3/2017,13:42:10,8919,Jammie Dodgers
27/3/2017,13:42:10,8919,Bread
27/3/2017,13:42:10,8919,Chicken Stew
27/3/2017,13:42:10,8919,Sandwich
27/3/2017,13:42:10,8919,Tea
27/3/2017,13:42:10,8919,Tea
27/3/2017,13:53:18,8921,Coffee
27/3/2017,14:12:05,8922,Coffee
27/3/2017,14:12:05,8922,Coke
27/3/2017,14:12:05,8922,Sandwich
27/3/2017,14:14:05,8923,Coffee
27/3/2017,14:14:05,8923,Jammie Dodgers
27/3/2017,14:41:31,8924,Coffee
27/3/2017,14:41:31,8924,Coke
27/3/2017,14:41:31,8924,Mineral water
27/3/2017,14:41:31,8924,Bakewell
27/3/2017,14:41:31,8924,Salad
27/3/2017,14:47:26,8925,Sandwich
27/3/2017,14:47:26,8925,Coffee
27/3/2017,14:47:26,8925,Bakewell
27/3/2017,15:30:50,8926,Coffee
27/3/2017,15:32:09,8927,Tea
27/3/2017,15:32:09,8927,Muffin
27/3/2017,15:33:17,8928,Coffee
27/3/2017,15:33:17,8928,Bread
27/3/2017,15:36:11,8929,Soup
27/3/2017,15:36:11,8929,Tea
27/3/2017,15:36:41,8930,Cookies
27/3/2017,16:05:51,8931,Tea
27/3/2017,16:12:55,8932,Coffee
27/3/2017,16:12:55,8932,Sandwich
27/3/2017,16:50:24,8933,Mineral water
28/3/2017,8:55:06,8934,Coffee
28/3/2017,9:19:15,8935,Coffee
28/3/2017,9:19:15,8935,Bread
28/3/2017,9:27:00,8936,Coffee
28/3/2017,9:51:26,8937,Bread
28/3/2017,10:04:52,8938,Coffee
28/3/2017,10:04:52,8938,Toast
28/3/2017,10:05:19,8939,Coffee
28/3/2017,10:11:49,8940,Coffee
28/3/2017,10:11:49,8940,Coffee
28/3/2017,10:11:49,8940,Bakewell
28/3/2017,10:36:56,8941,Coffee
28/3/2017,10:36:56,8941,Coffee
28/3/2017,10:36:56,8941,Sandwich
28/3/2017,10:39:01,8942,Coffee
28/3/2017,10:49:15,8943,Coffee
28/3/2017,10:49:15,8943,Pastry
28/3/2017,10:54:26,8944,Baguette
28/3/2017,11:06:59,8945,Coffee
28/3/2017,11:06:59,8945,Tea
28/3/2017,11:06:59,8945,Cookies
28/3/2017,11:17:22,8946,Coffee
28/3/2017,11:17:22,8946,Tea
28/3/2017,11:19:39,8947,Coffee
28/3/2017,11:19:39,8947,Hot chocolate
28/3/2017,11:19:39,8947,Pastry
28/3/2017,11:21:43,8948,Jammie Dodgers
28/3/2017,11:21:43,8948,Cookies
28/3/2017,11:21:43,8948,Bakewell
28/3/2017,11:21:43,8948,Coffee
28/3/2017,11:28:39,8949,Coffee
28/3/2017,11:28:39,8949,Coffee
28/3/2017,11:28:39,8949,Pastry
28/3/2017,11:33:06,8950,Pastry
28/3/2017,11:33:06,8950,Coffee
28/3/2017,11:33:06,8950,Tea
28/3/2017,11:48:03,8951,Coffee
28/3/2017,12:05:40,8952,Pastry
28/3/2017,12:14:03,8953,Coffee
28/3/2017,12:22:28,8954,Farm House
28/3/2017,12:32:11,8955,Coffee
28/3/2017,12:50:35,8956,Pastry
28/3/2017,12:50:35,8956,Truffles
28/3/2017,12:50:35,8956,Bakewell
28/3/2017,12:51:57,8957,Baguette
28/3/2017,12:51:57,8957,Bread
28/3/2017,12:56:04,8958,Eggs
28/3/2017,13:00:27,8959,Coke
28/3/2017,13:00:27,8959,Coffee
28/3/2017,13:00:27,8959,Sandwich
28/3/2017,13:00:27,8959,Muffin
28/3/2017,13:01:09,8960,Bakewell
28/3/2017,13:01:09,8960,Coffee
28/3/2017,13:01:09,8960,Soup
28/3/2017,13:13:51,8961,Cake
28/3/2017,13:13:51,8961,Muffin
28/3/2017,13:19:55,8962,Toast
28/3/2017,13:19:55,8962,Sandwich
28/3/2017,13:19:55,8962,Mineral water
28/3/2017,13:19:55,8962,Coke
28/3/2017,13:27:27,8963,Juice
28/3/2017,13:27:27,8963,Bread
28/3/2017,13:27:27,8963,Toast
28/3/2017,13:27:27,8963,Sandwich
28/3/2017,13:27:27,8963,Sandwich
28/3/2017,13:27:27,8963,Bakewell
28/3/2017,13:30:48,8964,Sandwich
28/3/2017,13:30:48,8964,Mineral water
28/3/2017,13:31:19,8965,Tea
28/3/2017,13:31:19,8965,Sandwich
28/3/2017,13:31:59,8966,Tea
28/3/2017,13:31:59,8966,Sandwich
28/3/2017,13:47:25,8967,Soup
28/3/2017,13:47:25,8967,Coffee
28/3/2017,13:53:42,8968,Soup
28/3/2017,13:58:38,8969,Muffin
28/3/2017,13:58:38,8969,Tea
28/3/2017,14:01:36,8970,Coffee
28/3/2017,14:01:36,8970,Sandwich
28/3/2017,14:08:05,8971,Soup
28/3/2017,14:08:05,8971,Coffee
28/3/2017,14:08:05,8971,Muffin
28/3/2017,14:18:01,8973,Soup
28/3/2017,14:18:01,8973,Cake
28/3/2017,14:18:01,8973,Juice
28/3/2017,14:22:30,8974,Soup
28/3/2017,14:22:30,8974,Salad
28/3/2017,14:24:11,8975,Bread
28/3/2017,14:36:21,8976,Hot chocolate
28/3/2017,14:36:21,8976,Coffee
28/3/2017,14:36:21,8976,Toast
28/3/2017,14:36:21,8976,Muffin
28/3/2017,14:42:33,8977,Coffee
28/3/2017,14:47:22,8978,Bread
28/3/2017,14:55:33,8979,Toast
28/3/2017,15:14:56,8980,Tea
28/3/2017,15:14:56,8980,Cookies
28/3/2017,15:29:15,8981,Coffee
28/3/2017,15:29:15,8981,Scone
28/3/2017,15:30:25,8982,Coffee
28/3/2017,15:30:25,8982,Chicken Stew
28/3/2017,15:39:03,8983,Bread
28/3/2017,15:39:03,8983,Cookies
28/3/2017,16:02:33,8985,Cookies
28/3/2017,16:02:33,8985,Muffin
28/3/2017,16:40:55,8986,Cookies
28/3/2017,16:40:55,8986,Bread
28/3/2017,16:52:03,8987,Coffee
28/3/2017,16:52:03,8987,Coffee
28/3/2017,16:52:03,8987,Salad
29/3/2017,8:21:23,8988,Coffee
29/3/2017,8:29:28,8989,Coffee
29/3/2017,8:33:51,8990,Hot chocolate
29/3/2017,8:33:51,8990,Bread
29/3/2017,8:33:51,8990,Cookies
29/3/2017,8:43:53,8991,Bread
29/3/2017,9:00:15,8992,Tea
29/3/2017,9:00:15,8992,Juice
29/3/2017,9:00:15,8992,Cookies
29/3/2017,9:23:51,8993,Bread
29/3/2017,9:23:51,8993,Spanish Brunch
29/3/2017,9:45:17,8994,Granola
29/3/2017,10:17:10,8995,Smoothies
29/3/2017,10:26:24,8996,Farm House
29/3/2017,10:26:24,8996,Hot chocolate
29/3/2017,10:40:42,8997,Bread
29/3/2017,10:46:30,8998,Coffee
29/3/2017,10:51:12,8999,Bread
29/3/2017,10:51:12,8999,Cake
29/3/2017,10:51:12,8999,Coffee
29/3/2017,10:51:12,8999,Coffee
29/3/2017,10:51:12,8999,Coffee
29/3/2017,11:10:49,9000,Toast
29/3/2017,11:10:49,9000,Coffee
29/3/2017,11:17:09,9001,Coffee
29/3/2017,11:17:09,9001,Coffee
29/3/2017,11:28:04,9002,Bread
29/3/2017,11:33:05,9003,Coffee
29/3/2017,11:44:25,9004,Bread
29/3/2017,11:50:14,9005,Juice
29/3/2017,11:50:14,9005,Coke
29/3/2017,11:50:14,9005,Medialuna
29/3/2017,11:50:14,9005,Sandwich
29/3/2017,12:02:09,9006,Coffee
29/3/2017,12:02:09,9006,Toast
29/3/2017,12:23:10,9007,Coffee
29/3/2017,12:40:48,9008,Coffee
29/3/2017,12:40:48,9008,Tea
29/3/2017,12:40:48,9008,Cake
29/3/2017,12:40:48,9008,Medialuna
29/3/2017,12:46:00,9009,Bread
29/3/2017,12:48:39,9010,Spanish Brunch
29/3/2017,12:48:39,9010,Art Tray
29/3/2017,12:48:39,9010,Coffee
29/3/2017,12:48:39,9010,Coffee
29/3/2017,12:48:39,9010,Juice
29/3/2017,12:58:43,9011,Coffee
29/3/2017,12:58:43,9011,Bread
29/3/2017,12:58:43,9011,Chicken Stew
29/3/2017,12:58:43,9011,Soup
29/3/2017,12:58:43,9011,Bread
29/3/2017,13:17:18,9012,Coffee
29/3/2017,13:18:31,9013,Tea
29/3/2017,13:18:31,9013,Coffee
29/3/2017,13:18:31,9013,Cookies
29/3/2017,13:18:31,9013,Sandwich
29/3/2017,13:29:00,9014,Bread
29/3/2017,13:37:14,9015,Tea
29/3/2017,13:37:14,9015,Cake
29/3/2017,13:37:14,9015,Soup
29/3/2017,13:45:30,9016,Bread
29/3/2017,13:58:07,9017,Tea
29/3/2017,13:58:07,9017,Coffee
29/3/2017,13:58:07,9017,Soup
29/3/2017,13:58:07,9017,Cake
29/3/2017,14:04:20,9018,Scone
29/3/2017,14:04:20,9018,Coffee
29/3/2017,14:10:44,9019,Bread
29/3/2017,14:10:44,9019,Muffin
29/3/2017,14:14:24,9020,Coffee
29/3/2017,14:14:24,9020,Spanish Brunch
29/3/2017,14:47:20,9021,Coffee
29/3/2017,14:47:20,9021,Tea
29/3/2017,14:47:20,9021,Coffee
29/3/2017,14:48:07,9022,Tea
29/3/2017,14:48:07,9022,Tea
29/3/2017,14:48:07,9022,Raw bars
29/3/2017,15:33:59,9023,Coffee
29/3/2017,15:33:59,9023,Medialuna
29/3/2017,15:33:59,9023,Muffin
29/3/2017,15:37:31,9024,Bread
29/3/2017,15:37:31,9024,Coffee
29/3/2017,15:37:31,9024,Bread
29/3/2017,15:37:31,9024,Drinking chocolate spoons
29/3/2017,16:01:01,9025,Coffee
29/3/2017,16:01:01,9025,Tea
29/3/2017,16:01:01,9025,Tiffin
29/3/2017,16:15:25,9026,Spanish Brunch
29/3/2017,16:15:25,9026,Truffles
29/3/2017,16:15:25,9026,Coffee
29/3/2017,16:15:25,9026,Coffee
29/3/2017,16:46:43,9027,Coffee
29/3/2017,16:47:36,9028,Juice
29/3/2017,16:48:23,9029,Tea
29/3/2017,16:54:48,9030,Coffee
29/3/2017,16:54:48,9030,Jammie Dodgers
29/3/2017,16:59:23,9031,Soup
29/3/2017,16:59:23,9031,Tea
29/3/2017,16:59:23,9031,Cake
30/3/2017,8:34:54,9032,Coffee
30/3/2017,8:40:05,9033,Christmas common
30/3/2017,8:41:02,9034,Christmas common
30/3/2017,8:41:54,9035,Christmas common
30/3/2017,8:56:11,9036,Hot chocolate
30/3/2017,8:56:11,9036,Hot chocolate
30/3/2017,8:56:11,9036,Coffee
30/3/2017,8:56:11,9036,Toast
30/3/2017,8:57:10,9037,Coffee
30/3/2017,8:57:29,9038,Mortimer
30/3/2017,9:05:13,9039,Bread
30/3/2017,9:08:34,9040,Bread
30/3/2017,9:08:34,9040,Muffin
30/3/2017,9:13:42,9041,Coffee
30/3/2017,9:13:42,9041,Cookies
30/3/2017,9:17:49,9042,Coffee
30/3/2017,9:18:40,9043,Tea
30/3/2017,9:18:40,9043,Tea
30/3/2017,9:18:40,9043,Cake
30/3/2017,9:53:11,9044,Coffee
30/3/2017,9:53:11,9044,Coffee
30/3/2017,9:59:48,9045,Bread
30/3/2017,10:26:47,9046,Tea
30/3/2017,10:26:47,9046,Toast
30/3/2017,10:26:47,9046,Bread
30/3/2017,10:31:44,9047,Bread
30/3/2017,10:31:44,9047,Coffee
30/3/2017,10:31:44,9047,Hot chocolate
30/3/2017,10:38:13,9048,Bread
30/3/2017,10:41:15,9049,Baguette
30/3/2017,10:41:15,9049,Bakewell
30/3/2017,10:43:01,9051,Jammie Dodgers
30/3/2017,10:43:01,9051,Smoothies
30/3/2017,10:45:56,9052,Jammie Dodgers
30/3/2017,10:45:56,9052,Tiffin
30/3/2017,10:58:52,9053,Cake
30/3/2017,10:58:52,9053,Bread
30/3/2017,10:58:52,9053,Coffee
30/3/2017,10:58:52,9053,Coffee
30/3/2017,10:58:52,9053,Baguette
30/3/2017,11:00:00,9054,Bread
30/3/2017,11:11:32,9055,Farm House
30/3/2017,11:12:01,9056,Coffee
30/3/2017,11:18:11,9057,Coffee
30/3/2017,11:18:41,9058,Juice
30/3/2017,11:18:41,9058,Hot chocolate
30/3/2017,11:18:41,9058,Muffin
30/3/2017,11:26:24,9059,Coffee
30/3/2017,11:26:24,9059,Muffin
30/3/2017,11:49:19,9060,Bread
30/3/2017,11:49:19,9060,Cake
30/3/2017,11:49:19,9060,Jammie Dodgers
30/3/2017,11:49:19,9060,Tea
30/3/2017,11:49:19,9060,Truffles
30/3/2017,12:02:28,9061,Coffee
30/3/2017,12:02:28,9061,Bakewell
30/3/2017,12:04:38,9062,Sandwich
30/3/2017,12:19:27,9063,Cake
30/3/2017,12:19:27,9063,Truffles
30/3/2017,12:34:38,9064,Salad
30/3/2017,12:38:19,9065,Juice
30/3/2017,12:38:19,9065,Cake
30/3/2017,12:38:19,9065,Sandwich
30/3/2017,12:39:29,9066,Coffee
30/3/2017,12:39:29,9066,Chicken Stew
30/3/2017,12:57:31,9067,Coke
30/3/2017,12:57:31,9067,Tea
30/3/2017,12:57:31,9067,Cake
30/3/2017,13:46:24,9068,Extra Salami or Feta
30/3/2017,13:46:24,9068,Salad
30/3/2017,13:46:24,9068,Toast
30/3/2017,13:46:24,9068,Coffee
30/3/2017,14:08:30,9069,Coffee
30/3/2017,14:08:30,9069,Sandwich
30/3/2017,14:11:45,9070,Truffles
30/3/2017,14:11:45,9070,Soup
30/3/2017,14:11:45,9070,Cookies
30/3/2017,14:13:51,9071,Toast
30/3/2017,14:13:51,9071,Coffee
30/3/2017,14:27:25,9072,Cake
30/3/2017,14:27:25,9072,Coffee
30/3/2017,14:52:54,9073,Coffee
30/3/2017,14:52:54,9073,Coffee
30/3/2017,14:52:54,9073,Cake
30/3/2017,14:52:54,9073,Tiffin
30/3/2017,14:52:54,9073,Bread
30/3/2017,15:08:36,9074,Bread
30/3/2017,15:09:18,9075,Coffee
30/3/2017,15:09:18,9075,Tea
30/3/2017,15:09:18,9075,Cake
30/3/2017,15:16:17,9076,Coffee
30/3/2017,15:16:17,9076,Tea
30/3/2017,15:16:17,9076,Sandwich
30/3/2017,15:16:17,9076,Toast
30/3/2017,15:16:48,9077,Coffee
30/3/2017,15:16:48,9077,Coffee
30/3/2017,15:16:48,9077,Cake
30/3/2017,15:28:57,9078,Bread
30/3/2017,15:30:02,9079,Coffee
30/3/2017,15:52:36,9080,Tea
30/3/2017,15:52:36,9080,Coffee
30/3/2017,15:52:36,9080,Sandwich
30/3/2017,15:52:36,9080,Sandwich
30/3/2017,15:53:48,9081,Coffee
30/3/2017,15:53:48,9081,Tea
30/3/2017,15:53:48,9081,Cake
30/3/2017,15:55:03,9082,Tea
30/3/2017,15:55:03,9082,Coffee
30/3/2017,15:55:03,9082,Sandwich
30/3/2017,15:55:03,9082,Sandwich
30/3/2017,16:23:41,9083,Coffee
30/3/2017,16:23:41,9083,Cake
30/3/2017,16:44:32,9084,Cake
30/3/2017,16:44:32,9084,Coffee
30/3/2017,16:44:32,9084,Juice
30/3/2017,16:47:47,9085,Tea
30/3/2017,16:47:47,9085,Cake
30/3/2017,16:50:15,9086,Juice
30/3/2017,16:50:15,9086,Coffee
30/3/2017,16:50:15,9086,Coffee
30/3/2017,16:50:15,9086,Spanish Brunch
30/3/2017,16:50:15,9086,Bread
30/3/2017,17:03:18,9088,Muffin
31/3/2017,8:24:30,9089,Coffee
31/3/2017,8:24:30,9089,Sandwich
31/3/2017,8:37:47,9090,Coffee
31/3/2017,8:48:12,9091,Coffee
31/3/2017,8:48:12,9091,Toast
31/3/2017,9:03:41,9092,Coffee
31/3/2017,9:03:41,9092,Tiffin
31/3/2017,9:05:18,9093,Coffee
31/3/2017,9:17:42,9094,Coffee
31/3/2017,9:17:42,9094,Coffee
31/3/2017,9:17:42,9094,Toast
31/3/2017,9:18:15,9095,Coffee
31/3/2017,9:18:15,9095,Medialuna
31/3/2017,9:19:34,9096,Medialuna
31/3/2017,9:19:34,9096,Bread
31/3/2017,9:19:34,9096,Tea
31/3/2017,9:45:20,9097,Cookies
31/3/2017,9:45:20,9097,Bread
31/3/2017,9:54:52,9098,Tea
31/3/2017,10:05:25,9099,Hot chocolate
31/3/2017,10:05:25,9099,Tea
31/3/2017,10:05:25,9099,Pastry
31/3/2017,10:05:25,9099,Tiffin
31/3/2017,10:10:19,9100,Coffee
31/3/2017,10:28:20,9101,Bread
31/3/2017,10:38:51,9102,Cake
31/3/2017,10:40:20,9103,Bread
31/3/2017,10:40:20,9103,Bread
31/3/2017,10:48:49,9104,Coffee
31/3/2017,10:48:49,9104,Medialuna
31/3/2017,10:50:05,9105,Farm House
31/3/2017,10:52:22,9106,Jammie Dodgers
31/3/2017,10:52:22,9106,Muffin
31/3/2017,10:52:22,9106,Coffee
31/3/2017,10:52:22,9106,Coffee
31/3/2017,10:52:22,9106,Juice
31/3/2017,10:56:02,9107,Alfajores
31/3/2017,10:56:02,9107,Juice
31/3/2017,10:56:02,9107,Coffee
31/3/2017,10:56:02,9107,Coffee
31/3/2017,10:56:02,9107,Medialuna
31/3/2017,10:56:02,9107,Cookies
31/3/2017,11:16:09,9108,Coffee
31/3/2017,11:17:32,9109,Medialuna
31/3/2017,11:17:32,9109,Bread
31/3/2017,11:21:32,9110,Spanish Brunch
31/3/2017,11:23:20,9111,Coffee
31/3/2017,11:23:20,9111,Bread
31/3/2017,11:29:08,9112,Bread
31/3/2017,11:29:08,9112,Coffee
31/3/2017,11:29:57,9113,Coffee
31/3/2017,11:29:57,9113,Alfajores
31/3/2017,11:34:26,9114,Bread
31/3/2017,11:34:26,9114,Coke
31/3/2017,11:34:26,9114,Bread
31/3/2017,11:34:26,9114,Cookies
31/3/2017,11:41:58,9115,Cookies
31/3/2017,11:41:58,9115,Bread
31/3/2017,11:45:31,9116,Bread
31/3/2017,11:45:31,9116,Cookies
31/3/2017,11:58:29,9117,Bread
31/3/2017,12:12:43,9119,Coffee
31/3/2017,12:13:24,9120,Toast
31/3/2017,12:13:24,9120,Coffee
31/3/2017,12:14:14,9121,Coffee
31/3/2017,12:14:14,9121,Coffee
31/3/2017,12:14:14,9121,Pastry
31/3/2017,12:15:06,9122,Coffee
31/3/2017,12:22:50,9123,Juice
31/3/2017,12:22:50,9123,Muffin
31/3/2017,12:40:03,9124,Farm House
31/3/2017,13:05:37,9125,Coffee
31/3/2017,13:17:42,9126,Coffee
31/3/2017,13:17:42,9126,Medialuna
31/3/2017,13:22:26,9128,Bread
31/3/2017,13:22:26,9128,Brownie
31/3/2017,13:25:17,9129,Salad
31/3/2017,13:25:17,9129,Extra Salami or Feta
31/3/2017,13:25:17,9129,Bread
31/3/2017,13:25:17,9129,Baguette
31/3/2017,13:25:17,9129,Tea
31/3/2017,13:25:17,9129,Bread
31/3/2017,13:27:04,9130,Bread
31/3/2017,13:29:03,9131,Bread
31/3/2017,13:29:03,9131,Hot chocolate
31/3/2017,13:29:03,9131,Coffee
31/3/2017,13:29:03,9131,Sandwich
31/3/2017,13:29:03,9131,Cookies
31/3/2017,13:40:19,9132,Chicken Stew
31/3/2017,13:41:06,9133,Bread
31/3/2017,13:41:06,9133,Sandwich
31/3/2017,13:42:27,9134,Sandwich
31/3/2017,13:42:27,9134,Coffee
31/3/2017,13:42:27,9134,Bread
31/3/2017,13:47:22,9135,Sandwich
31/3/2017,13:47:22,9135,Coffee
31/3/2017,13:47:22,9135,Coffee
31/3/2017,13:57:04,9136,Tiffin
31/3/2017,14:03:47,9137,Baguette
31/3/2017,14:07:24,9138,Spanish Brunch
31/3/2017,14:07:24,9138,Salad
31/3/2017,14:07:24,9138,Extra Salami or Feta
31/3/2017,14:07:24,9138,Coffee
31/3/2017,14:07:24,9138,Coffee
31/3/2017,14:15:35,9139,Bread
31/3/2017,14:15:35,9139,Tiffin
31/3/2017,14:18:04,9140,Chicken Stew
31/3/2017,14:18:04,9140,Soup
31/3/2017,14:18:04,9140,Bread
31/3/2017,14:18:38,9141,Brownie
31/3/2017,14:18:38,9141,Coffee
31/3/2017,14:36:20,9142,Coke
31/3/2017,14:36:20,9142,Mineral water
31/3/2017,14:36:20,9142,Coffee
31/3/2017,14:36:20,9142,Soup
31/3/2017,14:36:20,9142,Sandwich
31/3/2017,15:10:07,9143,Coffee
31/3/2017,15:10:07,9143,Scone
31/3/2017,15:15:57,9144,Coffee
31/3/2017,15:15:57,9144,Scone
31/3/2017,15:18:08,9145,Hot chocolate
31/3/2017,15:18:08,9145,Hot chocolate
31/3/2017,15:18:08,9145,Bread
31/3/2017,15:18:08,9145,Scone
31/3/2017,15:19:18,9146,Bread
31/3/2017,15:19:18,9146,Cookies
31/3/2017,15:25:29,9147,Scone
31/3/2017,15:25:29,9147,Bread
31/3/2017,15:35:02,9148,Tea
31/3/2017,15:35:02,9148,Brownie
31/3/2017,15:45:26,9149,Tea
31/3/2017,15:45:26,9149,Bread
31/3/2017,15:45:26,9149,Cake
31/3/2017,15:46:43,9150,Tea
31/3/2017,15:46:43,9150,Pastry
31/3/2017,16:06:32,9151,Hot chocolate
31/3/2017,16:06:32,9151,Cake
31/3/2017,16:13:36,9152,Coffee
31/3/2017,16:13:36,9152,Tiffin
31/3/2017,16:32:57,9153,Coffee
31/3/2017,16:34:58,9154,Bread
31/3/2017,16:34:58,9154,Cookies
31/3/2017,16:36:55,9155,Coffee
31/3/2017,16:45:13,9156,Coffee
31/3/2017,16:45:13,9156,Brownie
31/3/2017,16:53:39,9157,Scone
31/3/2017,16:53:39,9157,Coke
31/3/2017,16:53:39,9157,Coffee
31/3/2017,16:53:39,9157,Soup
31/3/2017,17:23:57,9158,Coffee
31/3/2017,17:23:57,9158,Juice
1/4/2017,8:11:00,9159,Coffee
1/4/2017,8:47:55,9160,Coffee
1/4/2017,8:51:05,9161,Bread
1/4/2017,9:07:50,9162,Sandwich
1/4/2017,9:07:50,9162,Bread
1/4/2017,9:07:50,9162,Cake
1/4/2017,9:07:50,9162,Cake
1/4/2017,9:21:57,9163,Farm House
1/4/2017,9:21:57,9163,Bread
1/4/2017,9:21:57,9163,Cake
1/4/2017,9:24:02,9164,Bread
1/4/2017,9:25:08,9165,Bread
1/4/2017,9:25:08,9165,Cookies
1/4/2017,9:33:35,9166,Scone
1/4/2017,9:33:35,9166,Toast
1/4/2017,9:33:35,9166,Coffee
1/4/2017,9:33:35,9166,Coke
1/4/2017,9:35:19,9167,Coffee
1/4/2017,9:35:19,9167,Bread
1/4/2017,9:35:19,9167,Cookies
1/4/2017,9:35:19,9167,Brownie
1/4/2017,9:35:51,9168,Juice
1/4/2017,9:38:52,9169,Farm House
1/4/2017,9:55:11,9170,Scone
1/4/2017,9:55:11,9170,Bread
1/4/2017,9:55:25,9171,Bread
1/4/2017,10:04:32,9172,Pastry
1/4/2017,10:22:55,9173,Coffee
1/4/2017,10:22:55,9173,Coffee
1/4/2017,10:28:45,9174,Bread
1/4/2017,10:28:45,9174,Alfajores
1/4/2017,10:28:45,9174,Tiffin
1/4/2017,10:29:45,9175,Bread
1/4/2017,10:30:48,9176,Coffee
1/4/2017,10:30:48,9176,Scone
1/4/2017,10:31:56,9177,Coffee granules
1/4/2017,10:40:35,9178,Bread
1/4/2017,10:40:35,9178,Sandwich
1/4/2017,10:40:35,9178,Brownie
1/4/2017,10:40:35,9178,Cookies
1/4/2017,10:40:35,9178,Bread
1/4/2017,10:49:19,9179,Coffee
1/4/2017,10:49:19,9179,Cookies
1/4/2017,10:49:52,9180,Pastry
1/4/2017,10:49:52,9180,Coffee
1/4/2017,10:50:30,9181,Coffee
1/4/2017,10:55:12,9182,Bread
1/4/2017,10:55:12,9182,Cookies
1/4/2017,10:55:12,9182,Cake
1/4/2017,10:58:01,9183,Bread
1/4/2017,10:58:01,9183,Coffee
1/4/2017,10:58:01,9183,Truffles
1/4/2017,11:14:37,9184,Coffee
1/4/2017,11:14:37,9184,Coffee
1/4/2017,11:16:41,9185,Coffee
1/4/2017,11:16:41,9185,Juice
1/4/2017,11:16:41,9185,Toast
1/4/2017,11:22:25,9186,Bread
1/4/2017,11:22:25,9186,Bread
1/4/2017,11:27:02,9187,Baguette
1/4/2017,11:27:02,9187,Coffee
1/4/2017,11:27:02,9187,Truffles
1/4/2017,11:27:02,9187,Medialuna
1/4/2017,11:27:02,9187,Alfajores
1/4/2017,11:27:02,9187,Juice
1/4/2017,11:27:37,9188,Coffee
1/4/2017,11:27:37,9188,Cookies
1/4/2017,11:29:27,9189,Coffee
1/4/2017,11:29:27,9189,The Nomad
1/4/2017,11:29:42,9190,Bread
1/4/2017,11:29:42,9190,Baguette
1/4/2017,11:32:02,9191,Bread
1/4/2017,11:40:00,9192,Granola
1/4/2017,11:40:00,9192,Coffee
1/4/2017,12:01:57,9193,Bread
1/4/2017,12:01:57,9193,Tea
1/4/2017,12:01:57,9193,Pastry
1/4/2017,12:03:34,9194,Coffee
1/4/2017,12:03:34,9194,Coffee
1/4/2017,12:06:02,9195,Crisps
1/4/2017,12:08:57,9196,Bread
1/4/2017,12:13:35,9197,Bread
1/4/2017,12:13:35,9197,Smoothies
1/4/2017,12:13:35,9197,Spanish Brunch
1/4/2017,12:13:35,9197,Coffee
1/4/2017,12:14:46,9198,Coffee
1/4/2017,12:16:14,9199,Juice
1/4/2017,12:27:46,9200,Tea
1/4/2017,12:27:46,9200,Coffee
1/4/2017,12:41:46,9201,Coffee
1/4/2017,12:41:46,9201,Tea
1/4/2017,12:41:46,9201,Cake
1/4/2017,12:41:46,9201,Pastry
1/4/2017,12:47:31,9202,Coffee
1/4/2017,12:47:31,9202,Tiffin
1/4/2017,12:53:17,9203,Cake
1/4/2017,12:56:36,9204,Coffee
1/4/2017,12:56:36,9204,Spanish Brunch
1/4/2017,12:56:36,9204,The Nomad
1/4/2017,12:56:36,9204,Cake
1/4/2017,12:56:36,9204,Tiffin
1/4/2017,13:03:07,9205,Bread
1/4/2017,13:03:07,9205,Bread
1/4/2017,13:03:07,9205,Brownie
1/4/2017,13:06:44,9206,Bread
1/4/2017,13:06:44,9206,Juice
1/4/2017,13:06:44,9206,Coffee
1/4/2017,13:06:44,9206,The Nomad
1/4/2017,13:06:44,9206,Sandwich
1/4/2017,13:08:42,9207,Bread
1/4/2017,13:08:42,9207,Alfajores
1/4/2017,13:08:42,9207,Alfajores
1/4/2017,13:17:00,9208,Bread
1/4/2017,13:17:00,9208,Smoothies
1/4/2017,13:17:00,9208,Coffee
1/4/2017,13:17:00,9208,Muffin
1/4/2017,13:17:00,9208,Sandwich
1/4/2017,13:22:45,9209,Bread
1/4/2017,13:33:58,9210,Coffee
1/4/2017,13:33:58,9210,Juice
1/4/2017,13:33:58,9210,Truffles
1/4/2017,13:33:58,9210,Sandwich
1/4/2017,13:33:58,9210,Sandwich
1/4/2017,13:33:58,9210,Pastry
1/4/2017,13:33:58,9210,Coke
1/4/2017,13:36:26,9211,Tea
1/4/2017,13:36:26,9211,Soup
1/4/2017,13:36:26,9211,Chicken Stew
1/4/2017,14:07:44,9212,Coke
1/4/2017,14:07:44,9212,Soup
1/4/2017,14:12:29,9213,Sandwich
1/4/2017,14:12:29,9213,Truffles
1/4/2017,14:12:29,9213,Coffee
1/4/2017,14:12:29,9213,Pastry
1/4/2017,14:15:57,9214,Cookies
1/4/2017,14:15:57,9214,Cake
1/4/2017,14:15:57,9214,Brownie
1/4/2017,14:15:57,9214,Coffee
1/4/2017,14:18:47,9215,Bread
1/4/2017,14:28:00,9216,Coffee
1/4/2017,14:28:00,9216,Bread
1/4/2017,14:28:00,9216,Soup
1/4/2017,14:45:27,9217,Scone
1/4/2017,14:47:50,9218,Bread
1/4/2017,14:47:50,9218,Cake
1/4/2017,14:51:20,9219,Medialuna
1/4/2017,14:51:20,9219,Bread
1/4/2017,14:51:20,9219,Muffin
1/4/2017,14:51:20,9219,Coffee
1/4/2017,14:51:20,9219,Sandwich
1/4/2017,15:34:46,9220,Honey
1/4/2017,15:34:46,9220,Scandinavian
1/4/2017,15:35:08,9221,Coffee
1/4/2017,15:44:07,9222,Alfajores
1/4/2017,15:44:07,9222,Brownie
1/4/2017,15:44:07,9222,Cake
1/4/2017,15:48:13,9223,Bread
1/4/2017,15:49:12,9224,Coffee
1/4/2017,15:54:46,9225,Mineral water
1/4/2017,15:58:51,9226,Truffles
1/4/2017,15:58:51,9226,Spanish Brunch
1/4/2017,16:08:10,9227,Soup
1/4/2017,16:08:10,9227,Bread
1/4/2017,16:08:10,9227,Coffee
1/4/2017,16:18:11,9228,Sandwich
1/4/2017,16:46:41,9229,Bread
1/4/2017,17:30:11,9230,Coffee
1/4/2017,17:30:11,9230,Coffee
1/4/2017,17:30:11,9230,Chicken Stew
1/4/2017,17:30:11,9230,Extra Salami or Feta
1/4/2017,17:39:33,9231,Tea
1/4/2017,17:39:33,9231,Bread
1/4/2017,17:39:33,9231,Coffee
1/4/2017,17:39:33,9231,Scone
1/4/2017,17:39:33,9231,Medialuna
1/4/2017,17:39:33,9231,Bread
2/4/2017,9:49:32,9232,Tea
2/4/2017,9:49:32,9232,Granola
2/4/2017,9:50:15,9233,Bread
2/4/2017,9:51:23,9234,Hot chocolate
2/4/2017,9:51:23,9234,Bread
2/4/2017,9:51:23,9234,Tiffin
2/4/2017,9:51:48,9235,Bread
2/4/2017,9:53:06,9236,Coffee
2/4/2017,9:54:40,9237,Coffee
2/4/2017,9:54:56,9238,Coffee
2/4/2017,10:14:47,9239,Coffee
2/4/2017,10:14:47,9239,Coffee
2/4/2017,10:14:47,9239,Cake
2/4/2017,10:14:47,9239,Cookies
2/4/2017,10:16:19,9240,Hot chocolate
2/4/2017,10:16:19,9240,Coffee
2/4/2017,10:16:19,9240,Cake
2/4/2017,10:24:09,9241,Coffee
2/4/2017,10:24:09,9241,Pastry
2/4/2017,10:29:19,9242,Muffin
2/4/2017,10:29:19,9242,Coffee
2/4/2017,10:29:19,9242,Coffee
2/4/2017,10:37:18,9243,Bread
2/4/2017,10:37:18,9243,Coffee
2/4/2017,10:37:18,9243,Coffee
2/4/2017,10:49:32,9244,Coffee
2/4/2017,10:49:32,9244,Coffee
2/4/2017,10:49:32,9244,Coffee
2/4/2017,10:50:11,9245,Coffee
2/4/2017,10:50:11,9245,Coffee
2/4/2017,10:50:11,9245,Medialuna
2/4/2017,10:50:59,9246,Bread
2/4/2017,10:53:22,9247,Tea
2/4/2017,10:53:22,9247,Coffee
2/4/2017,10:53:22,9247,Cookies
2/4/2017,11:03:28,9248,Coffee
2/4/2017,11:03:28,9248,Bread
2/4/2017,11:07:04,9249,Bread
2/4/2017,11:14:08,9250,Coffee
2/4/2017,11:27:03,9251,Cake
2/4/2017,11:27:03,9251,Brownie
2/4/2017,11:30:27,9252,Bread
2/4/2017,11:30:27,9252,Farm House
2/4/2017,11:48:02,9253,Pastry
2/4/2017,11:48:02,9253,Cake
2/4/2017,12:00:43,9254,Coffee
2/4/2017,12:00:43,9254,Sandwich
2/4/2017,12:00:43,9254,Bread
2/4/2017,12:00:43,9254,Scandinavian
2/4/2017,12:00:43,9254,Fudge
2/4/2017,12:02:22,9255,Bread
2/4/2017,12:10:01,9256,Coffee
2/4/2017,12:10:01,9256,Jammie Dodgers
2/4/2017,12:10:01,9256,Tiffin
2/4/2017,12:10:01,9256,Juice
2/4/2017,12:55:39,9257,Bread
2/4/2017,13:00:31,9258,Coffee
2/4/2017,13:00:31,9258,Sandwich
2/4/2017,13:02:44,9259,Spanish Brunch
2/4/2017,13:06:37,9260,Truffles
2/4/2017,13:06:37,9260,Crisps
2/4/2017,13:06:37,9260,Sandwich
2/4/2017,13:19:35,9261,Bread
2/4/2017,13:19:35,9261,Muffin
2/4/2017,13:19:35,9261,Coke
2/4/2017,13:19:35,9261,Sandwich
2/4/2017,13:19:35,9261,Tea
2/4/2017,13:19:35,9261,Farm House
2/4/2017,13:27:50,9262,Coffee
2/4/2017,13:27:50,9262,Pastry
2/4/2017,13:27:50,9262,Bread
2/4/2017,13:49:13,9263,Scone
2/4/2017,13:49:13,9263,Pastry
2/4/2017,13:49:13,9263,Cake
2/4/2017,13:49:13,9263,Alfajores
2/4/2017,13:51:55,9264,Coffee
2/4/2017,13:51:55,9264,Cake
2/4/2017,13:52:54,9265,Argentina Night
2/4/2017,13:54:41,9266,Soup
2/4/2017,14:34:38,9267,Cake
2/4/2017,14:34:38,9267,Cake
2/4/2017,14:34:38,9267,Smoothies
2/4/2017,14:35:24,9268,Cake
2/4/2017,14:48:28,9269,Pastry
2/4/2017,14:48:28,9269,Bread
2/4/2017,14:48:28,9269,Truffles
2/4/2017,15:01:07,9270,Coffee
2/4/2017,15:01:07,9270,Tea
2/4/2017,15:01:07,9270,Scone
2/4/2017,15:01:07,9270,Bread
2/4/2017,15:03:28,9271,Cake
2/4/2017,15:03:28,9271,Bread
2/4/2017,15:03:28,9271,Sandwich
2/4/2017,15:03:28,9271,Sandwich
2/4/2017,15:07:03,9272,Sandwich
2/4/2017,15:07:03,9272,Coffee
2/4/2017,15:19:49,9273,Coffee
2/4/2017,15:19:49,9273,Coffee
2/4/2017,15:19:49,9273,Cake
2/4/2017,15:22:05,9274,Coffee
2/4/2017,15:22:05,9274,Juice
2/4/2017,15:22:05,9274,Spanish Brunch
2/4/2017,15:26:57,9277,Coffee
2/4/2017,15:26:57,9277,Coffee
2/4/2017,15:26:57,9277,Coffee
2/4/2017,15:26:57,9277,Cake
2/4/2017,15:26:57,9277,Sandwich
2/4/2017,15:28:48,9278,Cookies
2/4/2017,15:35:18,9279,Cake
2/4/2017,15:35:18,9279,Tea
2/4/2017,15:48:41,9280,Cake
2/4/2017,15:48:41,9280,Cookies
2/4/2017,15:48:41,9280,Bread
2/4/2017,15:48:41,9280,Juice
3/4/2017,8:24:14,9281,Farm House
3/4/2017,9:25:59,9282,Coffee
3/4/2017,9:27:41,9283,Coffee
3/4/2017,9:27:41,9283,Bread
3/4/2017,9:36:40,9284,Coffee
3/4/2017,10:06:44,9285,Tea
3/4/2017,10:09:47,9286,Coffee
3/4/2017,10:09:47,9286,Coffee
3/4/2017,10:14:05,9287,Coffee
3/4/2017,10:14:05,9287,Coffee
3/4/2017,10:14:05,9287,Pastry
3/4/2017,10:14:05,9287,Sandwich
3/4/2017,10:21:31,9288,Bread
3/4/2017,10:21:31,9288,Scone
3/4/2017,10:22:30,9289,Coffee
3/4/2017,10:22:30,9289,Coffee
3/4/2017,10:22:30,9289,Toast
3/4/2017,10:22:30,9289,Granola
3/4/2017,10:23:33,9290,Coffee
3/4/2017,10:23:33,9290,Coffee
3/4/2017,10:23:33,9290,Pastry
3/4/2017,10:23:33,9290,Cake
3/4/2017,10:24:19,9291,Tea
3/4/2017,10:42:28,9292,Farm House
3/4/2017,10:45:41,9293,Coffee
3/4/2017,10:54:19,9294,Coffee
3/4/2017,10:54:19,9294,Pastry
3/4/2017,11:14:22,9295,Coffee
3/4/2017,11:14:22,9295,Truffles
3/4/2017,11:14:22,9295,Pastry
3/4/2017,11:14:22,9295,Bread
3/4/2017,11:22:43,9296,Bread
3/4/2017,11:44:04,9297,Coffee
3/4/2017,11:44:04,9297,Coffee
3/4/2017,11:44:04,9297,Coffee granules
3/4/2017,11:58:00,9298,The Nomad
3/4/2017,12:02:58,9299,Bread
3/4/2017,12:03:37,9300,Bread
3/4/2017,12:03:37,9300,Cookies
3/4/2017,12:04:16,9301,Bread
3/4/2017,12:04:40,9302,Truffles
3/4/2017,12:17:43,9303,Coffee
3/4/2017,12:17:43,9303,Sandwich
3/4/2017,12:17:43,9303,Cake
3/4/2017,12:18:59,9304,Coffee
3/4/2017,12:18:59,9304,Toast
3/4/2017,12:21:02,9305,Tea
3/4/2017,12:21:02,9305,Coffee
3/4/2017,12:21:02,9305,Toast
3/4/2017,12:21:02,9305,Scandinavian
3/4/2017,12:21:02,9305,Farm House
3/4/2017,12:23:27,9306,Bread
3/4/2017,12:23:58,9307,Coffee
3/4/2017,13:19:54,9308,Coffee
3/4/2017,13:27:45,9310,Scone
3/4/2017,13:27:45,9310,Bread
3/4/2017,13:27:45,9310,Spanish Brunch
3/4/2017,13:47:58,9311,Coffee
3/4/2017,13:47:58,9311,Coffee
3/4/2017,13:47:58,9311,Cookies
3/4/2017,13:48:44,9312,Mineral water
3/4/2017,13:48:44,9312,Truffles
3/4/2017,13:48:44,9312,Coke
3/4/2017,13:48:44,9312,Scone
3/4/2017,13:55:18,9313,Sandwich
3/4/2017,13:55:18,9313,Soup
3/4/2017,14:06:24,9314,Coffee
3/4/2017,14:17:59,9315,Coffee
3/4/2017,14:17:59,9315,Coffee
3/4/2017,14:17:59,9315,Medialuna
3/4/2017,14:17:59,9315,Cake
3/4/2017,14:42:03,9316,Tea
3/4/2017,14:42:03,9316,Sandwich
3/4/2017,14:44:53,9317,Bread
3/4/2017,14:46:49,9318,Coffee
3/4/2017,14:46:49,9318,Coffee
3/4/2017,14:46:49,9318,Sandwich
3/4/2017,14:50:23,9319,Coffee
3/4/2017,14:50:23,9319,Bread
3/4/2017,14:50:23,9319,Scone
3/4/2017,14:52:18,9320,Coffee
3/4/2017,15:25:35,9321,Coffee
3/4/2017,15:25:35,9321,Jammie Dodgers
3/4/2017,15:25:35,9321,Juice
3/4/2017,15:26:10,9322,Cookies
3/4/2017,15:28:44,9323,Soup
3/4/2017,15:33:37,9324,Bread
3/4/2017,15:33:37,9324,Sandwich
3/4/2017,15:38:36,9325,Tea
3/4/2017,15:38:36,9325,Cookies
3/4/2017,15:48:05,9326,Cookies
3/4/2017,15:48:05,9326,Cake
3/4/2017,15:48:05,9326,Tea
3/4/2017,15:53:30,9327,Tea
3/4/2017,15:53:30,9327,Coffee
3/4/2017,15:53:30,9327,Alfajores
3/4/2017,16:04:17,9328,Medialuna
3/4/2017,16:19:26,9329,Scone
3/4/2017,16:19:26,9329,Bread
3/4/2017,16:20:49,9330,Tea
3/4/2017,16:20:49,9330,Alfajores
3/4/2017,16:20:49,9330,Toast
3/4/2017,16:28:24,9331,Soup
3/4/2017,16:28:24,9331,Coffee
3/4/2017,16:28:24,9331,Medialuna
3/4/2017,16:46:44,9332,Tiffin
3/4/2017,16:46:44,9332,Cookies
3/4/2017,16:46:44,9332,Hot chocolate
3/4/2017,16:50:02,9333,Coffee
3/4/2017,16:59:16,9334,Cookies
3/4/2017,17:08:35,9335,Alfajores
3/4/2017,17:18:40,9336,Bread
3/4/2017,17:19:05,9337,Bread
3/4/2017,17:36:10,9338,Tea
3/4/2017,17:36:10,9338,Hot chocolate
3/4/2017,17:36:10,9338,Cake
3/4/2017,17:36:10,9338,Salad
3/4/2017,17:36:10,9338,Coffee
4/4/2017,7:58:54,9339,Coffee
4/4/2017,8:01:35,9340,Bread
4/4/2017,8:01:35,9340,Mineral water
4/4/2017,8:24:12,9341,Coffee
4/4/2017,8:24:12,9341,Cookies
4/4/2017,8:26:02,9342,Coffee
4/4/2017,8:26:02,9342,Toast
4/4/2017,8:38:17,9343,Cake
4/4/2017,8:38:17,9343,Pastry
4/4/2017,8:52:41,9344,Coffee
4/4/2017,8:53:04,9345,Coffee
4/4/2017,9:04:01,9346,Coffee
4/4/2017,9:04:01,9346,Extra Salami or Feta
4/4/2017,9:14:41,9347,Bread
4/4/2017,9:14:41,9347,Pastry
4/4/2017,9:15:32,9348,Tea
4/4/2017,9:21:30,9349,Coke
4/4/2017,9:22:01,9350,Coffee
4/4/2017,9:27:37,9351,Bread
4/4/2017,10:36:10,9352,Coffee
4/4/2017,10:36:10,9352,Coffee
4/4/2017,10:36:10,9352,Pastry
4/4/2017,10:38:57,9353,Coffee
4/4/2017,10:44:32,9354,Coffee
4/4/2017,10:46:43,9355,Coffee
4/4/2017,10:46:43,9355,Coffee
4/4/2017,11:04:29,9356,Bread
4/4/2017,11:04:29,9356,Honey
4/4/2017,11:04:29,9356,Jammie Dodgers
4/4/2017,11:09:31,9357,Bread
4/4/2017,11:09:31,9357,Coffee
4/4/2017,11:09:31,9357,Jammie Dodgers
4/4/2017,11:23:21,9358,Coffee
4/4/2017,11:23:21,9358,Bread
4/4/2017,11:23:21,9358,Bread
4/4/2017,11:35:40,9359,Pastry
4/4/2017,11:35:40,9359,Bread
4/4/2017,11:42:23,9360,Coffee
4/4/2017,11:43:29,9361,Eggs
4/4/2017,11:47:40,9362,Bread
4/4/2017,11:47:40,9362,Cake
4/4/2017,11:52:09,9363,Coffee
4/4/2017,11:59:23,9364,Bread
4/4/2017,12:11:45,9365,Juice
4/4/2017,12:11:45,9365,Bread
4/4/2017,12:18:12,9366,Coffee
4/4/2017,12:18:56,9367,Coffee
4/4/2017,12:19:48,9368,Coffee
4/4/2017,12:19:48,9368,Extra Salami or Feta
4/4/2017,12:30:44,9369,Coffee
4/4/2017,12:30:44,9369,Coffee
4/4/2017,12:30:44,9369,Coffee
4/4/2017,12:30:44,9369,Bread
4/4/2017,12:35:44,9370,Coffee
4/4/2017,12:50:44,9371,Coffee
4/4/2017,12:50:44,9371,Juice
4/4/2017,12:50:44,9371,Mineral water
4/4/2017,12:50:44,9371,Salad
4/4/2017,12:50:44,9371,Sandwich
4/4/2017,12:50:44,9371,Drinking chocolate spoons
4/4/2017,12:53:58,9372,Chicken Stew
4/4/2017,12:53:58,9372,Mineral water
4/4/2017,12:53:58,9372,Tea
4/4/2017,13:02:00,9373,Coffee
4/4/2017,13:02:00,9373,Bread
4/4/2017,13:51:33,9374,Coffee
4/4/2017,13:51:33,9374,Salad
4/4/2017,13:52:36,9375,Bread
4/4/2017,13:59:37,9376,Cookies
4/4/2017,14:25:12,9377,Tea
4/4/2017,14:25:12,9377,Soup
4/4/2017,14:25:12,9377,Soup
4/4/2017,14:29:06,9378,Coffee
4/4/2017,14:29:06,9378,Bread
4/4/2017,14:29:06,9378,Cake
4/4/2017,14:29:06,9378,Juice
4/4/2017,14:29:06,9378,Spanish Brunch
4/4/2017,14:29:06,9378,Salad
4/4/2017,14:29:06,9378,Extra Salami or Feta
4/4/2017,14:30:16,9379,Coffee
4/4/2017,14:30:16,9379,Cake
4/4/2017,14:30:46,9380,Coffee
4/4/2017,14:30:46,9380,Cake
4/4/2017,14:47:31,9381,Bread
4/4/2017,14:47:31,9381,Soup
4/4/2017,14:52:13,9382,Coffee
4/4/2017,14:52:13,9382,Bread
4/4/2017,15:12:06,9383,Mineral water
4/4/2017,15:12:06,9383,Cookies
4/4/2017,15:19:49,9384,Coffee
4/4/2017,15:19:49,9384,Tea
4/4/2017,15:32:39,9385,Coffee
4/4/2017,15:32:39,9385,Baguette
4/4/2017,15:37:56,9386,Coffee
4/4/2017,15:37:56,9386,Salad
4/4/2017,15:41:34,9387,Coffee
4/4/2017,15:41:34,9387,Bread
4/4/2017,15:43:34,9388,Coffee
4/4/2017,15:43:34,9388,Tea
4/4/2017,15:47:40,9389,Tea
4/4/2017,15:47:40,9389,Tea
4/4/2017,15:47:40,9389,Coffee
4/4/2017,15:47:40,9389,Coffee
4/4/2017,15:47:40,9389,Juice
4/4/2017,15:47:40,9389,Cake
4/4/2017,15:47:40,9389,Cake
4/4/2017,16:13:00,9390,Coffee
4/4/2017,16:13:00,9390,Cake
4/4/2017,16:13:50,9391,Cake
4/4/2017,16:13:50,9391,Cake
4/4/2017,16:13:50,9391,Coffee
4/4/2017,16:13:50,9391,Smoothies
4/4/2017,16:13:50,9391,Tea
4/4/2017,17:15:27,9392,Chicken Stew
4/4/2017,17:15:27,9392,Tea
5/4/2017,8:32:19,9393,Coffee
5/4/2017,8:35:35,9394,Bread
5/4/2017,8:35:35,9394,Tea
5/4/2017,8:37:21,9395,Hot chocolate
5/4/2017,8:37:21,9395,Bread
5/4/2017,8:37:21,9395,Bread
5/4/2017,8:37:21,9395,Jam
5/4/2017,8:37:21,9395,Christmas common
5/4/2017,8:38:32,9396,Coffee
5/4/2017,9:24:09,9397,Coffee
5/4/2017,9:24:09,9397,Coffee
5/4/2017,9:24:09,9397,Bread
5/4/2017,9:29:47,9398,Coffee
5/4/2017,9:29:47,9398,Hot chocolate
5/4/2017,9:29:47,9398,Hot chocolate
5/4/2017,9:29:47,9398,Pastry
5/4/2017,9:35:36,9399,Tea
5/4/2017,9:35:36,9399,Coffee
5/4/2017,10:05:47,9400,Tea
5/4/2017,10:15:09,9401,Coffee
5/4/2017,10:15:09,9401,Coffee
5/4/2017,10:15:09,9401,Pastry
5/4/2017,10:15:09,9401,Toast
5/4/2017,10:30:46,9402,Bread
5/4/2017,10:40:49,9403,Tea
5/4/2017,10:40:49,9403,Truffles
5/4/2017,10:41:50,9404,Coffee
5/4/2017,10:41:50,9404,Pastry
5/4/2017,10:48:34,9405,Toast
5/4/2017,10:48:34,9405,Bread
5/4/2017,10:48:34,9405,Tea
5/4/2017,10:48:34,9405,Coffee
5/4/2017,11:02:01,9406,Toast
5/4/2017,11:02:01,9406,Coffee
5/4/2017,11:02:01,9406,Bread
5/4/2017,11:05:00,9407,Coffee
5/4/2017,11:05:00,9407,Bread
5/4/2017,11:05:00,9407,Tea
5/4/2017,11:05:00,9407,Pastry
5/4/2017,11:05:00,9407,Muffin
5/4/2017,11:05:53,9408,Pastry
5/4/2017,11:05:53,9408,Coffee
5/4/2017,11:10:14,9409,Tea
5/4/2017,11:10:14,9409,Coffee
5/4/2017,11:10:14,9409,Sandwich
5/4/2017,11:30:37,9410,Salad
5/4/2017,11:30:37,9410,Tea
5/4/2017,11:48:01,9411,Tea
5/4/2017,11:48:01,9411,Pastry
5/4/2017,11:51:48,9412,Farm House
5/4/2017,12:16:32,9413,Coffee
5/4/2017,12:16:32,9413,Truffles
5/4/2017,12:16:32,9413,Bread
5/4/2017,12:41:56,9414,Coffee
5/4/2017,12:41:56,9414,Sandwich
5/4/2017,12:43:03,9415,Sandwich
5/4/2017,12:43:03,9415,Coffee
5/4/2017,12:44:23,9416,Salad
5/4/2017,13:08:42,9417,Tea
5/4/2017,13:08:42,9417,Coffee
5/4/2017,13:30:31,9418,Coffee
5/4/2017,13:30:31,9418,Tiffin
5/4/2017,13:30:31,9418,Bread
5/4/2017,13:35:05,9419,Coke
5/4/2017,13:35:05,9419,Chicken Stew
5/4/2017,13:35:05,9419,Tiffin
5/4/2017,13:49:46,9420,Coffee
5/4/2017,13:49:46,9420,Muffin
5/4/2017,13:49:46,9420,Salad
5/4/2017,13:49:46,9420,Extra Salami or Feta
5/4/2017,14:00:23,9421,Cake
5/4/2017,14:15:03,9422,Bread
5/4/2017,14:15:03,9422,Drinking chocolate spoons
5/4/2017,14:20:24,9423,Coffee
5/4/2017,14:20:24,9423,Salad
5/4/2017,14:20:24,9423,Sandwich
5/4/2017,14:20:24,9423,Cake
5/4/2017,14:30:07,9424,Cookies
5/4/2017,14:30:07,9424,Cake
5/4/2017,14:30:07,9424,Coffee
5/4/2017,14:33:58,9425,Juice
5/4/2017,14:33:58,9425,Coke
5/4/2017,14:33:58,9425,Sandwich
5/4/2017,14:33:58,9425,Sandwich
5/4/2017,14:33:58,9425,Cake
5/4/2017,14:33:58,9425,Tiffin
5/4/2017,14:38:44,9426,Cake
5/4/2017,14:38:44,9426,Coffee
5/4/2017,14:38:44,9426,Hot chocolate
5/4/2017,14:42:43,9427,Bread
5/4/2017,14:42:43,9427,Sandwich
5/4/2017,14:44:39,9428,Baguette
5/4/2017,14:44:39,9428,Hot chocolate
5/4/2017,14:49:05,9429,Bread
5/4/2017,14:49:05,9429,Jammie Dodgers
5/4/2017,15:17:29,9430,Farm House
5/4/2017,15:17:29,9430,Baguette
5/4/2017,15:27:29,9431,Pastry
5/4/2017,15:32:13,9432,Coke
5/4/2017,15:33:41,9433,Bread
5/4/2017,15:33:41,9433,Coffee
5/4/2017,15:47:27,9434,Scandinavian
5/4/2017,15:48:24,9435,Cookies
5/4/2017,15:49:51,9436,Coffee
5/4/2017,15:49:51,9436,Cake
5/4/2017,15:53:16,9437,Cookies
5/4/2017,15:53:16,9437,Muffin
5/4/2017,15:53:16,9437,Tea
5/4/2017,15:53:16,9437,Spanish Brunch
5/4/2017,15:53:16,9437,Soup
5/4/2017,16:07:34,9438,Bread
5/4/2017,16:07:34,9438,Truffles
5/4/2017,16:07:34,9438,Cake
5/4/2017,16:07:34,9438,Bread
5/4/2017,16:09:02,9439,Bread
5/4/2017,16:09:02,9439,Coffee
5/4/2017,16:12:22,9440,Coffee
5/4/2017,16:12:22,9440,Coffee
5/4/2017,16:12:22,9440,Cake
5/4/2017,16:12:22,9440,Cookies
5/4/2017,16:12:22,9440,Bread
5/4/2017,16:27:04,9441,Tea
5/4/2017,16:27:04,9441,Cake
5/4/2017,16:44:45,9442,Bread
5/4/2017,16:47:23,9443,Tiffin
5/4/2017,16:47:23,9443,Bread
5/4/2017,16:50:10,9444,Pastry
5/4/2017,16:56:56,9445,Cake
5/4/2017,17:01:08,9446,Pastry
5/4/2017,17:01:08,9446,Tea
5/4/2017,17:01:08,9446,Coffee
5/4/2017,17:22:22,9447,Chocolates
5/4/2017,17:22:22,9447,Tea
5/4/2017,17:22:22,9447,Coke
5/4/2017,17:22:22,9447,Juice
5/4/2017,17:22:22,9447,Coffee
5/4/2017,17:22:22,9447,Tiffin
5/4/2017,17:22:22,9447,Alfajores
5/4/2017,17:22:22,9447,Cookies
5/4/2017,17:22:22,9447,Pastry
5/4/2017,17:22:22,9447,Mineral water
5/4/2017,22:15:55,9448,Juice
5/4/2017,22:15:55,9448,Mineral water
6/4/2017,8:14:25,9452,Coffee
6/4/2017,8:39:19,9453,Bread
6/4/2017,8:45:02,9454,Toast
6/4/2017,8:58:31,9455,Coffee
6/4/2017,9:15:00,9456,Coffee
6/4/2017,9:15:00,9456,Tiffin
6/4/2017,9:15:00,9456,Bread
6/4/2017,9:28:32,9457,Alfajores
6/4/2017,9:28:32,9457,Tea
6/4/2017,9:37:03,9458,Farm House
6/4/2017,9:57:26,9459,Toast
6/4/2017,9:57:26,9459,Coffee
6/4/2017,9:58:32,9460,Bread
6/4/2017,9:58:32,9460,Juice
6/4/2017,9:59:40,9461,Coffee
6/4/2017,10:07:15,9462,Coffee
6/4/2017,10:07:15,9462,Juice
6/4/2017,10:31:26,9463,Jammie Dodgers
6/4/2017,10:31:26,9463,Coffee
6/4/2017,10:45:47,9464,Bread
6/4/2017,10:45:47,9464,Juice
6/4/2017,10:45:47,9464,Coffee
6/4/2017,10:45:47,9464,Coffee
6/4/2017,10:45:47,9464,Cookies
6/4/2017,10:45:47,9464,Bread
6/4/2017,10:53:10,9465,Tiffin
6/4/2017,10:53:10,9465,Juice
6/4/2017,10:53:10,9465,Tea
6/4/2017,11:18:25,9466,Coffee
6/4/2017,11:18:25,9466,Toast
6/4/2017,11:18:25,9466,Coffee
6/4/2017,11:19:09,9467,Bread
6/4/2017,11:27:08,9468,Tea
6/4/2017,11:32:18,9469,Bread
6/4/2017,11:32:18,9469,Alfajores
6/4/2017,11:32:18,9469,Brioche and salami
6/4/2017,11:38:17,9470,Cake
6/4/2017,11:38:17,9470,Tea
6/4/2017,11:39:24,9471,Christmas common
6/4/2017,11:48:41,9472,Farm House
6/4/2017,11:48:41,9472,Scandinavian
6/4/2017,11:51:58,9473,Alfajores
6/4/2017,11:51:58,9473,Coffee
6/4/2017,12:04:05,9474,Juice
6/4/2017,12:04:05,9474,Cookies
6/4/2017,12:04:05,9474,Art Tray
6/4/2017,12:04:05,9474,Salad
6/4/2017,12:29:23,9475,Sandwich
6/4/2017,12:39:57,9476,Tea
6/4/2017,12:39:57,9476,Tea
6/4/2017,12:39:57,9476,Sandwich
6/4/2017,12:58:25,9477,Soup
6/4/2017,12:58:25,9477,Coffee
6/4/2017,12:59:39,9478,Coffee
6/4/2017,12:59:39,9478,Sandwich
6/4/2017,13:00:43,9479,Bread
6/4/2017,13:06:45,9480,Bread
6/4/2017,13:30:07,9481,Muffin
6/4/2017,13:30:07,9481,Soup
6/4/2017,13:40:57,9482,Sandwich
6/4/2017,13:40:57,9482,Coffee
6/4/2017,13:52:26,9483,Coffee
6/4/2017,13:52:26,9483,Tiffin
6/4/2017,13:53:23,9484,Coffee
6/4/2017,13:53:23,9484,Sandwich
6/4/2017,13:58:10,9485,Farm House
6/4/2017,13:58:10,9485,Coke
6/4/2017,13:58:10,9485,Soup
6/4/2017,14:02:13,9486,Coffee
6/4/2017,14:02:13,9486,Tiffin
6/4/2017,14:03:53,9487,Sandwich
6/4/2017,14:05:53,9488,Sandwich
6/4/2017,14:05:53,9488,Coffee
6/4/2017,14:05:53,9488,Bread
6/4/2017,14:09:39,9489,Tea
6/4/2017,14:09:39,9489,Coffee
6/4/2017,14:09:39,9489,Truffles
6/4/2017,14:14:01,9490,Coffee
6/4/2017,14:19:13,9491,Tea
6/4/2017,14:19:13,9491,Sandwich
6/4/2017,14:19:13,9491,Sandwich
6/4/2017,14:28:23,9492,Sandwich
6/4/2017,14:28:23,9492,Sandwich
6/4/2017,14:28:23,9492,Coke
6/4/2017,14:28:23,9492,Smoothies
6/4/2017,14:28:23,9492,Bread
6/4/2017,14:28:23,9492,Coffee
6/4/2017,14:28:23,9492,Alfajores
6/4/2017,14:28:23,9492,Crisps
6/4/2017,14:46:07,9493,Coffee
6/4/2017,14:46:07,9493,Coffee
6/4/2017,14:46:07,9493,Coffee
6/4/2017,14:46:07,9493,Toast
6/4/2017,14:46:07,9493,Salad
6/4/2017,14:52:04,9494,Tea
6/4/2017,14:52:04,9494,Muffin
6/4/2017,14:52:04,9494,Bread
6/4/2017,14:52:04,9494,Soup
6/4/2017,14:54:40,9495,Bread
6/4/2017,14:54:40,9495,Tiffin
6/4/2017,15:03:26,9496,Toast
6/4/2017,15:03:26,9496,Bread
6/4/2017,15:09:01,9497,Coffee
6/4/2017,15:09:01,9497,Sandwich
6/4/2017,15:35:08,9498,Coke
6/4/2017,16:03:20,9499,Juice
6/4/2017,16:03:20,9499,Coffee
6/4/2017,16:03:20,9499,Cookies
6/4/2017,16:18:43,9500,Alfajores
6/4/2017,16:18:43,9500,Bread
6/4/2017,16:53:18,9501,Bread
6/4/2017,16:53:18,9501,Mineral water
6/4/2017,16:53:18,9501,Muffin
6/4/2017,16:53:18,9501,Cake
6/4/2017,17:00:07,9502,Tea
6/4/2017,17:00:07,9502,Tiffin
6/4/2017,17:14:08,9503,Tea
6/4/2017,17:14:08,9503,Cookies
7/4/2017,8:26:56,9504,Coffee
7/4/2017,8:41:29,9505,Bread
7/4/2017,8:41:29,9505,Pastry
7/4/2017,8:47:29,9506,Coffee
7/4/2017,8:47:29,9506,Coffee
7/4/2017,8:47:29,9506,Medialuna
7/4/2017,8:47:29,9506,Cookies
7/4/2017,8:47:29,9506,Tiffin
7/4/2017,8:47:29,9506,Toast
7/4/2017,8:57:19,9507,Coffee
7/4/2017,8:57:19,9507,Tea
7/4/2017,9:07:38,9508,Coffee
7/4/2017,9:08:09,9509,Coffee
7/4/2017,9:08:09,9509,Medialuna
7/4/2017,9:14:59,9510,Coffee
7/4/2017,9:14:59,9510,Bread
7/4/2017,9:14:59,9510,Cookies
7/4/2017,9:18:08,9511,Coffee
7/4/2017,9:56:40,9512,Tea
7/4/2017,9:56:40,9512,Cake
7/4/2017,9:56:40,9512,Bread
7/4/2017,10:24:47,9513,Bread
7/4/2017,10:24:47,9513,Bread
7/4/2017,10:24:47,9513,Bread
7/4/2017,10:44:29,9516,Coffee
7/4/2017,10:44:29,9516,Medialuna
7/4/2017,10:44:29,9516,Pastry
7/4/2017,10:44:29,9516,Bread
7/4/2017,10:53:58,9517,Cookies
7/4/2017,10:53:58,9517,Bread
7/4/2017,10:53:58,9517,Bread
7/4/2017,10:58:06,9518,Coffee
7/4/2017,10:58:06,9518,Cookies
7/4/2017,10:58:47,9519,Tea
7/4/2017,10:58:47,9519,Juice
7/4/2017,10:58:47,9519,Muffin
7/4/2017,11:00:26,9520,Bread
7/4/2017,11:00:26,9520,Coffee
7/4/2017,11:01:31,9521,Coffee
7/4/2017,11:13:41,9522,Coffee
7/4/2017,12:05:43,9523,Coffee
7/4/2017,12:05:43,9523,Toast
7/4/2017,12:31:50,9524,Coffee
7/4/2017,12:31:50,9524,Toast
7/4/2017,12:32:48,9525,Coffee
7/4/2017,12:32:48,9525,Toast
7/4/2017,12:40:24,9526,Bread
7/4/2017,12:44:51,9527,Coffee
7/4/2017,12:44:51,9527,Soup
7/4/2017,13:01:51,9528,Coffee
7/4/2017,13:06:01,9529,Coke
7/4/2017,13:06:01,9529,Soup
7/4/2017,13:06:01,9529,Sandwich
7/4/2017,13:06:01,9529,Tea
7/4/2017,13:06:01,9529,Mineral water
7/4/2017,13:06:52,9530,Soup
7/4/2017,13:14:10,9531,Coffee
7/4/2017,13:19:11,9532,Bread
7/4/2017,13:39:11,9533,Baguette
7/4/2017,13:39:11,9533,Bread
7/4/2017,13:39:11,9533,Coffee
7/4/2017,13:39:11,9533,Coffee
7/4/2017,13:45:41,9534,Coke
7/4/2017,13:45:41,9534,Juice
7/4/2017,13:45:41,9534,Truffles
7/4/2017,13:45:41,9534,Salad
7/4/2017,13:45:41,9534,Coffee
7/4/2017,13:45:41,9534,Cake
7/4/2017,13:45:41,9534,Sandwich
7/4/2017,13:45:41,9534,Chicken Stew
7/4/2017,13:45:41,9534,Alfajores
7/4/2017,13:46:25,9535,Tiffin
7/4/2017,13:46:25,9535,Tea
7/4/2017,14:04:11,9536,Truffles
7/4/2017,14:04:11,9536,Chicken Stew
7/4/2017,14:07:23,9537,Coffee
7/4/2017,14:41:23,9538,Coffee
7/4/2017,14:50:02,9539,Sandwich
7/4/2017,14:50:02,9539,Mineral water
7/4/2017,15:01:28,9540,Coffee
7/4/2017,15:12:03,9541,Coffee
7/4/2017,15:23:37,9542,Cookies
7/4/2017,15:26:07,9543,Bread
7/4/2017,15:26:07,9543,Cake
7/4/2017,15:26:07,9543,Tiffin
7/4/2017,15:26:46,9544,Cake
7/4/2017,15:26:46,9544,Muffin
7/4/2017,15:26:46,9544,Alfajores
7/4/2017,15:44:15,9545,Scone
7/4/2017,15:44:15,9545,Tea
7/4/2017,15:56:41,9546,Coffee
7/4/2017,15:56:41,9546,Scone
7/4/2017,16:09:47,9547,Coke
7/4/2017,16:29:52,9548,Coffee
7/4/2017,16:29:52,9548,Coffee
7/4/2017,16:29:52,9548,Alfajores
7/4/2017,16:37:48,9549,Bread
7/4/2017,17:30:07,9550,Chicken Stew
7/4/2017,17:30:07,9550,Sandwich
8/4/2017,8:23:46,9551,Bread
8/4/2017,8:23:46,9551,Pastry
8/4/2017,8:25:07,9552,Farm House
8/4/2017,8:33:09,9553,Bread
8/4/2017,8:54:26,9554,Bread
8/4/2017,8:54:26,9554,Coffee
8/4/2017,8:58:19,9555,Argentina Night
8/4/2017,8:59:00,9556,Argentina Night
8/4/2017,8:59:37,9557,Bread
8/4/2017,9:09:47,9558,Pastry
8/4/2017,9:09:47,9558,Alfajores
8/4/2017,9:10:47,9559,Cake
8/4/2017,9:10:47,9559,Hot chocolate
8/4/2017,9:10:47,9559,Coffee
8/4/2017,9:18:55,9560,Bread
8/4/2017,9:19:34,9561,Bread
8/4/2017,9:19:34,9561,Pastry
8/4/2017,9:19:34,9561,Honey
8/4/2017,9:24:00,9562,Salad
8/4/2017,9:24:00,9562,Extra Salami or Feta
8/4/2017,9:24:00,9562,Coffee
8/4/2017,9:24:00,9562,Bread
8/4/2017,9:24:50,9563,Coffee
8/4/2017,9:24:50,9563,Muffin
8/4/2017,9:24:50,9563,Baguette
8/4/2017,9:25:14,9564,Bread
8/4/2017,9:25:49,9565,Pastry
8/4/2017,9:43:35,9566,Farm House
8/4/2017,9:43:35,9566,Farm House
8/4/2017,9:48:32,9567,Bread
8/4/2017,9:48:32,9567,Baguette
8/4/2017,9:48:32,9567,Scandinavian
8/4/2017,9:55:58,9568,Coffee
8/4/2017,9:55:58,9568,Muffin
8/4/2017,9:55:58,9568,Bread
8/4/2017,10:10:25,9569,Bread
8/4/2017,10:10:25,9569,Bread
8/4/2017,10:13:55,9570,Cake
8/4/2017,10:13:55,9570,Alfajores
8/4/2017,10:13:55,9570,Coffee
8/4/2017,10:21:21,9571,Coffee
8/4/2017,10:21:21,9571,Muffin
8/4/2017,10:23:55,9572,Bread
8/4/2017,10:30:17,9573,Coffee
8/4/2017,10:30:17,9573,Juice
8/4/2017,10:33:51,9574,Coffee
8/4/2017,10:33:51,9574,Spanish Brunch
8/4/2017,10:33:51,9574,The Nomad
8/4/2017,10:33:51,9574,Brownie
8/4/2017,10:33:51,9574,Cookies
8/4/2017,10:35:37,9575,Pastry
8/4/2017,10:35:37,9575,Coffee
8/4/2017,10:36:49,9576,Bread
8/4/2017,10:36:49,9576,Coffee
8/4/2017,10:36:49,9576,Sandwich
8/4/2017,10:36:49,9576,Spanish Brunch
8/4/2017,10:36:49,9576,Bread
8/4/2017,10:39:09,9577,Bread
8/4/2017,10:43:56,9578,Tea
8/4/2017,10:43:56,9578,Granola
8/4/2017,10:43:56,9578,Afternoon with the baker
8/4/2017,10:43:56,9578,Argentina Night
8/4/2017,10:44:44,9579,Afternoon with the baker
8/4/2017,10:44:44,9579,Argentina Night
8/4/2017,10:44:44,9579,Tea
8/4/2017,10:48:43,9580,Truffles
8/4/2017,10:48:43,9580,Coffee
8/4/2017,10:48:43,9580,The Nomad
8/4/2017,10:50:13,9581,Baguette
8/4/2017,10:51:11,9582,Pastry
8/4/2017,11:04:05,9583,Coffee
8/4/2017,11:04:46,9584,Coffee
8/4/2017,11:04:46,9584,Scone
8/4/2017,11:04:46,9584,Alfajores
8/4/2017,11:07:38,9585,Coffee
8/4/2017,11:07:38,9585,Truffles
8/4/2017,11:07:38,9585,Pastry
8/4/2017,11:27:08,9586,Baguette
8/4/2017,11:27:08,9586,Scandinavian
8/4/2017,11:27:08,9586,Cake
8/4/2017,11:27:08,9586,Christmas common
8/4/2017,11:28:11,9587,Coffee
8/4/2017,11:28:11,9587,Tacos/Fajita
8/4/2017,11:28:11,9587,Cake
8/4/2017,11:39:13,9588,Bread
8/4/2017,11:39:13,9588,Coffee
8/4/2017,11:39:13,9588,Cookies
8/4/2017,11:39:13,9588,Scone
8/4/2017,11:51:16,9589,Coffee
8/4/2017,11:54:22,9590,Coffee
8/4/2017,11:54:22,9590,Tea
8/4/2017,11:54:22,9590,Smoothies
8/4/2017,11:54:22,9590,Spanish Brunch
8/4/2017,11:54:22,9590,The Nomad
8/4/2017,12:06:07,9591,Bread
8/4/2017,12:10:49,9592,Coffee
8/4/2017,12:14:40,9593,Brownie
8/4/2017,12:14:40,9593,Muffin
8/4/2017,12:32:00,9594,Bread
8/4/2017,12:32:33,9595,Sandwich
8/4/2017,12:36:05,9596,Coffee
8/4/2017,12:47:36,9597,Bread
8/4/2017,12:49:53,9598,Coffee
8/4/2017,12:49:53,9598,Coke
8/4/2017,12:49:53,9598,Tacos/Fajita
8/4/2017,12:58:25,9599,Sandwich
8/4/2017,12:58:25,9599,Spanish Brunch
8/4/2017,12:58:25,9599,Tea
8/4/2017,12:58:25,9599,Juice
8/4/2017,13:08:16,9600,Coffee
8/4/2017,13:12:32,9601,Bread
8/4/2017,13:12:32,9601,Coffee
8/4/2017,13:12:32,9601,Tea
8/4/2017,13:12:32,9601,Cake
8/4/2017,13:15:34,9602,Truffles
8/4/2017,13:15:34,9602,Tacos/Fajita
8/4/2017,13:15:34,9602,Bread
8/4/2017,13:15:34,9602,Cake
8/4/2017,13:21:07,9603,Cake
8/4/2017,13:32:04,9604,Sandwich
8/4/2017,13:32:04,9604,Juice
8/4/2017,13:32:04,9604,Coffee
8/4/2017,13:50:39,9605,Juice
8/4/2017,13:50:39,9605,Truffles
8/4/2017,13:50:39,9605,Bread
8/4/2017,13:50:39,9605,Alfajores
8/4/2017,13:50:39,9605,Tacos/Fajita
8/4/2017,14:02:22,9606,Bread
8/4/2017,14:06:50,9607,Bread
8/4/2017,14:06:50,9607,Jam
8/4/2017,14:10:12,9608,Coffee
8/4/2017,14:24:42,9609,Coffee
8/4/2017,14:24:42,9609,Coffee
8/4/2017,14:24:42,9609,Brownie
8/4/2017,14:34:11,9610,The Nomad
8/4/2017,14:37:12,9611,Coffee
8/4/2017,14:37:12,9611,Scone
8/4/2017,14:38:01,9612,Tea
8/4/2017,14:38:01,9612,Juice
8/4/2017,14:38:01,9612,Tacos/Fajita
8/4/2017,14:39:01,9613,Tacos/Fajita
8/4/2017,14:39:01,9613,Juice
8/4/2017,14:50:22,9614,Bread
8/4/2017,14:50:22,9614,Tacos/Fajita
8/4/2017,14:58:20,9615,Scandinavian
8/4/2017,15:00:50,9616,Tacos/Fajita
8/4/2017,15:00:50,9616,Tea
8/4/2017,15:00:50,9616,Coffee
8/4/2017,15:00:50,9616,Cake
8/4/2017,15:00:50,9616,Honey
8/4/2017,15:03:00,9617,Bread
8/4/2017,15:03:00,9617,Coffee
8/4/2017,15:03:00,9617,Sandwich
8/4/2017,15:03:00,9617,Sandwich
8/4/2017,15:04:45,9618,Coffee
8/4/2017,15:04:45,9618,Juice
8/4/2017,15:04:45,9618,Cake
8/4/2017,15:04:45,9618,Cake
8/4/2017,15:08:14,9619,Bread
8/4/2017,15:08:14,9619,Scandinavian
8/4/2017,15:35:26,9621,Scandinavian
8/4/2017,15:40:26,9622,Coke
8/4/2017,15:40:26,9622,Truffles
8/4/2017,15:40:26,9622,Brownie
8/4/2017,15:44:07,9623,Coffee
8/4/2017,15:45:26,9624,Eggs
8/4/2017,15:45:26,9624,Cherry me Dried fruit
8/4/2017,16:01:34,9625,Honey
8/4/2017,16:02:06,9626,Scandinavian
8/4/2017,16:05:07,9627,Hot chocolate
8/4/2017,16:05:07,9627,Coffee
8/4/2017,16:05:07,9627,Coffee
8/4/2017,16:05:07,9627,Cake
8/4/2017,16:05:07,9627,Toast
8/4/2017,16:06:48,9628,Alfajores
8/4/2017,16:06:48,9628,Coffee
8/4/2017,16:06:48,9628,Tea
8/4/2017,16:14:28,9629,Juice
8/4/2017,16:14:28,9629,Brownie
8/4/2017,16:16:03,9630,Cake
8/4/2017,16:16:03,9630,Coffee
8/4/2017,16:16:03,9630,Soup
8/4/2017,16:24:15,9631,Cake
8/4/2017,16:25:09,9632,Coffee
8/4/2017,16:25:09,9632,Sandwich
8/4/2017,16:26:08,9633,Bread
8/4/2017,16:26:08,9633,Muffin
8/4/2017,16:30:32,9634,Coffee
8/4/2017,16:30:32,9634,Muffin
8/4/2017,16:30:32,9634,Alfajores
8/4/2017,16:30:32,9634,Coffee
8/4/2017,16:37:48,9635,Coffee
8/4/2017,16:37:48,9635,Salad
8/4/2017,16:37:48,9635,Scandinavian
8/4/2017,16:40:08,9636,Tea
8/4/2017,16:40:08,9636,Juice
8/4/2017,16:40:08,9636,Cake
8/4/2017,21:43:15,9637,Vegan Feast
8/4/2017,22:41:09,9638,Vegan Feast
8/4/2017,22:43:06,9640,Vegan Feast
8/4/2017,22:45:51,9641,Vegan Feast
8/4/2017,22:47:27,9642,Scandinavian
8/4/2017,22:48:52,9643,Vegan Feast
8/4/2017,22:56:43,9646,Vegan Feast
8/4/2017,23:20:54,9648,Vegan Feast
9/4/2017,9:29:57,9649,Hot chocolate
9/4/2017,9:29:57,9649,Coffee
9/4/2017,9:29:57,9649,Cake
9/4/2017,9:29:57,9649,Medialuna
9/4/2017,10:03:08,9650,Coffee
9/4/2017,10:03:08,9650,Pastry
9/4/2017,10:03:08,9650,Bread
9/4/2017,10:08:23,9651,Pastry
9/4/2017,10:08:23,9651,Coffee
9/4/2017,10:36:11,9652,Baguette
9/4/2017,10:39:07,9653,Coffee
9/4/2017,10:39:07,9653,Cake
9/4/2017,10:52:02,9654,Hot chocolate
9/4/2017,10:52:02,9654,Half slice Monster
9/4/2017,10:52:02,9654,My-5 Fruit Shoot
9/4/2017,11:14:28,9655,Tea
9/4/2017,11:17:43,9656,Coffee
9/4/2017,11:17:43,9656,Toast
9/4/2017,11:22:01,9657,Coffee
9/4/2017,11:30:22,9658,Coffee
9/4/2017,11:30:22,9658,Spanish Brunch
9/4/2017,11:30:22,9658,Extra Salami or Feta
9/4/2017,11:31:15,9659,Tea
9/4/2017,11:31:15,9659,Juice
9/4/2017,11:31:15,9659,Cake
9/4/2017,11:34:01,9660,Bread
9/4/2017,11:40:10,9664,Coffee
9/4/2017,11:40:10,9664,Coffee
9/4/2017,11:40:10,9664,Bread
9/4/2017,11:59:57,9665,Coffee
9/4/2017,11:59:57,9665,Juice
9/4/2017,11:59:57,9665,Spanish Brunch
9/4/2017,12:01:07,9666,Coffee
9/4/2017,12:04:13,9667,Bread
9/4/2017,12:04:13,9667,Sandwich
9/4/2017,12:04:13,9667,Sandwich
9/4/2017,12:07:57,9668,Tea
9/4/2017,12:07:57,9668,Bread
9/4/2017,12:15:00,9669,Farm House
9/4/2017,12:22:40,9670,Farm House
9/4/2017,12:28:01,9671,Bread
9/4/2017,12:31:28,9672,Coffee
9/4/2017,12:31:28,9672,Cookies
9/4/2017,12:31:28,9672,Extra Salami or Feta
9/4/2017,12:32:03,9673,Spanish Brunch
9/4/2017,12:32:03,9673,Coffee
9/4/2017,12:32:03,9673,Bread
9/4/2017,13:04:08,9674,Coffee
9/4/2017,13:06:34,9676,Smoothies
9/4/2017,13:06:34,9676,Sandwich
9/4/2017,13:20:23,9677,Tacos/Fajita
9/4/2017,13:20:23,9677,Coke
9/4/2017,13:49:21,9678,Coffee
9/4/2017,13:49:21,9678,Tacos/Fajita
9/4/2017,13:49:21,9678,Toast
9/4/2017,14:08:37,9679,Bread
9/4/2017,14:08:37,9679,Spanish Brunch
9/4/2017,14:24:03,9680,Bread
9/4/2017,14:30:09,9681,Truffles
9/4/2017,14:30:09,9681,Tea
9/4/2017,14:30:09,9681,Spanish Brunch
9/4/2017,14:30:09,9681,Christmas common
9/4/2017,14:32:58,9682,Muffin
9/4/2017,14:32:58,9682,Tacos/Fajita
9/4/2017,14:32:58,9682,Coffee
9/4/2017,14:32:58,9682,Tea
9/4/2017,14:57:06,9683,Coffee
9/4/2017,14:57:06,9683,Pastry
9/4/2017,15:04:24,9684,Smoothies
